angle, time_diff, t, z, eps, Dh, Dv, sigmah, sigmav, sigmas, rice, Nice, g_t, Qabs_t, Qsca_t, g_s, Qabs_s, Qsca_s, CCS, CCS_esti, V_inter, IWC, RHice, Re, v_sed, windshear_s, wind_u, wind_v, wind_w, lat, lon, altitude
0.0, 900.0, 1.0, -0.009976321631173079, 0.061339204406533815, 20.0, 0.014110167174222575, 16.634052069807403, 3.6518596798415026, 3.61987368932746E-4, 1.2898758821185991E-6, 5.9553001992397712E16, 0.5261681678565251, 0.10783953533078584, -0.013025417620858584, 0.676511609445219, -0.48767780420351375, 2.58815544142033, 381.6734993267609, 381.6734993267609, 1.6007386561764352E7, 3.066796050754425E-5, 146.63389800114257, 1.6299040409349428E-5, 2.3098089535078832E-4, 2.717221231917404E-5, 40.769411696220516, 0.6018956595417051, -0.009823432413654356, -49.9868, 150.5256, 10491
0.0, 900.0, 1.0564406686968904, -0.010543821445330646, 0.061339204406533815, 20.0, 0.014110167174222575, 16.7017758040902, 3.6520777505132007, 3.82643014917058E-4, 1.2908294916831583E-6, 5.9421107988668104E16, 0.5263426163288827, 0.10786931601173406, -0.01300722307241009, 0.6699849235358519, -0.004013334849744519, 2.1066402202885146, 383.2503258900254, 383.2503258900254, 1.6073518667827666E7, 3.0541781235804575E-5, 146.63326288839338, 1.633521567454121E-5, 2.3132253809325938E-4, 2.7186562587728726E-5, 40.769305889493005, 0.6017746661145522, -0.009823480611895336, -49.9868, 150.5256, 10491
0.0, 900.0, 1.1160668864767327, -0.011143352407182441, 0.061339204406533815, 20.0, 0.014110167174222575, 16.773024882905762, 3.6523081150958827, 4.0449060336002283E-4, 1.2907437879488557E-6, 5.9432944254871488E16, 0.5263269439301494, 0.10786663970949299, -0.013008858821777367, 0.6790424275094961, -0.749787233063118, 2.852221937639463, 384.9095334590713, 384.9095334590713, 1.6143105833273452E7, 3.0410126521661256E-5, 146.63261497667833, 1.6331964046767352E-5, 2.3129182211205465E-4, 2.720172280487741E-5, 40.769194111226554, 0.6016468443033758, -0.009823529432280433, -49.9868, 150.5257, 10491
0.0, 900.0, 1.1790584478599357, -0.01177672251166964, 0.061339204406533815, 20.0, 0.014110167174222575, 16.847968013364266, 3.652551465827498, 4.276004453766539E-4, 1.2906536526646132E-6, 5.9445396966964048E16, 0.5263104599098388, 0.1078638249839631, -0.013010579034749434, 0.672818986368101, -0.19284211451098102, 2.2950744921910275, 386.6550989020243, 386.6550989020243, 1.6216314847950898E7, 3.027283914041948E-5, 146.6319304965886, 1.6328544758626558E-5, 2.312595200759574E-4, 2.7217738683549885E-5, 40.76907602441411, 0.6015118087753137, -0.009823581010612798, -49.9868, 150.5257, 10491
0.0, 900.0, 1.2456052950898682, -0.012445841814345604, 0.061339204406533815, 20.0, 0.014110167174222575, 16.926780558338745, 3.6528085338267138, 4.520471738975659E-4, 1.290558868796074E-6, 5.94584956608454E16, 0.5262931243846323, 0.10786086505183134, -0.013012387835164549, 0.6632112214838862, 0.3417632937958819, 1.7602560915190397, 388.4911600663189, 388.4911600663189, 1.6293319253181415E7, 3.0129765153809204E-5, 146.63118556885118, 1.6324946625623603E-5, 2.312255411470817E-4, 2.7234658520262917E-5, 40.76895127303132, 0.6013691524567832, -0.009823635502416857, -49.9868, 150.5257, 10491
0.0, 900.0, 1.3159080908771277, -0.013152728193801151, 0.061339204406533815, 20.0, 0.014110167174222575, 17.009644673050854, 3.6530800912654535, 4.7791002876157446E-4, 1.2904592112049184E-6, 5.947227104181788E16, 0.5262748959661483, 0.10785775287602532, -0.013014289499338638, 0.6772250540109859, -0.557260627340125, 2.6590558133564124, 390.4220196095684, 390.4220196095684, 1.6374299502425298E7, 2.9980756282226407E-5, 146.63042164387574, 1.632116723904004E-5, 2.311898318256537E-4, 2.7252533336618653E-5, 40.76881948096335, 0.6012184453069369, -0.009823693072043874, -49.9868, 150.5258, 10491
0.0, 900.0, 1.390178823469881, -0.013899513443239496, 0.061339204406533815, 20.0, 0.014110167174222575, 17.096749434005673, 3.653366953661524, 5.052731627932038E-4, 1.2903544680780056E-6, 5.9486755009112792E16, 0.5262557356787909, 0.10785448183486544, -0.01301628804698654, 0.6615063115895703, 0.41006095174509594, 1.6914983124648975, 392.4521487159809, 392.4521487159809, 1.645944311714824E7, 2.9825667304340745E-5, 146.62959278761923, 1.631719260711058E-5, 2.3115228983107194E-4, 2.727141703364734E-5, 40.76868025087182, 0.6010592330228959, -0.009823753894254564, -49.9868, 150.5258, 10491
0.0, 900.0, 1.4686414458747774, -0.014688449698031535, 0.061339204406533815, 20.0, 0.014110167174222575, 17.188290959476568, 3.6536699822978274, 5.342259703263849E-4, 1.2902443906378593E-6, 5.9501980679141512E16, 0.5262355977585728, 0.10785104415150991, -0.013018388200589412, 0.6701820417802083, -0.015272161360626051, 2.1165831779930313, 394.5861906853107, 394.5861906853107, 1.6548944837341933E7, 2.966436103642451E-5, 146.62874019696557, 1.6313019441427327E-5, 2.3111285327675614E-4, 2.7291366553411993E-5, 40.7685331629972, 0.6008910356711534, -0.009823818152225898, -49.9868, 150.5259, 10491
0.0, 900.0, 1.5515325511559177, -0.015521916236147385, 0.061339204406533815, 20.0, 0.014110167174222575, 17.284472520774006, 3.65399008677497, 5.648634404086673E-4, 1.290128750569873E-6, 5.9517982407336752E16, 0.5262144401554958, 0.10784743268728321, -0.01302059428941188, 0.6738373039447413, -0.26400345140995024, 2.3650533326673324, 396.82896438252544, 396.82896438252544, 1.6643006766203117E7, 2.9496705312172914E-5, 146.62781767100924, 1.6308633148795125E-5, 2.3107141407757958E-4, 2.7312442054782846E-5, 40.7683777738939, 0.6007133462422192, -0.009823886040995707, -49.9868, 150.5259, 10491
0.0, 900.0, 1.6391020858481498, -0.01640242665256572, 0.061339204406533815, 20.0, 0.014110167174222575, 17.385504643578884, 3.654328227704444, 5.972865367572164E-4, 1.2900072821174797E-6, 5.9534795808455592E16, 0.526192213937419, 0.10784363913324369, -0.013022911353991362, 0.6508450900556968, 0.7477009303822074, 1.353074275863296, 399.1854675379206, 399.1854675379206, 1.674183850854039E7, 2.9322578033515673E-5, 146.62686612368435, 1.630402981763364E-5, 2.310279043647368E-4, 2.733470709083354E-5, 40.76821361509408, 0.600525629123807, -0.009823957765171327, -49.9868, 150.5259, 10491
0.0, 900.0, 1.731614103635887, -0.01733263644996321, 0.061339204406533815, 20.0, 0.014110167174222575, 17.491605198682315, 3.654685419549913, 6.316026063800443E-4, 1.2898797401184304E-6, 5.9552457775224088E16, 0.5261688739054355, 0.10783965582258201, -0.013025344038683842, 0.6727549873493146, -0.18232968902658833, 2.282816069540073, 401.6608798893339, 401.6608798893339, 1.6845657302558664E7, 2.914186421113196E-5, 146.62583905625215, 1.6299194244741806E-5, 2.3098221014522234E-4, 2.7358228801102303E-5, 40.768040191696215, 0.6003273184881643, -0.00982403354244009, -49.9868, 150.526, 10491
0.0, 900.0, 1.8293475615700627, -0.018315351046899835, 0.061339204406533815, 20.0, 0.014110167174222575, 17.602999481550604, 3.6550627336245074, 6.679258199074813E-4, 1.2897458415269395E-6, 5.9571006495214688E16, 0.5261443678903484, 0.1078354739042168, -0.013027897706842428, 0.6785393055254032, -0.68809771218152, 2.7882804131472945, 404.26056616042735, 404.26056616042735, 1.6954688144768324E7, 2.895446055873553E-5, 146.62475525245665, 1.6294118869043162E-5, 2.3093424409453082E-4, 2.738307811675323E-5, 40.767856980873766, 0.6001178165881571, -0.009824113601347809, -49.9868, 150.5261, 10491
0.0, 900.0, 1.9325971612241029, -0.019353534249067397, 0.061339204406533815, 20.0, 0.014110167174222575, 17.71992028022665, 3.6554613012524477, 7.063776458361016E-4, 1.2896053166935484E-6, 5.9590481465861216E16, 0.5261186461329791, 0.107831084944223, -0.013030577462360096, 0.6650061372287531, 0.26243847414285504, 1.837425013853478, 406.99007887172473, 406.99007887172473, 1.7069163907880135E7, 2.8760275068113932E-5, 146.6236333243526, 1.6288796649668082E-5, 2.308839237488937E-4, 2.740932997026032E-5, 40.7676634303002, 0.5998964919579546, -0.009824198184522896, -49.9868, 150.5261, 10491
0.0, 900.0, 2.041674237325303, -0.020450317195104265, 0.061339204406533815, 20.0, 0.014110167174222575, 17.842607931187175, 3.655882317103706, 7.470873623367569E-4, 1.2894578874526378E-6, 5.9610923507532728E16, 0.5260916572711887, 0.10782648024138904, -0.013033388567331938, 0.6579872356589195, 0.5398972037940797, 1.5596308315902587, 409.85516098422113, 409.85516098422113, 1.7189325451678235E7, 2.8559226594186068E-5, 146.62242626040114, 1.6283211185362485E-5, 2.3083112353013244E-4, 2.7437063525669254E-5, 40.7674589564847, 0.5996626775116396, -0.009824287548336051, -49.9868, 150.5262, 10491
0.0, 900.0, 2.1569076965411567, -0.02160900780247954, 0.061339204406533815, 20.0, 0.014110167174222575, 17.97131036289939, 3.6563270427108625, 7.901926092642084E-4, 1.2893032445564018E-6, 5.9632374774607072E16, 0.5260633442041571, 0.10782165012226873, -0.013036336871883936, 0.6541094115324896, 0.66037628241087, 1.4387992757756178, 412.8617483789219, 412.8617483789219, 1.7315421727011986E7, 2.8351248941956652E-5, 146.62115230116817, 1.6277353971581657E-5, 2.3077574696334392E-4, 2.7466362414861235E-5, 40.767242943014494, 0.5994156685354493, -0.009824381962602003, -49.9868, 150.5262, 10491
0.0, 900.0, 2.278645009251409, -0.022833100758169602, 0.061339204406533815, 20.0, 0.014110167174222575, 18.106283126959454, 3.6567968101777444, 8.358399847944939E-4, 1.2891410925618072E-6, 5.9654878764506672E16, 0.526033652305235, 0.10781658534302686, -0.013039427957882516, 0.6730253410993138, -0.20147824959854635, 2.3002835437815716, 416.0159721796058, 416.0159721796058, 1.7447709873212665E7, 2.8136290406294406E-5, 146.6198294847874, 1.627121704290965E-5, 2.3071770259762664E-4, 2.749731498887044E-5, 40.767014738698066, 0.5991547205667436, -0.009824481713570957, -49.9868, 150.5263, 10491
0.0, 900.0, 2.4072532572963903, -0.02412628806920715, 0.061339204406533815, 20.0, 0.014110167174222575, 18.247789416848107, 3.657293026089915, 8.841856898649267E-4, 1.2889711275945422E-6, 5.9678480324684168E16, 0.526002525347626, 0.10781127639482925, -0.013042667562565669, 0.6692581012605735, 0.044530129179242754, 2.053886323518457, 419.3241609304264, 419.3241609304264, 1.7586455309422083E7, 2.7914313287800613E-5, 146.61841019510675, 1.6264783091178944E-5, 2.3065685594892126E-4, 2.7530014588458702E-5, 40.76677365560335, 0.5988790471532766, -0.009824587103724346, -49.9868, 150.5264, 10491
0.0, 900.0, 2.543120240860966, -0.025492470203209206, 0.061339204406533815, 20.0, 0.014110167174222575, 18.39610007450445, 3.657817175637546, 9.353962256830487E-4, 1.2887930143550029E-6, 5.9703225657572272E16, 0.5259699012876198, 0.10780571278544986, -0.013046062016275867, 0.6690934460767671, 0.053760798805466796, 2.0442473622757764, 422.7928426446379, 422.7928426446379, 1.7731931820516113E7, 2.7685297870525727E-5, 146.61691203225786, 1.6258042688275745E-5, 2.305931015127867E-4, 2.756455982082628E-5, 40.766518966985736, 0.5985878174866812, -0.009824698451619528, -49.9868, 150.5265, 10491
0.0, 900.0, 2.6866556478317554, -0.02693576787171819, 0.061339204406533815, 20.0, 0.014110167174222575, 18.55149358509495, 3.658370826961721, 9.896491486268812E-4, 1.2886064320053825E-6, 5.9729162323541856E16, 0.5259357206630441, 0.10779988447243267, -0.013049617367337299, 0.6668521921270968, 0.176396493124632, 1.9211830757463348, 426.42874674572045, 426.42874674572045, 1.7884421638515517E7, 2.7449241315249376E-5, 146.61533054470092, 1.625098396345581E-5, 2.3052632570552545E-4, 2.760105486009857E-5, 40.766249905099166, 0.5982801539026297, -0.009824816095033734, -49.9868, 150.5265, 10491
0.0, 900.0, 2.8382922891536566, -0.028460534471641357, 0.061339204406533815, 20.0, 0.014110167174222575, 18.71425606053958, 3.658955635735717, 0.0010471338882794413, 1.2884110437368248E-6, 5.975633924194328E16, 0.5258999210145886, 0.10779378091235811, -0.013053339961615437, 0.6574499664531858, 0.5610314179065784, 1.5360983594338613, 430.23880592743586, 430.23880592743586, 1.804421552059666E7, 2.7206158991535944E-5, 146.61366102965755, 1.62435944688837E-5, 2.3045640935477537E-4, 2.7639609760991354E-5, 40.76596565888407, 0.5979551292406731, -0.009824940390559693, -49.9868, 150.5266, 10491
0.0, 900.0, 2.9984874039107163, -0.030071369232717023, 0.061339204406533815, 20.0, 0.014110167174222575, 18.884681212547125, 3.6595733499933565, 0.0011080526344496562, 1.2882065045276226E-6, 5.97848066903388E16, 0.5258624383007017, 0.10778739130300988, -0.013057236294077887, 0.6737959025028797, -0.25802433479065323, 2.3546821911138514, 434.23015796481513, 434.23015796481513, 1.8211612825044345E7, 2.695608521651114E-5, 146.6118985189334, 1.6235861475577465E-5, 2.3038323048669046E-4, 2.768034078933267E-5, 40.76566537152442, 0.5976117640546499, -0.009825071715063782, -49.9868, 150.5267, 10491
0.0, 900.0, 3.16772403806664, -0.031773131108963126, 0.061339204406533815, 20.0, 0.014110167174222575, 19.06307031610495, 3.6602258152170726, 0.0011726212993829809, 1.287992461286091E-6, 5.981461630206756E16, 0.5258232069175985, 0.10778070458766817, -0.013061313005483521, 0.6542472496791615, 0.6593533051094316, 1.4368095384752049, 438.41014751369926, 438.41014751369926, 1.8386921586724546E7, 2.6699073890825753E-5, 146.61003776394102, 1.622777198111879E-5, 2.3030666438786872E-4, 2.772337077514958E-5, 40.765348137868074, 0.5972490236673171, -0.009825210466846762, -49.9868, 150.5268, 10491
0.0, 900.0, 3.3465125010223344, -0.033570953456352234, 0.061339204406533815, 20.0, 0.014110167174222575, 19.249732164560626, 3.660914979698892, 0.001241070563614063, 1.2877685530114857E-6, 5.9845821062318624E16, 0.5257821597222304, 0.10777370945995794, -0.01306557687869482, 0.6675525400416904, 0.13960899370743415, 1.956034750480911, 442.78632794215747, 442.78632794215747, 1.8570458593894083E7, 2.643519901919087E-5, 146.6080732198773, 1.621931271817088E-5, 2.302265836743309E-4, 2.7768829481461405E-5, 40.76501300170106, 0.5968658150585218, -0.00982535706687277, -49.9868, 150.5269, 10491
0.0, 900.0, 3.535391904382538, -0.03547025954137389, 0.061339204406533815, 20.0, 0.014110167174222575, 19.444983017620785, 3.661642900188124, 0.001313647011668281, 1.2875344109716764E-6, 5.9878475302921888E16, 0.5257392280579698, 0.10776639436921286, -0.013070034834637145, 0.6777658283846142, -0.6020992665609323, 2.6971987964148663, 447.36646324280696, 447.36646324280696, 1.8762549468403324E7, 2.6164555103768713E-5, 146.60599902899992, 1.621047016375731E-5, 2.3014285836709989E-4, 2.781685399561843E-5, 40.764658952868686, 0.5964609835787935, -0.00982551196007003, -49.9868, 150.527, 10491
0.0, 900.0, 3.734931787571461, -0.03747677892770208, 0.061339204406533815, 20.0, 0.014110167174222575, 19.649146543772318, 3.6624117478401494, 0.0013906143687977674, 1.2872896588960384E-6, 5.991263469609948E16, 0.5256943417827216, 0.10775874752630615, -0.013074693927932715, 0.675685205497109, -0.40625138001822386, 2.5007805183211307, 452.15853008069666, 452.15853008069666, 1.8963528751584418E7, 2.5887256901521016E-5, 146.60378719169015, 1.6201227547598165E-5, 2.3005534264186066E-4, 2.7867589144065492E-5, 40.764284924234225, 0.5960333094778716, -0.009825675616706778, -49.9868, 150.5271, 10491
0.0, 900.0, 3.945733835199266, -0.03959656478738444, 0.061339204406533815, 20.0, 0.014110167174222575, 19.862553758798857, 3.663223814481301, 0.00147225484618242, 1.2870339049227097E-6, 5.9948356247452448E16, 0.5256474277839663, 0.10775075665183904, -0.01307956149941629, 0.6674038886764997, 0.150815117743584, 1.9431163355169874, 457.1707200368907, 457.1707200368907, 1.9173739998347197E7, 2.5603441532111856E-5, 146.6014747932727, 1.6191576559402338E-5, 2.299639252978402E-4, 2.792118792784014E-5, 40.763889788466756, 0.5955815042385826, -0.009825848533487174, -49.9868, 150.5273, 10491
0.0, 900.0, 4.168433691357858, -0.041836012206682, 0.061339204406533815, 20.0, 0.014110167174222575, 20.08554296221738, 3.664081519205472, 0.001558870607865013, 1.286766774854459E-6, 5.9985698288486824E16, 0.5255984160713151, 0.10774241001499706, -0.013084644542464413, 0.6521955172401703, 0.7157793393060728, 1.3775260417211364, 462.4114421131425, 462.4114421131425, 1.9393535882225197E7, 2.531326542632098E-5, 146.59903311558818, 1.6181500591924148E-5, 2.2986846164900308E-4, 2.7977811984983808E-5, 40.76347235464771, 0.5951042067042214, -0.009826031236535573, -49.9868, 150.5274, 10491
0.0, 900.0, 4.403702876316743, -0.044201877508078524, 0.061339204406533815, 20.0, 0.014110167174222575, 20.318459673592553, 3.664987415318708, 0.0016507853695588938, 1.286487862826275E-6, 6.0024720469010304E16, 0.5255472307188847, 0.10773369489197077, -0.01308995064110055, 0.6582714946753887, 0.5339079506168487, 1.5587417833342159, 467.8893255679981, 467.8893255679981, 1.9623278314321842E7, 2.501690563324385E-5, 146.5964330521132, 1.6170981897559956E-5, 2.2976879593568578E-4, 2.8037632079257362E-5, 40.76303136468668, 0.5945999789888261, -0.009826224280865223, -49.9868, 150.5275, 10491
0.0, 900.0, 4.652250811398479, -0.04670129867726072, 0.061339204406533815, 20.0, 0.014110167174222575, 20.561656570796078, 3.665944197648694, 0.001748346144784573, 1.2861967560494315E-6, 6.0065483749753952E16, 0.5254937943937685, 0.10772459833879339, -0.013095487498061997, 0.6654009525184811, 0.25358867848297245, 1.8383746082135202, 473.61322315924707, 473.61322315924707, 1.986333857929882E7, 2.4714560946539616E-5, 146.59371051552077, 1.616001150911189E-5, 2.2966481011652717E-4, 2.8100828611740385E-5, 40.76256548953518, 0.5940673021573795, -0.009826428253188317, -49.9868, 150.5277, 10491
0.0, 900.0, 4.914826958139459, -0.049341816961252505, 0.061339204406533815, 20.0, 0.014110167174222575, 20.81549343236295, 3.666954710236695, 0.001851925150515614, 1.285893060916794E-6, 6.0108050395592816E16, 0.525438033140368, 0.10771510800689542, -0.013101262437545266, 0.6788161243721986, -0.7076536124131033, 2.7988984491403652, 479.5922148718062, 479.5922148718062, 2.0114097491723552E7, 2.4406447871253647E-5, 146.5908137427481, 1.614856925261756E-5, 2.2955633999237858E-4, 2.8167592168894757E-5, 40.76207332518777, 0.5935045716640044, -0.009826643774827651, -49.9868, 150.5278, 10491
0.0, 900.0, 5.192223078186354, -0.05213139966176104, 0.061339204406533815, 20.0, 0.014110167174222575, 21.08033708615246, 3.668021954430176, 0.0019619218928145516, 1.285576343315588E-6, 6.015248396975404E16, 0.5253798654133993, 0.10770521027771549, -0.013107283539438602, 0.6764060171224842, -0.4668772799228863, 2.557370341937398, 485.8356122138155, 485.8356122138155, 2.0375945576247424E7, 2.4092803438671962E-5, 146.58775594135557, 1.6136642471174497E-5, 2.294432471080518E-4, 2.8238124095848438E-5, 40.7615533884574, 0.5929100925333004, -0.009826871501130506, -49.9868, 150.528, 10491
0.0, 900.0, 5.485275620742618, -0.05507846425183768, 0.061339204406533815, 20.0, 0.014110167174222575, 21.35656136654849, 3.669149097394976, 0.002078765446658442, 1.2852461890943331E-6, 6.019884932941096E16, 0.5253192131691412, 0.10769489215198569, -0.013113558488450153, 0.6682628281230477, 0.10715963061686934, 1.982547031881898, 492.3529631669301, 492.3529631669301, 2.064928327522105E7, 2.37738823461915E-5, 146.5845280232141, 1.612421632537488E-5, 2.2932538710728566E-4, 2.8312637103265238E-5, 40.76100411251403, 0.5922820742723802, -0.009827112126045123, -49.9868, 150.5281, 10491
0.0, 900.0, 5.794868244764081, -0.0581919038434664, 0.061339204406533815, 20.0, 0.014110167174222575, 21.6445470824291, 3.6703394810665766, 0.0022029169537658004, 1.284902169771823E-6, 6.0247212623065848E16, 0.5252559955592405, 0.10768414017790941, -0.01312009522520731, 0.6711254526360876, -0.059080329328234, 2.1479646069045693, 499.15405787950294, 499.15405787950294, 2.0934521187466353E7, 2.3449956458017136E-5, 146.58112038730036, 1.6111275500792517E-5, 2.2920261082077882E-4, 2.839135591086108E-5, 40.76042384217121, 0.5916186254963116, -0.009827366382852998, -49.9867, 150.5283, 10491
0.0, 900.0, 6.121934483508941, -0.06148111410525619, 0.061339204406533815, 20.0, 0.014110167174222575, 21.944681998099835, 3.671596631560653, 0.0023348723597051728, 1.2845438514003966E-6, 6.0297641290123E16, 0.5251901305469863, 0.10767294072786608, -0.013126901776650768, 0.6775436845705957, -0.5706544457462187, 2.65867895128089, 506.2489351935514, 506.2489351935514, 2.1232080342017546E7, 2.3121313659209802E-5, 146.57752289074813, 1.609780454601744E-5, 2.2907476745021244E-4, 2.847451792452678E-5, 40.75981082890838, 0.5909177482532337, -0.009827635046832895, -49.9867, 150.5285, 10491
0.0, 900.0, 6.467460559476737, -0.06495602170873734, 0.061339204406533815, 20.0, 0.014110167174222575, 22.2573608293187, 3.672924269063746, 0.002475165415573062, 1.2841707947884357E-6, 6.0350204063046896E16, 0.5251215349368303, 0.10766128000509652, -0.013133986250714477, 0.6624217403024332, 0.3867536307300143, 1.7003722718144874, 513.6478900981467, 513.6478900981467, 2.1542392510716274E7, 2.278825657786553E-5, 146.5737248182769, 1.608378788514194E-5, 2.2894170466716647E-4, 2.8562373951617168E-5, 40.75916322561296, 0.5901773320308368, -0.009827918937701631, -49.9867, 150.5287, 10491
0.0, 900.0, 6.832488358224368, -0.06862711439072128, 0.061339204406533815, 20.0, 0.014110167174222575, 22.58298525644451, 3.674326318225504, 0.002624370973168694, 1.2837825557121116E-6, 6.0404970972487576E16, 0.5250501244014875, 0.10764914405004668, -0.013141356831166767, 0.6698789111521187, 0.02386490919148435, 2.062322072401544, 521.3614822031675, 521.3614822031675, 2.1865900563600846E7, 2.2451101188567442E-5, 146.5697148498854, 1.6069209829987622E-5, 2.2880326870891387E-4, 2.865518895885336E-5, 40.75847908102685, 0.5893951474272465, -0.009828218922200782, -49.9867, 150.5289, 10491
0.0, 900.0, 7.218118570026269, -0.07250547272426769, 0.061339204406533815, 20.0, 0.014110167174222575, 22.921963956616768, 3.675806919074572, 0.0027831086057495164, 1.2833786851141503E-6, 6.0462013355737496E16, 0.5249758135061975, 0.1076365187463008, -0.013149021772653202, 0.6695678992681546, 0.04286675548958089, 2.0423394558654535, 529.4005453283067, 529.4005453283067, 2.2203058871069185E7, 2.211017481600716E-5, 146.56545922113455, 1.60540516176166E-5, 2.2865929121925895E-4, 2.875324287344857E-5, 40.75775633388072, 0.588568839467376, -0.009828535916838516, -49.9867, 150.5291, 10491
0.0, 900.0, 7.625514008851994, -0.07660280368925602, 0.061339204406533815, 20.0, 0.014110167174222575, 23.27471265672612, 3.677370438480762, 0.0029520465871074176, 1.2829587196925518E-6, 6.0521403868860704E16, 0.5248985139633671, 0.10762338952606605, -0.013156989577991135, 0.6613250503578827, 0.43172814814050986, 1.6524538434074674, 537.7761983028735, 537.7761983028735, 2.255433375682251E7, 2.176581653946787E-5, 146.56098891013056, 1.6038302962376633E-5, 2.2850963893072804E-4, 2.8856831423949707E-5, 40.75699280669864, 0.5876959205449173, -0.009828870890435793, -49.9867, 150.5294, 10491
0.0, 900.0, 8.055903118669105, -0.08093147618049083, 0.061339204406533815, 20.0, 0.014110167174222575, 23.641654208763843, 3.6790214821866916, 0.003131906271669688, 1.2825222204509685E-6, 6.0583216502807088E16, 0.5248181417155695, 0.10760974257508718, -0.013165268265551477, 0.6708547237969512, -0.034534902577665894, 2.117647647957388, 546.4998570723877, 546.4998570723877, 2.2920204005615942E7, 2.1418372040531924E-5, 146.55624695971116, 1.6021942683318736E-5, 2.283541346554635E-4, 2.8966267036253665E-5, 40.75618619925485, 0.5867737629698744, -0.009829224868650975, -49.9867, 150.5296, 10491
0.0, 900.0, 8.510583677644155, -0.08550455848744692, 0.061339204406533815, 20.0, 0.014110167174222575, 24.023218688949992, 3.680764907432581, 0.003323466916185101, 1.28206870537721E-6, 6.064752660379204E16, 0.5247346045288235, 0.10759556272766044, -0.01317386664503263, 0.6716434960578335, -0.08566539104093426, 2.1676621444481006, 555.5832482083375, 555.5832482083375, 2.3301161429857675E7, 2.106819539781798E-5, 146.55124107564805, 1.6004957001706994E-5, 2.2819262607448062E-4, 2.908187977522491E-5, 40.75533408166288, 0.5857995910989664, -0.00982959893472317, -49.9867, 150.5299, 10491
0.0, 900.0, 8.99092671141123, -0.09033585795908518, 0.061339204406533815, 20.0, 0.014110167174222575, 24.419843521836984, 3.682605836198334, 0.0035275709935164595, 1.2815977174799257E-6, 6.0714410898185456E16, 0.5246478145042666, 0.10758083559342839, -0.013182793025539985, 0.6637581337883317, 0.33549253348356756, 1.7453397847461, 565.0384239178529, 565.0384239178529, 2.369771149911475E7, 2.071564534009818E-5, 146.5459563624132, 1.5987330202684245E-5, 2.2802495700086425E-4, 2.9204018340150223E-5, 40.75443388707635, 0.5847704730258649, -0.00982999423546408, -49.9867, 150.5301, 10491
0.0, 900.0, 9.498380627208013, -0.09543996289943428, 0.061339204406533815, 20.0, 0.014110167174222575, 24.83197363037298, 3.6845496690874233, 0.003745130054010196, 1.281108785928607E-6, 6.0783947522114528E16, 0.5245576809088077, 0.10756554634216228, -0.013192055951245688, 0.6759482860461632, -0.40789919475635333, 2.487516862434586, 574.8777786505851, 574.8777786505851, 2.411037403660554E7, 2.036108399770708E-5, 146.54037708386917, 1.5969046157719044E-5, 2.278509668140728E-4, 2.9333051118141013E-5, 40.75348290398075, 0.5836833118081834, -0.009830411983494014, -49.9867, 150.5304, 10491
0.0, 900.0, 10.034475581345221, -0.10083228685926127, 0.061339204406533815, 20.0, 0.014110167174222575, 25.26006161269187, 3.686602099877407, 0.003977131193133109, 1.2806014358845367E-6, 6.0856216055942768E16, 0.524464111969632, 0.10754968001081291, -0.01320166401341881, 0.6579742214110981, 0.5549298791925231, 1.5234210979063656, 585.1140674008825, 585.1140674008825, 2.453968398679301E7, 2.0004874661724488E-5, 146.53446481483826, 1.595008574355673E-5, 2.2767048079399283E-4, 2.946936729620743E-5, 40.75247826805172, 0.5825348362032794, -0.00983085346150467, -49.9867, 150.5307, 10491
0.0, 900.0, 10.600828093178963, -0.10652911544493622, 0.061339204406533815, 20.0, 0.014110167174222575, 25.704567946178425, 3.6887691307621213, 0.004224644196101289, 1.2800751780112147E-6, 6.0931297563743552E16, 0.5243670129224308, 0.1075332211751336, -0.013211626047409233, 0.6731667064504983, -0.18466712858403292, 2.2616974697840466, 595.7604258045441, 595.7604258045441, 2.4986192258242577E7, 1.964738205146746E-5, 146.5282455958762, 1.5930438280219044E-5, 2.2748335920517367E-4, 2.961337803477395E-5, 40.75141695355729, 0.5813215908881784, -0.00983132002604199, -49.9867, 150.5311, 10491
0.0, 900.0, 11.199145919498765, -0.11254765583893145, 0.061339204406533815, 20.0, 0.014110167174222575, 26.165961219142567, 3.6910570883107345, 0.004488829434557322, 1.2795295507509144E-6, 6.1009274637841256E16, 0.524266293796138, 0.10751615527161107, -0.013221950330835647, 0.6619854447655061, 0.41054078319803305, 1.6651130953118833, 606.8303921311423, 606.8303921311423, 2.545046664598011E7, 1.9288967145125605E-5, 146.52165727258978, 1.591008242631119E-5, 2.2728941998585416E-4, 2.97655177102086E-5, 40.75029576427767, 0.5800399261336859, -0.009831813113347342, -49.9867, 150.5314, 10491
0.0, 900.0, 11.831233204029326, -0.11890608907981348, 0.061339204406533815, 20.0, 0.014110167174222575, 26.644718390229812, 3.6934726401688387, 0.004770946601585995, 1.2789640460677942E-6, 6.109023144844704E16, 0.52416185569249, 0.1074984662746989, -0.013232645987383995, 0.6669434551755636, 0.19271354509212904, 1.8815059978066655, 618.3379312752371, 618.3379312752371, 2.5933092837683443E7, 1.892998905886513E-5, 146.51470204565928, 1.5889004094268086E-5, 2.270885047274505E-4, 2.9926245225819778E-5, 40.749111323916026, 0.5786859869029786, -0.009832334241501768, -49.9867, 150.5318, 10491
0.0, 900.0, 12.498995917573593, -0.12562362540310024, 0.061339204406533815, 20.0, 0.014110167174222575, 27.141325075499346, 3.696022812526651, 0.005072364380105348, 1.2783781842922386E-6, 6.1174253798369992E16, 0.5240536045818447, 0.10748013903740587, -0.013243721568678951, 0.6611533759090454, 0.4450941870958067, 1.6276311231784748, 630.2974608528829, 630.2974608528829, 2.6434675508169908E7, 1.857080149414978E-5, 146.5073592086785, 1.5867187433443372E-5, 2.2688045253907343E-4, 3.0096045397714584E-5, 40.74786006597174, 0.5772557013431996, -0.009832885017912948, -49.9867, 150.5321, 10491
0.0, 900.0, 13.204447605201148, -0.13272056270743327, 0.061339204406533815, 20.0, 0.014110167174222575, 27.65627586292018, 3.6987150083791183, 0.0053945711553338065, 1.2777714711360494E-6, 6.1261429182738288E16, 0.5239414433510444, 0.10746115794656311, -0.013255185865938462, 0.6523668437851077, 0.7200164610250388, 1.3511526075023328, 642.7238795137323, 642.7238795137323, 2.6955839506805934E7, 1.8211751287412567E-5, 146.49958509091647, 1.584461325143605E-5, 2.2666508486007375E-4, 3.0275430416177638E-5, 40.74653822304665, 0.5757447686368269, -0.009833467143142705, -49.9867, 150.5325, 10491
0.0, 900.0, 13.949715457811752, -0.14021834836668018, 0.061339204406533815, 20.0, 0.014110167174222575, 28.190074653871985, 3.7015570266022864, 0.005739186887944794, 1.2771433968613727E-6, 6.1351846853619312E16, 0.5238252716255949, 0.10744150689638833, -0.013267047923331929, 0.6634635643078814, 0.3577775586085847, 1.7117710542508324, 655.632597583872, 655.632597583872, 2.749723114266759E7, 1.7853179033816347E-5, 146.49140017583318, 1.582127073808741E-5, 2.264422577602085E-4, 3.0464941396869728E-5, 40.74514181555253, 0.5741486461776102, -0.009834082416507786, -49.9867, 150.533, 10491
0.0, 900.0, 14.737046726381994, -0.14813964463799523, 0.061339204406533815, 20.0, 0.014110167174222575, 28.743235031092688, 3.7045570818696794, 0.006107976285833595, 1.276493482437167E-6, 6.144559788938304E16, 0.5237049942883244, 0.10742117073235785, -0.01327931616442743, 0.6551858911477176, 0.646391243296822, 1.4214705200053597, 669.0395701603446, 669.0395701603446, 2.8059519572524853E7, 1.7495414345740045E-5, 146.48273645967436, 1.5797138634981538E-5, 2.262117863815072E-4, 3.066515000957026E-5, 40.74366663978624, 0.5724625360337061, -0.009834732743477547, -49.9867, 150.5334, 10491
0.0, 900.0, 15.568815498236312, -0.1565083977298089, 0.061339204406533815, 20.0, 0.014110167174222575, 29.31628065239132, 3.707723825431598, 0.006502863426526853, 1.2758211981802447E-6, 6.154277526860836E16, 0.5235805064072615, 0.10740013270529676, -0.013291999926474132, 0.6545609365193426, 0.6629847179997786, 1.4031214346336447, 682.9613327851857, 682.9613327851857, 2.864339829701069E7, 1.7138777716257562E-5, 146.47356815532484, 1.5772199840660507E-5, 2.2597349495900038E-4, 3.087666020964323E-5, 40.74210825533815, 0.5706813706599165, -0.009835420139479585, -49.9867, 150.5339, 10491
0.0, 900.0, 16.44752985577528, -0.16534991091746057, 0.061339204406533815, 20.0, 0.014110167174222575, 29.909745669342666, 3.7110663667791837, 0.006925948002859734, 1.275126033431001E-6, 6.164347394828888E16, 0.5234517061027941, 0.10737837665112261, -0.013305108142480898, 0.6749530146800053, -0.296978391209668, 2.3612577958111483, 697.4150398347759, 697.4150398347759, 2.9249586770670503E7, 1.678357947928476E-5, 146.46391160169821, 1.574644396337762E-5, 2.25727241433854E-4, 3.110011005723696E-5, 40.74046197179622, 0.5687997978173827, -0.009836146738799772, -49.9867, 150.5344, 10491
0.0, 900.0, 17.375839439247304, -0.17469092187027327, 0.061339204406533815, 20.0, 0.014110167174222575, 30.524175170100634, 3.7145942962137997, 0.007379523380376525, 1.274407498350031E-6, 6.174779094605128E16, 0.5233184948710976, 0.1073558870471392, -0.013318649306383434, 0.6608142592121238, 0.4661689827645608, 1.5962101561500914, 712.4185057694062, 712.4185057694062, 2.9878832131968897E7, 1.6430115933638124E-5, 146.45369443251857, 1.5719849866487728E-5, 2.2547283955807966E-4, 3.133617364875683E-5, 40.73872283470749, 0.5668121646583253, -0.009836914801748255, -49.9867, 150.5349, 10491
0.0, 900.0, 18.35654343636822, -0.18455968433308384, 0.061339204406533815, 20.0, 0.014110167174222575, 31.160125645409593, 3.7183177083406553, 0.007866096685775882, 1.2736650494262326E-6, 6.1855825426056448E16, 0.5231807637526278, 0.10733264668027737, -0.013332632874795303, 0.665618536890882, 0.2690706894429166, 1.791332083448455, 727.9902493982103, 727.9902493982103, 3.053191105976094E7, 1.6078672069177786E-5, 146.44290803167343, 1.5692403367326724E-5, 2.2521012421517796E-4, 3.1585563151072544E-5, 40.7368856107551, 0.5647125009296947, -0.009837726720120158, -49.9867, 150.5355, 10491
0.0, 900.0, 19.392599022880354, -0.19498605463048, 0.061339204406533815, 20.0, 0.014110167174222575, 31.818165476856635, 3.7222472265037223, 0.008388411172584745, 1.2728981763541393E-6, 6.1967678788210088E16, 0.5230384094113829, 0.10730863936594791, -0.01334706762710064, 0.6714979071876152, -0.04512532353719162, 2.1034730727156026, 744.1495413260201, 744.1495413260201, 3.120963176321328E7, 1.5729518426498465E-5, 146.43149848941667, 1.5664085876875907E-5, 2.2493891681137182E-4, 3.184903095206914E-5, 40.73494477210834, 0.5624945012488567, -0.009838585027843752, -49.9867, 150.5361, 10491
0.0, 900.0, 20.487130279502384, -0.20600158307782673, 0.061339204406533815, 20.0, 0.014110167174222575, 32.49887544639203, 3.7263940281767503, 0.008949471132414448, 1.2721063387155476E-6, 6.208345476026496E16, 0.5228913223673018, 0.10728384796587757, -0.01336196285589765, 0.6711666448439139, -0.02009667485790405, 2.076308041079553, 760.9164547612627, 760.9164547612627, 3.1912836112687357E7, 1.5382912571837852E-5, 146.41945365815744, 1.5634883704141784E-5, 2.2465905514491453E-4, 3.212737193595865E-5, 40.73289447989914, 0.560151506400187, -0.009839492407823924, -49.9867, 150.5367, 10491
0.0, 900.0, 21.643437612157808, -0.21763961075057695, 0.061339204406533815, 20.0, 0.014110167174222575, 33.20284926614828, 3.7307698713225994, 0.009552569665828592, 1.2712890179985124E-6, 6.2203259492350784E16, 0.5227393966272058, 0.10725825601637066, -0.013377327385357296, 0.6770179041761437, -0.4617304113428476, 2.515721327663254, 778.3119198777183, 778.3119198777183, 3.2642401919671506E7, 1.5039097199551387E-5, 146.40673768619627, 1.5604781258405945E-5, 2.2437037266749476E-4, 3.242142588503951E-5, 40.73072856677805, 0.557676483601135, -0.009840451702602402, -49.9867, 150.5374, 10491
0.0, 900.0, 22.86500770388742, -0.2299353717979034, 0.061339204406533815, 20.0, 0.014110167174222575, 33.930694127608916, 3.7353871217301045, 0.010201319666469377, 1.2704456782433052E-6, 6.2327201653418904E16, 0.5225825223523715, 0.10723184649609009, -0.01339317030930351, 0.6551902777931241, 0.6555904825447986, 1.3960930962476583, 796.3577819377756, 796.3577819377756, 3.339924537447031E7, 1.4698299863625867E-5, 146.39329091861694, 1.5573759631278786E-5, 2.2407268469561113E-4, 3.2732080013826E-5, 40.72844051849835, 0.555062005681318, -0.009841465923096286, -49.9867, 150.5381, 10491
0.0, 900.0, 24.155524028454376, -0.2429261016829672, 0.061339204406533815, 20.0, 0.014110167174222575, 34.68303126921453, 3.7402587813343238, 0.010899688398559303, 1.2695757648604026E-6, 6.245539252903672E16, 0.5224205856024544, 0.10720460178863424, -0.013409501009868485, 0.660085674225216, 0.5011841738326638, 1.548102240476835, 815.0768634007271, 815.0768634007271, 3.4184323651026495E7, 1.4360734298213024E-5, 146.37909512738642, 1.5541805233018538E-5, 2.2376582704305392E-4, 3.3060271656127875E-5, 40.72602345447489, 0.5523002291168, -0.00984253825907246, -49.9867, 150.5388, 10491
0.0, 900.0, 25.51887795734414, -0.25665115177831893, 0.061339204406533815, 20.0, 0.014110167174222575, 35.460496561543394, 3.7453985175221414, 0.011652036129385304, 1.2686787468536908E-6, 6.2587946119909936E16, 0.5222534761658513, 0.10717650500473119, -0.013426328361920134, 0.6765316711590929, -0.4008153736614743, 2.447611853718389, 834.4930302566115, 834.4930302566115, 3.499863768896229E7, 1.4026598362882637E-5, 146.36408626687393, 1.5508899801004554E-5, 2.234496189826214E-4, 3.3406991092897447E-5, 40.72347010726171, 0.5493828708582584, -0.00984367209140238, -49.9866, 150.5396, 10491
0.0, 900.0, 26.95918049365098, -0.27115211053266103, 0.061339204406533815, 20.0, 0.014110167174222575, 36.26374110926588, 3.750820693420914, 0.012463159312253906, 1.2677540601013697E-6, 6.2724979240448616E16, 0.5220810769715094, 0.10714753820572022, -0.013443661794887221, 0.6762031378800725, -0.3703947811298062, 2.4146054536466943, 854.6312628440825, 854.6312628440825, 3.584323516368082E7, 1.3696076070395074E-5, 146.3482414620845, 1.5475029853876864E-5, 2.231238951960596E-4, 3.377328454913925E-5, 40.72077280088941, 0.5463011838892546, -0.009844871002539168, -49.9866, 150.5404, 10491
0.0, 900.0, 28.4807746682328, -0.2864729318000496, 0.061339204406533815, 20.0, 0.014110167174222575, 37.09343186914305, 3.756540399163024, 0.013338338887922276, 1.26680116544638E-6, 6.286661161662404E16, 0.5219032748808001, 0.1071176842229916, -0.01346151020004456, 0.6780774695072854, -0.5392474166011654, 2.5807733046640653, 875.517731429728, 875.517731429728, 3.671921365616279E7, 1.336933572204874E-5, 146.33149176707693, 1.5440177327472196E-5, 2.2278847445905784E-4, 3.4160257356334965E-5, 40.7179234279995, 0.5430459314467839, -0.009846138790690925, -49.9866, 150.5413, 10491
0.0, 900.0, 30.088248635513313, -0.30266007055592314, 0.061339204406533815, 20.0, 0.014110167174222575, 37.95025228341901, 3.7625734841138945, 0.014283394351734582, 1.2658194894550046E-6, 6.3012965982286744E16, 0.5217199496107287, 0.10708692480211297, -0.013479883037843768, 0.6570279624829136, 0.6089587684388951, 1.4297800883134912, 897.179876846125, 897.179876846125, 3.762772403492648E7, 1.3046532108998497E-5, 146.3138091205178, 1.5404328894055067E-5, 2.2244319058714588E-4, 3.456907729308595E-5, 40.71491342571028, 0.5396073598330404, -0.009847479481967496, -49.9866, 150.5422, 10491
0.0, 900.0, 31.78644950841998, -0.3197626266685687, 0.061339204406533815, 20.0, 0.014110167174222575, 38.834902928041096, 3.7689365900451572, 0.015304744317638262, 1.2648084852889838E-6, 6.3164168173030928E16, 0.5215309850602042, 0.1070552425099233, -0.013498789194548957, 0.6657110467578102, 0.29019597588764645, 1.7456503377314818, 919.6464965066577, 919.6464965066577, 3.856997406348923E7, 1.272780480623463E-5, 146.2951191073275, 1.536746674446822E-5, 2.2208786222311999E-4, 3.500097811828358E-5, 40.711733750145704, 0.5359751697455772, -0.009848897346350605, -49.9866, 150.5431, 10491
0.0, 900.0, 33.580497974175145, -0.33783249698172857, 0.061339204406533815, 20.0, 0.014110167174222575, 39.74810217523138, 3.775647185228268, 0.016409474409651383, 1.2637675708640106E-6, 6.332034720365464E16, 0.5213362577275957, 0.10702261879683041, -0.01351823813628332, 0.6731866709819556, -0.11918932556239417, 2.1520341486124313, 942.9478361366594, 942.9478361366594, 3.954723224757149E7, 1.2413280515143338E-5, 146.2753878777658, 1.5329577767570754E-5, 2.2172232274680074E-4, 3.5457263302388826E-5, 40.70837484955391, 0.5321384860465495, -0.009850396911773071, -49.9866, 150.5442, 10491
0.0, 900.0, 35.475803735012164, -0.3569245364655561, 0.061339204406533815, 20.0, 0.014110167174222575, 40.690586870023886, 3.7827235994168937, 0.017605413403990418, 1.2626961925025463E-6, 6.348163538777036E16, 0.5211356485741581, 0.10698903599160978, -0.013538238715315329, 0.6767492002980126, -0.3914498196656856, 2.4211807809077697, 967.1156875827672, 967.1156875827672, 4.056083193722126E7, 1.2103071483437998E-5, 146.25453491265299, 1.529064448043265E-5, 2.2134639116848696E-4, 3.5939309968445127E-5, 40.70482663593939, 0.5280858258904515, -0.00985198298216775, -49.9866, 150.5452, 10491
0.0, 900.0, 37.47808182037589, -0.3770967287282957, 0.061339204406533815, 20.0, 0.014110167174222575, 41.66311302047446, 3.790185059678884, 0.01890121871155123, 1.26159376032191E-6, 6.3648168391619376E16, 0.5209290309012424, 0.10695447527649746, -0.013558800373726712, 0.6518408841245555, 0.7536997615999641, 1.272801368852265, 992.1834930853705, 992.1834930853705, 4.161217570000044E7, 1.1797277465332588E-5, 146.2324981455872, 1.5250651234259027E-5, 2.2095988813357605E-4, 3.64485730618013E-5, 40.701078455128304, 0.5238050651247645, -0.00985366065378524, -49.9866, 150.5464, 10491
0.0, 900.0, 39.593369819794674, -0.39841036670717506, 0.061339204406533815, 20.0, 0.014110167174222575, 42.66645650134232, 3.7980517270305683, 0.020306472389943077, 1.2604596978514683E-6, 6.3820085309338576E16, 0.5207162795976223, 0.10691891824248821, -0.013579932212843579, 0.6705471794214038, 0.056347114407967795, 1.9668045888211982, 1018.1864564226909, 1018.1864564226909, 4.270273998236766E7, 1.1495986212686956E-5, 146.2092337601922, 1.5209585995345321E-5, 2.205626532825348E-4, 3.698658974936851E-5, 40.697119055182924, 0.5192834028745308, -0.009855435335292586, -49.9866, 150.5476, 10490
0.0, 900.0, 41.82804608838716, -0.4209302440749961, 0.061339204406533815, 20.0, 0.014110167174222575, 43.7014137711329, 3.8063447338174843, 0.021831789081650354, 1.2592934441681855E-6, 6.399752872993376E16, 0.5204972715184002, 0.10688234695690695, -0.013601642951182463, 0.6520607430623933, 0.7521114217647742, 1.2675676103264097, 1045.1616613592628, 1045.1616613592628, 4.383408007740748E7, 1.1199272037627734E-5, 146.1846289778748, 1.5167429148333903E-5, 2.2015449487717664E-4, 3.7554984071471114E-5, 40.692936553075505, 0.5145073242166416, -0.009857312768135661, -49.9866, 150.5489, 10490
0.0, 900.0, 44.18884897990008, -0.4447248578482775, 0.061339204406533815, 20.0, 0.014110167174222575, 44.76880260248025, 3.8150862217765624, 0.023488937415664043, 1.2580943827654614E-6, 6.4180644791031072E16, 0.5202718720867727, 0.10684474173315638, -0.013623942244517157, 0.6581297148540526, 0.5911267008298178, 1.4249525383196073, 1073.1481978563163, 1073.1481978563163, 4.5007835418093905E7, 1.0907199855549291E-5, 146.1586541208573, 1.512417066783223E-5, 2.1973525447246668E-4, 3.8155471861347945E-5, 40.68851839952911, 0.5094625608466314, -0.00985929904690804, -49.9866, 150.5502, 10490
0.0, 900.0, 46.68289716527154, -0.46986662338367985, 0.061339204406533815, 20.0, 0.014110167174222575, 45.86946282593249, 3.8242993807051353, 0.02529097669229635, 1.2568619687429232E-6, 6.436958322041348E16, 0.5200399591500204, 0.10680608511976748, -0.013646838315182486, 0.6735107976751625, -0.11687391499597091, 2.1292225133630587, 1102.1872965267642, 1102.1872965267642, 4.622573521633249E7, 1.0619822286778498E-5, 146.1312101262782, 1.5079795008593131E-5, 2.1930476200103253E-4, 3.8789865933748586E-5, 40.68385134192704, 0.5041340496361033, -0.009861400645268697, -49.9865, 150.5516, 10490
0.0, 900.0, 49.31771109798763, -0.49643210191621273, 0.061339204406533815, 20.0, 0.014110167174222575, 47.00425708728567, 3.8340084876521687, 0.027252410861294082, 1.255595601780303E-6, 6.4564497363305536E16, 0.5198013990715198, 0.10676635791730872, -0.01367034031135328, 0.6759252320482076, -0.2916114968688393, 2.300094655101726, 1132.3224718430652, 1132.3224718430652, 4.748960446909815E7, 1.0337182754693953E-5, 146.1022370568631, 1.5034290576617378E-5, 2.1886285520654524E-4, 3.9460081578460883E-5, 40.67892138518834, 0.49850588897367976, -0.00986362443848561, -49.9865, 150.5531, 10490
0.0, 900.0, 52.101235690958106, -0.5245022419961273, 0.061339204406533815, 20.0, 0.014110167174222575, 48.174071618689325, 3.844238946536703, 0.029389362097791995, 1.2542947205170542E-6, 6.476554419316468E16, 0.5195560644447476, 0.10672554213922351, -0.01369445654896996, 0.6698169375880358, 0.12064705104647726, 1.8838319789549178, 1163.5996746321287, 1163.5996746321287, 4.8801370354071476E7, 1.0059313621466057E-5, 146.07160514980097, 1.4987639174477176E-5, 2.1840934912328302E-4, 4.016814235736146E-5, 40.67371375050044, 0.4925612927781131, -0.009865977732153437, -49.9865, 150.5547, 10490
0.0, 900.0, 55.04186427329007, -0.5541626352039084, 0.061339204406533815, 20.0, 0.014110167174222575, 49.3798170238203, 3.8550173280878544, 0.03171976666564412, 1.2529587058676973E-6, 6.4972884303517624E16, 0.5193038158299939, 0.10668361797926741, -0.013719196301041195, 0.6645372930380458, 0.3752682906063464, 1.6250638048449935, 1196.0674544175704, 1196.0674544175704, 5.01630690382729E7, 9.78623979065958E-6, 146.03924499022722, 1.4939829276655451E-5, 2.179440786020949E-4, 4.091618623336879E-5, 40.66821283179684, 0.4862825420677437, -0.00986846828926315, -49.9865, 150.5564, 10490
0.0, 900.0, 58.148463899198035, -0.5855037876670526, 0.061339204406533815, 20.0, 0.014110167174222575, 50.622429077490565, 3.8663714099899273, 0.03426359603356283, 1.2515870013773449E-6, 6.5186681878147056E16, 0.5190445244143415, 0.10664056758862704, -0.013744567562527454, 0.6593318206808135, 0.5672664387732361, 1.4287719435690152, 1229.7771321959672, 1229.7771321959672, 5.157685292429886E7, 9.51797781467089E-6, 146.00508199770508, 1.4890851949732886E-5, 2.1746690209137882E-4, 4.170647204873118E-5, 40.6624021498603, 0.4796509339660404, -0.009871104363393182, -49.9865, 150.5582, 10490
0.0, 900.0, 61.430402085365756, -0.6186214079134484, 0.061339204406533815, 20.0, 0.014110167174222575, 51.90286954011916, 3.878330217105305, 0.037043106746175655, 1.250179056677129E-6, 6.540710463668824E16, 0.5187780613321447, 0.10659637330330325, -0.01377057809680067, 0.6807353621664785, -0.7176212822161829, 2.709215180953624, 1264.782984260224, 1264.782984260224, 5.30449983598738E7, 9.254535039234327E-6, 145.9689709812247, 1.4840690574206184E-5, 2.1697764422006223E-4, 4.2541386367020915E-5, 40.65626430392664, 0.47264672801574426, -0.009873894730946986, -49.9865, 150.56, 10490
0.0, 900.0, 64.89757505738264, -0.6536167120750285, 0.061339204406533815, 20.0, 0.014110167174222575, 53.2221269875583, 3.890924061637067, 0.04008312297293179, 1.2487342630676278E-6, 6.5634323752438888E16, 0.5185042854171011, 0.10655101562291662, -0.013797236619927017, 0.6571280009038108, 0.6375012715447473, 1.3494931624145412, 1301.1424377097226, 1301.1424377097226, 5.456991383754577E7, 8.995913191943724E-6, 145.93082618138493, 1.4789335143814732E-5, 2.1647614920388198E-4, 4.342345070583658E-5, 40.649780920659445, 0.46524908967211465, -0.00987684872588739, -49.9865, 150.562, 10490
0.0, 900.0, 68.56043759042794, -0.6905967482027853, 0.061339204406533815, 20.0, 0.014110167174222575, 54.581217656819256, 3.904184583082775, 0.04341135625761271, 1.2472520841501058E-6, 6.5868513738922256E16, 0.5182230678901276, 0.10650447731250627, -0.013824550383687184, 0.6688354305855851, 0.19901657993181746, 1.7832193986993796, 1338.916278313502, 1338.916278313502, 5.6154148712468274E7, 8.742106485114255E-6, 145.89051233458508, 1.47367731377196E-5, 2.159622632522715E-4, 4.435532917809128E-5, 40.64293260035834, 0.45743603083899265, -0.009879976280433222, -49.9865, 150.5641, 10490
0.0, 900.0, 72.43003453418311, -0.7296747402105277, 0.061339204406533815, 20.0, 0.014110167174222575, 55.98118630829512, 3.9181447878208524, 0.047058767673964504, 1.245731948633583E-6, 6.6109852301475224E16, 0.5179342720253319, 0.10645674003913162, -0.013852527151001506, 0.6799244105512763, -0.5969937101620887, 2.5743081036237716, 1378.1688714193472, 1378.1688714193472, 5.780040246732742E7, 8.493104672766738E-6, 145.8479528841918, 1.468299940913414E-5, 2.1543586012231746E-4, 4.5339836569227724E-5, 40.63569886025789, 0.449184347305867, -0.009883287964689852, -49.9864, 150.5663, 10490
0.0, 900.0, 76.51803411703126, -0.7709704535091171, 0.061339204406533815, 20.0, 0.014110167174222575, 57.42310710512449, 3.9328390881616286, 0.051059978306829, 1.2441733671304132E-6, 6.6358520149865752E16, 0.5176377752955479, 0.10640778804116405, -0.01388117304187908, 0.6816594988426484, -0.780413522238453, 2.752639317997526, 1418.968396628236, 1418.968396628236, 5.951153455458821E7, 8.248889652349055E-6, 145.8029559812288, 1.4627998499060641E-5, 2.1489678151115243E-4, 4.6379946869451645E-5, 40.62805807476747, 0.44046955294071655, -0.009886795033071044, -49.9864, 150.5686, 10490
0.0, 900.0, 80.83676312996798, -0.8146105827375721, 0.061339204406533815, 20.0, 0.014110167174222575, 58.90808451038418, 3.9483033406866546, 0.05545373489794889, 1.2425757457470282E-6, 6.6614700767681744E16, 0.5173334338991697, 0.10635760227583488, -0.013910495958039296, 0.6524178695778031, 0.7702493413125806, 1.1967166222671652, 1461.3870969802424, 1461.3870969802424, 6.1290574847351365E7, 8.00944146432979E-6, 145.7554528071323, 1.4571768004070606E-5, 2.1434491003999276E-4, 4.747880229205669E-5, 40.61998741249545, 0.4312658104850784, -0.009890509469424104, -49.9864, 150.5711, 10490
0.0, 900.0, 85.3992440963155, -0.8607291647429908, 0.061339204406533815, 20.0, 0.014110167174222575, 60.437254202839, 3.9645748836925936, 0.060283438473378186, 1.2409386533862013E-6, 6.687858013398344E16, 0.5170211336041974, 0.10630616881721892, -0.013940500669065548, 0.6804845741144533, -0.6214034486850214, 2.5829346712056798, 1505.5015434246288, 1505.5015434246288, 6.314073473122893E7, 7.774733340729807E-6, 145.70525849864592, 1.4514298121401934E-5, 2.1378012441135703E-4, 4.863972280299176E-5, 40.61146276989436, 0.4215458587975722, -0.009894444042761923, -49.9864, 150.5737, 10490
0.0, 900.0, 90.21923453932051, -0.9094680165815437, 0.061339204406533815, 20.0, 0.014110167174222575, 62.011784012013685, 3.981692573550104, 0.06559774497910742, 1.2392615553550977E-6, 6.7150346392480688E16, 0.5167007389959541, 0.10625347049085235, -0.013971193700860071, 0.6698270424157119, 0.1818099249098636, 1.7741076588605698, 1551.392915373646, 1551.392915373646, 6.5065418870770715E7, 7.544735700556042E-6, 145.6522235920607, 1.4455581273115717E-5, 2.1320229473290332E-4, 4.986621618977941E-5, 40.602458701356575, 0.41128093638097063, -0.009898612359016234, -49.9864, 150.5764, 10490
0.0, 900.0, 95.31126846604134, -0.9609772019548081, 0.061339204406533815, 20.0, 0.014110167174222575, 63.632874873386555, 3.9996968197839373, 0.07145124826529142, 1.2375439895001814E-6, 6.7430189463294384E16, 0.5163721270125768, 0.10619949240930643, -0.014002580100722917, 0.6780156658450619, -0.3558812709730636, 2.306002609635152, 1599.147298166534, 1599.147298166534, 6.706823768510444E7, 7.3194161018628644E-6, 145.59621183179087, 1.4395615537269313E-5, 2.1261133068456114E-4, 5.116198870314842E-5, 40.59294834558159, 0.40044070102761964, -0.009903028923675231, -49.9863, 150.5793, 10490
0.0, 900.0, 100.69070019261355, -1.0154155273684904, 0.061339204406533815, 20.0, 0.014110167174222575, 65.30176180453617, 4.0186296186782675, 0.07790525736447443, 1.2357855480049602E-6, 6.7718300592197848E16, 0.5160351835124481, 0.10614422140414718, -0.014034663774395162, 0.6758480367313533, -0.17134205428976323, 2.115481073679538, 1648.855998297568, 1648.855998297568, 6.91530205686E7, 7.0987377149907995E-6, 145.53701303355572, 1.4334393309501711E-5, 2.120071258388275E-4, 5.253095629994903E-5, 40.582903348030534, 0.38899314541160734, -0.009907709206218524, -49.9863, 150.5823, 10490
0.0, 900.0, 106.37375064304275, -1.0729510697303888, 0.061339204406533815, 20.0, 0.014110167174222575, 67.01971490310237, 4.038534585211378, 0.08502868177610837, 1.2339857710219546E-6, 6.8014871832120144E16, 0.5156897828821938, 0.10608764268573387, -0.014067449425347767, 0.6649814750869643, 0.42235951442545405, 1.5156075396948832, 1700.6158772898727, 1700.6158772898727, 7.132382989353727E7, 6.8826632079383095E-6, 145.47449421433322, 1.4271916273362474E-5, 2.1138960741072597E-4, 5.3977256523901806E-5, 40.57229377927331, 0.3769045084489555, -0.009912669708551885, -49.9863, 150.5856, 10490
0.0, 900.0, 112.37755626113236, -1.1337617389969321, 0.061339204406533815, 20.0, 0.014110167174222575, 68.78804036745076, 4.059456983126437, 0.09289904062427314, 1.23214434521931E-6, 6.832009545164276E16, 0.5153358261097846, 0.10602974608781748, -0.014100938934515292, 0.6744065754928027, -0.05067160782093335, 1.9822740715704656, 1754.5297051254092, 1754.5297051254092, 7.358497583295967E7, 6.6711516517603466E-6, 145.4084474307079, 1.4208183645794152E-5, 2.1075871815319996E-4, 5.5505261059899106E-5, 40.561088049028754, 0.36413918224803643, -0.009917928042954936, -49.9863, 150.589, 10490
0.0, 900.0, 118.72022068303308, -1.198035876700061, 0.061339204406533815, 20.0, 0.014110167174222575, 70.60808154095706, 4.081443752950666, 0.10160361396599273, 1.230260911230843E-6, 6.863416326524656E16, 0.5149732038678708, 0.10597052001863051, -0.014135134870922467, 0.6804472239021568, -0.5370885387113645, 2.462130762927924, 1810.7065341713196, 1810.7065341713196, 7.594103204314515E7, 6.464160392893485E-6, 145.33865422283452, 1.4143193504376807E-5, 2.1011438732786093E-4, 5.711958899913974E-5, 40.549252815687495, 0.3506596144609806, -0.009923503010895458, -49.9863, 150.5926, 10490
0.0, 900.0, 125.42086932622585, -1.2659728942617086, 0.061339204406533815, 20.0, 0.014110167174222575, 72.48121998085286, 4.104543537783755, 0.11124075733454113, 1.2283351508455275E-6, 6.8957265880184008E16, 0.5146018132317967, 0.10590995420538461, -0.014170038901458515, 0.659002665627624, 0.6339095201092304, 1.284374064111715, 1869.2620945740173, 1869.2620945740173, 7.839685224643429E7, 6.261646360581005E-6, 145.26492824028534, 1.4076951033282335E-5, 2.0945658488253708E-4, 5.882512085303456E-5, 40.536752891101465, 0.33642620584905814, -0.00992941469193358, -49.9862, 150.5964, 10490
0.0, 900.0, 132.49970705954334, -1.33778395405512, 0.061339204406533815, 20.0, 0.014110167174222575, 74.40887655260029, 4.128806706688385, 0.12192140391418597, 1.2263668555685238E-6, 6.9289591855076552E16, 0.5142215709638626, 0.10584804185537125, -0.014205650553754293, 0.6719076597149345, 0.13228040926148998, 1.779043922357217, 1930.3192121255283, 1930.3192121255283, 8.095758775654466E7, 6.063564870164093E-6, 145.1870496893514, 1.400946294764594E-5, 2.0878530804829915E-4, 6.062701336239693E-5, 40.52355114041502, 0.3213972028687948, -0.009935684539235531, -49.9862, 150.6004, 10490
0.0, 900.0, 139.97807912812604, -1.4136926956959364, 0.061339204406533815, 20.0, 0.014110167174222575, 76.39251255078716, 4.154285375531208, 0.13377078255328695, 1.224355840768062E-6, 6.9631326765687312E16, 0.5138323970333999, 0.10578477696095925, -0.014241968779267769, 0.6766400009744656, -0.15641797038167804, 2.060580489520593, 1994.0082496420487, 1994.0082496420487, 8.362870598998752E7, 5.869869909380591E-6, 145.1047647092053, 1.3940734566284515E-5, 2.0810055207654858E-4, 6.253071514077861E-5, 40.50960837670445, 0.3055285850808809, -0.00994233548079585, -49.9862, 150.6046, 10489
0.0, 900.0, 147.8785355170237, -1.4939360114693132, 0.061339204406533815, 20.0, 0.014110167174222575, 78.43363084756008, 4.18103342514174, 0.14693038424279037, 1.2223019473947276E-6, 6.9982652173809936E16, 0.5134342149619556, 0.10572015435800376, -0.014278991922927045, 0.6668230320874597, 0.39183768859073653, 1.5049588039545152, 2060.467572933071, 2060.467572933071, 8.641601000881301E7, 5.680515371402575E-6, 145.0178278684542, 1.3870775063814106E-5, 2.0740233501802743E-4, 6.454198320163445E-5, 40.494883250185545, 0.28877394718404403, -0.009949392029886525, -49.9862, 150.6091, 10489
0.0, 900.0, 156.22489894752135, -1.5787648751426255, 0.061339204406533815, 20.0, 0.014110167174222575, 80.53377706963802, 4.209106516679608, 0.16156021480905713, 1.2202051134815198E-6, 7.0343744495863768E16, 0.5130269657398251, 0.10565417198046381, -0.014316716439127616, 0.6650815854749136, 0.4678615058795789, 1.4213636665954708, 2129.8440424813753, 2129.8440424813753, 8.932565914166887E7, 5.495455249182341E-6, 144.9260013411669, 1.379959982030561E-5, 2.066907216942769E-4, 6.666690041741389E-5, 40.47933213174078, 0.27108437547299946, -0.009956880405011751, -49.9862, 150.6139, 10489
0.0, 900.0, 165.04233671122358, -1.668445228101005, 0.061339204406533815, 20.0, 0.014110167174222575, 82.69454080497576, 4.238562104127181, 0.17784137764698948, 1.218065384252472E-6, 7.0714773768608024E16, 0.5126106099453636, 0.10558683118469026, -0.014355136724601508, 0.6695155878989387, 0.29440726871861705, 1.5870408542915966, 2202.29353200034, 2202.29353200034, 9.236419073209426E7, 5.3146418480330894E-6, 144.82896783471224, 1.3727220467902444E-5, 2.0596577889632305E-4, 6.891189396195395E-5, 40.462908990509156, 0.25240831851676226, -0.009964828658591197, -49.9861, 150.6188, 10489
0.0, 900.0, 174.35743655850237, -1.7632589265162082, 0.061339204406533815, 20.0, 0.014110167174222575, 84.91755684017495, 4.26945944385497, 0.19597903719337723, 1.2158827739870726E-6, 7.1095902310399408E16, 0.5121851009700438, 0.10551813240761528, -0.014394247608390254, 0.6801427640536264, -0.3841679251066739, 2.2576330024304, 2277.9814750861474, 2277.9814750861474, 9.553854306511302E7, 5.138028914766773E-6, 144.72645914597405, 1.3653655551204244E-5, 2.0522760042213082E-4, 7.128375478770451E-5, 40.44556526527643, 0.23269145185364337, -0.009973266814357205, -49.9861, 150.6241, 10489
0.0, 900.0, 184.19828687013987, -1.8635047567338257, 0.061339204406533815, 20.0, 0.014110167174222575, 87.20450642977018, 4.301859601241049, 0.2162058220299954, 1.2136574889123147E-6, 7.1487283277629088E16, 0.5117504285288265, 0.1054480821873969, -0.014434040362804892, 0.6833124763281183, -0.7020425520690821, 2.567319328915594, 2357.083441239332, 2357.083441239332, 9.885607952557757E7, 4.965569760075877E-6, 144.61816895881083, 1.3578927759360025E-5, 2.0447633423981924E-4, 7.378965819754652E-5, 40.427249729394696, 0.21187653650145055, -0.009982227019362872, -49.9861, 150.6297, 10489
0.0, 900.0, 194.59456135391218, -1.969499522353305, 0.061339204406533815, 20.0, 0.014110167174222575, 89.55711859855074, 4.335825454362763, 0.23878573600723313, 1.211389789194959E-6, 7.1889059117397168E16, 0.5113065919839231, 0.10537668882619809, -0.014474505198394175, 0.6833196255181657, -0.6845486861160363, 2.5414331856875236, 2439.7857425935413, 2439.7857425935413, 1.0232461404437312E8, 4.79721737143986E-6, 144.50375195078777, 1.350305925730659E-5, 2.0371213567851594E-4, 7.643718556736067E-5, 40.40790834895424, 0.18990327107736515, -0.009991743704078338, -49.9861, 150.6356, 10489
0.0, 900.0, 205.57760852150503, -2.081579209874917, 0.061339204406533815, 20.0, 0.014110167174222575, 91.97717147811467, 4.3714216948190066, 0.2640186567084929, 1.2090799905647014E-6, 7.2301359919119056E16, 0.5108536007731327, 0.10530396244655546, -0.014515631245374042, 0.6673907831959683, 0.42519450702806344, 1.4230955832875707, 2526.2860727602147, 2526.2860727602147, 1.059524378915634E8, 4.632925474780807E-6, 144.38286581471934, 1.3426076745499385E-5, 2.0293519151872092E-4, 7.923434728141312E-5, 40.387484133925646, 0.16670813732813228, -0.010001853756547142, -49.9861, 150.6418, 10489
0.0, 900.0, 217.1805462155663, -2.200100240245134, 0.061339204406533815, 20.0, 0.014110167174222575, 94.4664936788921, 4.408714825783684, 0.29224551354448836, 1.2067285500506456E-6, 7.2724301669610448E16, 0.5103914913961394, 0.10522991769650995, -0.014557405043536725, 0.6676808407725855, 0.42605554122575956, 1.4134407642845062, 2616.794179276972, 2616.794179276972, 1.0974834787887621E8, 4.472648561353424E-6, 144.25517007654423, 1.3348014191866391E-5, 2.0214574828224114E-4, 8.218960694593131E-5, 40.36591698198347, 0.14222423887252233, -0.010012596710748915, -49.986, 150.6483, 10489
0.0, 900.0, 229.43836147192874, -2.325440813306952, 0.061339204406533815, 20.0, 0.014110167174222575, 97.02696569892065, 4.447773157435177, 0.32385425282390085, 1.204336077584139E-6, 7.3157984418258256E16, 0.5099203300074441, 0.10515457412133518, -0.01459981036649545, 0.6838861613986041, -0.6740872703042818, 2.5045941566192202, 2711.532571235701, 2711.532571235701, 1.1372167603762531E8, 4.316339941067134E-6, 144.12023905688793, 1.3268903209098461E-5, 2.0134406870488383E-4, 8.531190694596402E-5, 40.343143514718946, 0.11638113296076025, -0.01002401494860391, -49.986, 150.6553, 10489
0.0, 900.0, 242.38801601812324, -2.45800235196941, 0.061339204406533815, 20.0, 0.014110167174222575, 99.66052137070746, 4.488666799952003, 0.359286714514092, 1.201903167069333E-6, 7.3602490361142E16, 0.5094401793890687, 0.10507795084897034, -0.014642831239237111, 0.6718852459435571, 0.2718369150458293, 1.5494890318140402, 2810.737263764424, 2810.737263764424, 1.1788232084227994E8, 4.16395422869686E-6, 143.97766803827022, 1.318877981845494E-5, 2.0053043359452016E-4, 8.861069541477315E-5, 40.31909690594642, 0.08910465506001541, -0.010036153915801595, -49.986, 150.6626, 10488
0.0, 900.0, 256.06855772629865, -2.5982110579736677, 0.061339204406533815, 20.0, 0.014110167174222575, 102.36914934757279, 4.531467654310677, 0.3990465661406384, 1.1994306182239938E-6, 7.4057881855401728E16, 0.5089511428762831, 0.1050000735810699, -0.014686448029225585, 0.6843468521070766, -0.6805447526790687, 2.4925035798939623, 2914.658561145882, 2914.658561145882, 1.2224078005445828E8, 4.01544631106985E-6, 143.82702893770357, 1.3107686717485407E-5, 1.997051920812388E-4, 9.20959546913353E-5, 40.293706701805185, 0.06031673608535382, -0.010049062357180026, -49.986, 150.6703, 10488
0.0, 900.0, 270.5212383566192, -2.7465195871505004, 0.061339204406533815, 20.0, 0.014110167174222575, 105.15489463093995, 4.576249401167168, 0.44370846293907173, 1.1969193572601301E-6, 7.4524199377725952E16, 0.5084533491060191, 0.10492097210008414, -0.01473063888849882, 0.6838774742481203, -0.5853440285328353, 2.3877558440297406, 3023.5618804760165, 3023.5618804760165, 1.2680818526716414E8, 3.870771791909745E-6, 143.6678902627675, 1.3025672950285889E-5, 1.9886874599596438E-4, 9.577823133360625E-5, 40.26689863235717, 0.029935212095735686, -0.010062792566688138, -49.986, 150.6785, 10488
0.0, 900.0, 285.78963794617766, -2.903408856259033, 0.061339204406533815, 20.0, 0.014110167174222575, 108.01986014011801, 4.623087488147489, 0.49392863158525113, 1.1943704919935984E-6, 7.5001459443514848E16, 0.507946963313563, 0.10484068200922096, -0.014775378820577445, 0.6835962049006917, -0.5263529499474056, 2.319045321750212, 3137.7286178978925, 3137.7286178978925, 1.3159633823463762E8, 3.729884967227221E-6, 143.49973006758898, 1.2942785928708704E-5, 1.980215214664186E-4, 9.966866776923235E-5, 40.2385944143833, -0.0021263737120946757, -0.010077400656526032, -49.986, 150.6871, 10488
0.0, 900.0, 301.9197962185021, -3.069389991524471, 0.061339204406533815, 20.0, 0.014110167174222575, 110.96620832622159, 4.672059115914973, 0.5504571073204639, 1.1917851158236803E-6, 7.5489652506013152E16, 0.5074321487318537, 0.10475923856083043, -0.014820643155046082, 0.6796998176351031, -0.13642652881745057, 1.9192349177250303, 3257.457059591675, 3257.457059591675, 1.3661774907927483E8, 3.592741240313056E-6, 143.32204132885263, 1.2859077084807857E-5, 1.9716396116715282E-4, 1.0377903566053766E-4, 40.20871154508171, -0.03595897687613636, -0.010092946843367591, -49.986, 150.6961, 10488
0.0, 900.0, 318.9603514099032, -3.2450064362241147, 0.061339204406533815, 20.0, 0.014110167174222575, 113.99616283198645, 4.723243223420605, 0.6141518925940135, 1.189164558603636E-6, 7.5988740857443072E16, 0.5069091167616429, 0.1046766845610461, -0.01486640317670343, 0.6850744259774934, -0.6468305507228203, 2.41959970189989, 3383.063339859456, 3383.063339859456, 1.418856764737056E8, 3.4592960257824297E-6, 143.13428736105877, 1.2774605060516282E-5, 1.962965838407625E-4, 1.081217710630529E-4, 40.17716308637769, -0.07165826555390797, -0.01010949575765, -49.986, 150.7057, 10488
0.0, 900.0, 336.96268693127325, -3.430836229592243, 0.061339204406533815, 20.0, 0.014110167174222575, 117.11201019937943, 4.7767204727778045, 0.6859953500970862, 1.1865102925794953E-6, 7.6498656556832096E16, 0.5063781087644792, 0.10459306740824563, -0.014912627824356955, 0.666248722762201, 0.5711783761741972, 1.1914065986468554, 3514.8824488155255, 3514.8824488155255, 1.4741416990332314E8, 3.329504653844317E-6, 142.93589994569024, 1.2689432502723924E-5, 1.9541995232924146E-4, 1.127100114592642E-4, 40.1438574395602, -0.10932484256624875, -0.01012711677067857, -49.986, 150.7159, 10487
0.0, 900.0, 355.9810863075752, -3.627494474542493, 0.061339204406533815, 20.0, 0.014110167174222575, 120.31610162706714, 4.832573234233095, 0.7671131953398757, 1.1838239343973468E-6, 7.7019299411747104E16, 0.5058393968981458, 0.10450843915620787, -0.014959283699199313, 0.6819522193991885, -0.25219051307905416, 2.004457718984169, 3653.2692923783006, 3653.2692923783006, 1.5321811412234592E8, 3.2033217806996197E-6, 142.72625608351424, 1.2603623669877323E-5, 1.9453466230057525E-4, 1.1755763474736518E-4, 40.10869810997231, -0.14906447572903536, -0.01014588434342429, -49.986, 150.7265, 10487
0.0, 900.0, 376.07289686222015, -3.8356360121499704, 0.061339204406533815, 20.0, 0.014110167174222575, 123.61085478001156, 4.890885571728684, 0.8587965149533336, 1.1811071862922965E-6, 7.755053504342936E16, 0.5052932727313431, 0.10442285465996753, -0.015006336127197845, 0.6843085296499003, -0.4560173195890828, 2.1978452968658395, 3798.5998074598724, 3798.5998074598724, 1.5931327592486703E8, 3.080702272379471E-6, 142.50471839623407, 1.2517247154107842E-5, 1.9364134497994854E-4, 1.2267930027089918E-4, 40.07158346149232, -0.19098833659894732, -0.010165878396228909, -49.9861, 150.7378, 10487
0.0, 900.0, 397.2987026399005, -4.055958325258189, 0.061339204406533815, 20.0, 0.014110167174222575, 126.99875565370672, 4.951743229571291, 0.9625273089714017, 1.1783619512171925E-6, 7.8092193066786944E16, 0.5047400707908936, 0.10433637519983228, -0.015053747205837575, 0.6687545886694675, 0.5299503560000264, 1.2013302703381763, 3951.272135463018, 3951.272135463018, 1.6571635336131898E8, 2.961600102843095E-6, 142.270590295659, 1.2430374756995597E-5, 1.927406817511361E-4, 1.2809049196305455E-4, 40.0324064605618, -0.23521324774398655, -0.010187184700982817, -49.9861, 150.7497, 10487
0.0, 900.0, 419.72250708930346, -4.2892046917275355, 0.061339204406533815, 20.0, 0.014110167174222575, 130.4823604958731, 5.015233620733078, 1.0800081387033682, 1.1755902113581352E-6, 7.864406541824672E16, 0.5041801446035716, 0.10424906464989174, -0.015101477954918924, 0.6869241681058184, -0.7125897359609141, 2.433228932044353, 4111.707857423787, 4111.707857423787, 1.7244502754035363E8, 2.84596874949476E-6, 142.02313476893428, 1.2343079862775315E-5, 1.9183337496955782E-4, 1.3380756369129243E-4, 39.99105440953518, -0.2818619386507537, -0.010209895292874992, -49.9861, 150.7623, 10487
0.0, 900.0, 443.411926056559, -4.536167614487907, 0.061339204406533815, 20.0, 0.014110167174222575, 134.06429778879752, 5.081445817314966, 1.213196560295509, 1.172794082618454E-6, 7.9205904865507616E16, 0.5036138780647464, 0.1041609911884466, -0.015149487415239152, 0.6843823137976867, -0.35646806761932953, 2.0663866721412982, 4280.353294380343, 4280.353294380343, 1.795180171663116E8, 2.7337620583467107E-6, 141.7616138426803, 1.225544360972802E-5, 1.9092018737060408E-4, 1.398477868716963E-4, 39.94740866915048, -0.3310633103716727, -0.010234108903622217, -49.9862, 150.7756, 10486
0.0, 900.0, 468.4383916713673, -4.79769255771832, 0.061339204406533815, 20.0, 0.014110167174222575, 137.7472702959635, 5.150470543699626, 1.3643451391570576, 1.169975948621851E-6, 7.9777423733680224E16, 0.5030417131433386, 0.10407223151063279, -0.015197730405340296, 0.6560067114087478, 0.8733661255537984, 0.8257689834455862, 4457.6808768057645, 4457.6808768057645, 1.8695513597323376E8, 2.6249321580805406E-6, 141.48520101426982, 1.2167549776778709E-5, 1.9000194036240649E-4, 1.4622940042625913E-4, 39.90134436995054, -0.3829527090163918, -0.01025993141416337, -49.9863, 150.7895, 10486
0.0, 900.0, 494.8773677405951, -5.074682015666277, 0.061339204406533815, 20.0, 0.014110167174222575, 141.5340571771833, 5.22240017291108, 1.536047974494588, 1.1671381875265736E-6, 8.0358292882063552E16, 0.5024640950233428, 0.10398286221367557, -0.015246162259885454, 0.6737857269968623, 0.4051647660670478, 1.2831404356299265, 4644.1905872140715, 4644.1905872140715, 1.9477735322775817E8, 2.5194308625842426E-6, 141.19304144808083, 1.2079482960892428E-5, 1.8907945770906695E-4, 1.5297166314660497E-4, 39.85273011251851, -0.4376722082068163, -0.010287476322212052, -49.9864, 150.8043, 10486
0.0, 900.0, 522.8085772988312, -5.3680999541412175, 0.061339204406533815, 20.0, 0.014110167174222575, 145.42751617714384, 5.29732872668023, 1.7312948216644952, 1.1642833682344253E-6, 8.094814096482912E16, 0.5018815123119399, 0.10389296596538689, -0.015294735509319812, 0.6743906086340986, 0.398487519082627, 1.2789587777918228, 4840.411500376028, 4840.411500376028, 2.0300685832577062E8, 2.417207610735021E-6, 140.88416438972516, 1.1991325665574534E-5, 1.881535849587191E-4, 1.6076530455439296E-4, 39.80142765643273, -0.49537090061591016, -0.010316865226778155, -49.9865, 150.8199, 10486
0.0, 900.0, 552.3162430020471, -5.6789766566912006, 0.061339204406533815, 20.0, 0.014110167174222575, 149.43058589314987, 5.3753518796910855, 1.953534083896232, 1.16141394103058E-6, 8.154655411071792E16, 0.5012944342908858, 0.1038026217498614, -0.015343405183210632, 0.6870811974412796, -0.5224343796874354, 2.1890098647793614, 5046.903665366459, 5046.903665366459, 2.116671397254693E8, 2.3182132149930516E-6, 140.55764733760756, 1.1903166519560965E-5, 1.8722517639601507E-4, 1.7792704803303564E-4, 39.74729159789369, -0.5562051987506971, -0.010348228320499366, -49.9866, 150.8363, 10485
0.0, 900.0, 583.4893410892369, -6.008414029749901, 0.061339204406533815, 20.0, 0.014110167174222575, 153.5462881289356, 5.4565669684514875, 2.2067461615218593, 1.158532832024972E-6, 8.2153077254340864E16, 0.5007034328184424, 0.10371192356969146, -0.015392118757363307, 0.6801061968101872, 0.14147716894644238, 1.5142345433531963, 5264.259017789665, 5264.259017789665, 2.2078302320609856E8, 2.2223957071376156E-6, 140.21242284940107, 1.1815098444867455E-5, 1.8629518809685133E-4, 1.958825874422959E-4, 39.69016903602896, -0.6203391451567843, -0.010381704891904918, -49.9868, 150.8537, 10485
0.0, 900.0, 616.4218696778213, -6.357591396342272, 0.061339204406533815, 20.0, 0.014110167174222575, 157.7777303427681, 5.541073005195423, 2.4955289000558136, 1.1556427546604533E-6, 8.2767210409911632E16, 0.5001090419325566, 0.10362095875160035, -0.015440827880272026, 0.6844588405773421, -0.15655922077753906, 1.8014323078865282, 5493.103865106182, 5493.103865106182, 2.3038077610255325E8, 2.129702922754365E-6, 139.84739976370514, 1.1727210694989714E-5, 1.8536452055732444E-4, 2.1467367582206638E-4, 39.62989922794783, -0.6879447323097021, -0.010417443819865015, -49.9869, 150.872, 10485
0.0, 900.0, 651.2131322018249, -6.72777184498524, 0.061339204406533815, 20.0, 0.014110167174222575, 162.12810819976073, 5.628970697182332, 2.8251971744887694, 1.1527466533824603E-6, 8.338841301153952E16, 0.4995118489968214, 0.10352982189724674, -0.015489480887123167, 0.686143257021191, -0.28554529177239696, 1.9196237662673101, 5734.1005639939, 5734.1005639939, 2.4048817765390417E8, 2.040080594454464E-6, 139.4613745563501, 1.163959367388327E-5, 1.8443411815708812E-4, 2.3434487514650235E-4, 39.56631323268604, -0.7592022324981849, -0.010455604063965658, -49.9872, 150.8913, 10484
0.0, 900.0, 687.9680368474924, -7.120309178944756, 0.061339204406533815, 20.0, 0.014110167174222575, 166.60070824043248, 5.720362471713074, 3.2018989942734253, 1.1498473563052193E-6, 8.4016103920352128E16, 0.4989124235177869, 0.1034386039328084, -0.015538028681029992, 0.690619218628288, -0.8843099747120372, 2.5076560829922308, 5987.949512144183, 5987.949512144183, 2.5113460253932706E8, 1.9534748033689843E-6, 139.0531297305175, 1.1552339162231547E-5, 1.835049109903885E-4, 2.5494375566451424E-4, 39.49923354426483, -0.8343005381369015, -0.010496355130453631, -49.9874, 150.9116, 10484
0.0, 900.0, 726.7974128892517, -7.536655539194166, 0.061339204406533815, 20.0, 0.014110167174222575, 171.1989106802047, 5.815352507133446, 3.632750919541332, 1.1469480056921214E-6, 8.4649662949263072E16, 0.49831140626769577, 0.10334740563458472, -0.015586417539061023, 0.6717072512339921, 0.6073076506057196, 1.0053874512094259, 6255.391425367371, 6255.391425367371, 2.6235111637990755E8, 1.869828458854029E-6, 138.62128226486158, 1.1465538223846042E-5, 1.8257787750163338E-4, 2.780010775226705E-4, 39.428473714178175, -0.9134375130561558, -0.01053987750766925, -49.9877, 150.9331, 10483
0.0, 900.0, 767.818344879891, -7.978369750680602, 0.061339204406533815, 20.0, 0.014110167174222575, 175.92619235785443, 5.914046770045358, 4.125996053836942, 1.144051389537108E-6, 8.5288433606558448E16, 0.49770937110704877, 0.10325631658149276, -0.015634600308488233, 0.6894470268137342, -0.5844999801124663, 2.186642876075128, 6537.208982940166, 6537.208982940166, 2.7417054474451053E8, 1.789084976078877E-6, 138.16442186661206, 1.1379276118991506E-5, 1.8165390566321724E-4, 3.010851795592463E-4, 39.35383796372833, -0.9968203555230462, -0.010586363046201886, -49.988, 150.9557, 10483
0.0, 900.0, 811.1545257026517, -8.447126485611586, 0.061339204406533815, 20.0, 0.014110167174222575, 180.7861298551235, 6.016553058894014, 4.691188434559153, 1.141160594690128E-6, 8.5931722776214656E16, 0.4971069603548228, 0.10316543568084535, -0.015682525506669293, 0.6912541451293739, -0.834607344725478, 2.426314926979339, 6834.229733378775, 6834.229733378775, 2.8662759501790583E8, 1.7111861060164905E-6, 137.68102029690598, 1.129364338183023E-5, 1.8073395860780325E-4, 3.241750281756158E-4, 39.27512078674236, -1.0846659739306057, -0.010636015273535587, -49.9884, 150.9796, 10482
0.0, 900.0, 856.9366295498182, -8.94286511244773, 0.061339204406533815, 20.0, 0.014110167174222575, 185.78239974556422, 6.122981054047872, 5.336183096819438, 1.138278594738789E-6, 8.6578806140160752E16, 0.49650479942768894, 0.10307485818538527, -0.01573014420824094, 0.6853625044631034, -0.025355797480971897, 1.6067621070520628, 7147.328403125569, 7147.328403125569, 2.9975895322708637E8, 1.6360735186334019E-6, 137.2130730674187, 1.120874296198529E-5, 1.7981897475365953E-4, 3.473092885822808E-4, 39.19495824453583, -1.182513989322131, -0.010648396340806434, -49.9889, 151.0048, 10482
0.0, 900.0, 905.3027059524693, -9.458451414223276, 0.061339204406533815, 20.0, 0.014110167174222575, 190.91877424633802, 6.233442374437614, 6.06073100913782, 1.1354085600118465E-6, 8.722892924468416E16, 0.49590356157998355, 0.10298468541704824, -0.015777404922001137, 0.6888762489092738, -0.35163015660466396, 1.9228864758431867, 7477.429604612335, 7477.429604612335, 3.1360339761744136E8, 1.5636883134055926E-6, 136.91207343149765, 1.1124712810976071E-5, 1.789099551152087E-4, 3.708709914128342E-4, 39.12313359496316, -1.3092628196465252, -0.010481167866543274, -49.9894, 151.0313, 10481
0.0, 900.0, 956.398596049531, -9.994148026788075, 0.061339204406533815, 20.0, 0.014110167174222575, 196.1991595995242, 6.348050640771931, 6.891845417253954, 1.1325537730527717E-6, 8.7881307735076E16, 0.4953039506725578, 0.10289502208213902, -0.015824255033465226, 0.688717891020196, -0.2872368159814342, 1.8485113559055484, 7825.510450588738, 7825.510450588738, 3.282019082976917E8, 1.4939706207050539E-6, 136.5925611929632, 1.104158058020747E-5, 1.780079254543247E-4, 3.947942947642648E-4, 39.04737758309803, -1.4428073218380462, -0.010306131473693586, -49.99, 151.0593, 10481
0.0, 900.0, 1010.3783723513336, -10.55014343547586, 0.061339204406533815, 20.0, 0.014110167174222575, 201.62756483595192, 6.466921545302377, 7.84610119945215, 1.129717446190628E-6, 8.8535145869265424E16, 0.4947066629986299, 0.10280597051734666, -0.015870643815594387, 0.6739111113142873, 0.6403430188427998, 0.9111338477839995, 8192.603584627373, 8192.603584627373, 3.43597794339272E8, 1.426858200886336E-6, 136.25324553175872, 1.0959431553112749E-5, 1.77113847979887E-4, 4.1910244170880096E-4, 38.96748504859525, -1.5834942217276833, -0.010122951332308106, -49.9907, 151.0888, 10480
0.0, 900.0, 1067.4048033237184, -11.126538253346624, 0.061339204406533815, 20.0, 0.014110167174222575, 207.20811749440512, 6.590172928067617, 8.942749708837265, 1.126902388136923E-6, 8.9189625482146496E16, 0.4941123165722148, 0.10271762021100428, -0.01591652783282059, 0.6857788045662159, 0.08227575036708834, 1.4596012294331344, 8579.800277056336, 8579.800277056336, 3.5983682361974275E8, 1.3622885522521097E-6, 135.89274846848454, 1.0878339599201055E-5, 1.7622855910347883E-4, 4.4382203248344407E-4, 38.88324161492929, -1.7316863838636096, -0.009931270650941017, -49.9915, 151.1199, 10480
0.0, 900.0, 1127.6498441935817, -11.723329523300507, 0.061339204406533815, 20.0, 0.014110167174222575, 212.945068468925, 6.717924859509712, 10.204159968836514, 1.1241114350173028E-6, 8.9843915256235184E16, 0.4935215413305475, 0.10263006132832228, -0.015961863835758303, 0.6875468115502222, -0.03989436910552565, 1.572382189375164, 8988.253721373192, 8988.253721373192, 3.7696736107439166E8, 1.3001989914770465E-6, 135.50959304717708, 1.0798379842811886E-5, 1.7535290540393361E-4, 4.68983107059201E-4, 38.79442351269903, -1.8877634721159846, -0.00973070793032299, -49.9924, 151.1527, 10479
0.0, 900.0, 1191.2951554558115, -12.340392708566156, 0.061339204406533815, 20.0, 0.014110167174222575, 218.84279738452383, 6.850299729322038, 11.656332715046394, 1.1213474554414906E-6, 9.0497175263335104E16, 0.4929349802178458, 0.1025433848512281, -0.016006608681903525, 0.6645137304856077, 0.8960390722513584, 0.6272824809200542, 9419.182528681127, 9419.182528681127, 3.950405152528865E8, 1.2405247936810251E-6, 135.10210955250082, 1.071962081065289E-5, 1.7448770459868593E-4, 4.946192029379436E-4, 38.70079744387872, -2.052122643725447, -0.009520852332253912, -49.9935, 151.1872, 10479
0.0, 900.0, 1258.5326506451033, -12.97746095977513, 0.061339204406533815, 20.0, 0.014110167174222575, 224.90581861498237, 6.987422341360466, 13.329499009987451, 1.1186127735959443E-6, 9.1148561679334848E16, 0.4923531662922008, 0.10245766447990572, -0.016050728629328034, 0.6845140457537591, 0.2685301513697338, 1.245857497994978, 9873.874434304005, 9873.874434304005, 4.1411029377471E8, 1.1832027846421235E-6, 134.6685619285624, 1.0642121991109465E-5, 1.7363363765615953E-4, 5.207673845485562E-4, 38.60212049695846, -2.225179282309843, -0.009301257977870863, -49.9948, 151.2237, 10478
0.0, 900.0, 1329.5650750243828, -13.634101212511284, 0.061339204406533815, 20.0, 0.014110167174222575, 231.13878808405047, 7.129420014426649, 15.258816906024123, 1.11591014724488E-6, 9.1797231595447376E16, 0.49177673002808947, 0.10237298729123771, -0.016094183480877933, 0.6732323382234118, 0.7411638253233327, 0.7645322862983813, 10353.690232217281, 10353.690232217281, 4.3423376833919275E8, 1.1281684497561775E-6, 134.20700992110875, 1.0565949996334179E-5, 1.7279149292126212E-4, 5.474682402513727E-4, 38.49814012461213, -2.4073677766200916, -0.009071436959321841, -49.9962, 151.2621, 10477
0.0, 900.0, 1404.60661693479, -14.30968647816718, 0.061339204406533815, 20.0, 0.014110167174222575, 237.5465110255773, 7.276422688714684, 17.485181590876994, 1.113241900234762E-6, 9.2442347767124816E16, 0.491206214645805, 0.10228942653361119, -0.016136940570428054, 0.6909556089217556, -0.26563800418013656, 1.7628926225022301, 10860.067954681874, 10860.067954681874, 4.554712500193578E8, 1.0753570779145018E-6, 133.71533053130116, 1.0491157802322136E-5, 1.719619170956969E-4, 5.747658415872E-4, 38.38859419753587, -2.5991423534514264, -0.008830850793412757, -49.9978, 151.3025, 10477
0.0, 900.0, 1483.8835536506665, -15.0033636266651, 0.061339204406533815, 20.0, 0.014110167174222575, 244.13395092028668, 7.428563037700117, 20.05616662544276, 1.1106101901939861E-6, 9.3083083203075008E16, 0.4906421322935421, 0.10220705002446803, -0.0161789703661427, 0.6924023791252197, -0.445425322736374, 1.9344947692837875, 11394.527316552014, 11394.527316552014, 4.7788647565619147E8, 1.0247038873771708E-6, 133.1911964659627, 1.0417792601722021E-5, 1.711454995957017E-4, 6.027076588203537E-4, 38.27321115037795, -2.800977974905919, -0.008578900013262848, -49.9997, 151.3451, 10476
0.0, 900.0, 1567.634933687028, -15.711823451967739, 0.061339204406533815, 20.0, 0.014110167174222575, 250.90654081775156, 7.585976585242945, 23.173352477024764, 1.1080169930112557E-6, 9.371862667007008E16, 0.4900849601515967, 0.10212591966800721, -0.01622024666109792, 0.6930790149547934, -0.5107758926229935, 1.9919213552450885, 11958.677043570207, 11958.677043570207, 5.015469152073345E8, 9.761454044777228E-7, 132.63669948314296, 1.034591640973349E-5, 1.7034279819868296E-4, 6.327540810856628E-4, 38.152304508238196, -3.0164664275587616, -0.008288735198408049, -50.0018, 151.39, 10475
0.0, 900.0, 1656.1132976169292, -16.432725150600596, 0.061339204406533815, 20.0, 0.014110167174222575, 257.8695172323427, 7.74880182767371, 26.83479988321882, 1.105464669698642E-6, 9.4348180884187664E16, 0.48953526206847925, 0.10204610918287396, -0.01626073753511667, 0.6926402136275719, -0.3873831181102007, 1.8608709748102812, 12554.21393710614, 12554.21393710614, 5.265237325222315E8, 9.29617621903273E-7, 132.0502064851731, 1.0275569105147042E-5, 1.6955446402979648E-4, 6.638814083084587E-4, 38.0253572511325, -3.24361094567403, -0.007978214904572789, -50.0042, 151.4373, 10474
0.0, 900.0, 1749.5854395722408, -17.163584383172452, 0.061339204406533815, 20.0, 0.014110167174222575, 265.0294043196254, 7.91718036063368, 31.512769328199976, 1.102955044299778E-6, 9.497098016922768E16, 0.4889934901060401, 0.10196767525317223, -0.01630041999831841, 0.6819280270948036, 0.5563013992277963, 0.9097979517685106, 13182.932620861873, 13182.932620861873, 5.528921941189469E8, 8.850572059387718E-7, 131.42967672088818, 1.0206786216567861E-5, 1.6878098800309353E-4, 6.959273569705315E-4, 37.892059554680074, -3.482391251887231, -0.007650220440623874, -50.0069, 151.487, 10474
0.0, 900.0, 1848.333211724041, -17.90137059840563, 0.061339204406533815, 20.0, 0.014110167174222575, 272.3936247758137, 8.091257010445998, 37.79818981918723, 1.1004899780674225E-6, 9.5586284415767072E16, 0.4884601074198691, 0.10189067549811659, -0.016339270802481293, 0.6921967639321294, -0.21363348631580803, 1.6726154889107956, 13846.730836404806, 13846.730836404806, 5.807318912788175E8, 8.424006812252745E-7, 130.7734781728432, 1.0139604184037885E-5, 1.680228586161903E-4, 7.289574144278274E-4, 37.75218805078742, -3.7332956692781196, -0.007303393979622026, -50.01, 151.5394, 10473
0.0, 900.0, 1952.6543741684168, -18.642413897654357, 0.061339204406533815, 20.0, 0.014110167174222575, 279.96777567589305, 8.271179969804205, 45.39001372757909, 1.0980709751269463E-6, 9.6193384236792224E16, 0.4879355025909943, 0.10181515615819486, -0.016377272621212233, 0.6875369637798535, 0.294142177187675, 1.1579939270971393, 14547.615319782035, 14547.615319782035, 6.101269865116585E8, 8.015860669541705E-7, 130.08002581448144, 1.00740523609604E-5, 1.6728047118369236E-4, 7.630384071842728E-4, 37.60552895690337, -3.9968159300334083, -0.0069361950755657525, -50.0135, 151.5946, 10472
0.0, 900.0, 2062.86349278039, -19.38229475823904, 0.061339204406533815, 20.0, 0.014110167174222575, 287.75911296112366, 8.45710093757711, 54.53358663616993, 1.0956998092227538E-6, 9.6791604993206608E16, 0.48742012498784093, 0.10174117167459115, -0.016414404146622832, 0.6911420152219404, 0.0015753227600460642, 1.4439867044230401, 15287.70849243384, 15287.70849243384, 6.411664941726753E8, 7.625519626828964E-7, 129.34776573514497, 1.001016652217844E-5, 1.6655430010213584E-4, 7.982375015283191E-4, 37.45188218373166, -4.273443961847441, -0.0065468680886421595, -50.0175, 151.6526, 10472
0.0, 900.0, 2179.292887743318, -20.115712971181395, 0.061339204406533815, 20.0, 0.014110167174222575, 295.7755217775252, 8.64917526254432, 65.51296433131573, 1.0933781447166677E-6, 9.7380309707151408E16, 0.4869144026190615, 0.10166877284987992, -0.016450646048542114, 0.6744671291451356, 0.8355479060957297, 0.6037112434144652, 16069.255676826846, 16069.255676826846, 6.739445830861179E8, 7.252376527260453E-7, 128.57520436376527, 9.94797828933592E-6, 1.658447832191482E-4, 8.346209241735614E-4, 37.291066225606485, -4.563668042275987, -0.006133403749693753, -50.022, 151.7137, 10471
0.0, 900.0, 2302.2936356139276, -20.836331375429026, 0.061339204406533815, 20.0, 0.014110167174222575, 304.0256377977421, 8.84756209089408, 78.65482001536984, 1.0911075468686919E-6, 9.7958901554408624E16, 0.4864187439600751, 0.10159800717893677, -0.01648598077160482, 0.6962969049716191, -0.8961140946841867, 2.329340037434371, 16894.632900259065, 16894.632900259065, 7.085609038368652E8, 6.895841839564456E-7, 127.76098229201503, 9.887519030569455E-6, 1.6515234468360212E-4, 8.722523371626107E-4, 37.122923957327245, -4.8679682357544, -0.005693493906389624, -50.027, 151.778, 10470
0.0, 900.0, 2432.2366279445723, -21.536588974601663, 0.061339204406533815, 20.0, 0.014110167174222575, 312.5189861818809, 9.052424517334252, 94.331930913789, 1.0888900104716881E-6, 9.8526825916970752E16, 0.48593365332193744, 0.1015289353213229, -0.016520384305988817, 0.6856837292069825, 0.5086250697003352, 0.918836320283648, 17766.355359890145, 17766.355359890145, 7.451209437937927E8, 6.55532449653434E-7, 126.90384087237548, 9.828826703336147E-6, 1.6447751674346123E-4, 9.111907854510407E-4, 36.947329478561336, -5.186811021084159, -0.005224478361506405, -50.0327, 151.8456, 10469
0.0, 900.0, 2569.513689654834, -22.20747670358615, 0.061339204406533815, 20.0, 0.014110167174222575, 321.26613474192555, 9.263929739687686, 112.9658206337493, 1.0867269947601617E-6, 9.9083571984872288E16, 0.48545951987593916, 0.10146160103157527, -0.0165538411749339, 0.6948817012950279, -0.4238567570514335, 1.845819228027172, 18687.08663202325, 18687.08663202325, 7.837364133470551E8, 6.2302577242121E-7, 126.00276935729315, 9.771928563685975E-6, 1.6382069554404306E-4, 9.514881153553244E-4, 36.76419616641197, -5.520643011160485, -0.004723282573626842, -50.0391, 151.9166, 10469
0.0, 900.0, 2714.5387605247665, -22.838267766326204, 0.061339204406533815, 20.0, 0.014110167174222575, 330.27885351595404, 9.482249216864448, 135.02796679272478, 1.084620763754095E-6, 9.962867390608976E16, 0.4849969109585225, 0.10139607290088695, -0.0165863236510458, 0.6780003734941127, 0.8097207585109842, 0.6070068867806915, 19659.648718013177, 19659.648718013177, 8.245256672334727E8, 5.920094200874772E-7, 125.0570462884986, 9.71687527137711E-6, 1.6318253635531847E-4, 9.931857376226125E-4, 36.57348611838617, -5.869883662414444, -0.004186344850832856, -50.0463, 151.9914, 10468
0.0, 900.0, 2867.749143372412, -23.38383601556774, 0.061339204406533815, 20.0, 0.014110167174222575, 339.55072394244945, 9.707558830125125, 158.0534296988344, 1.0825742801585867E-6, 1.00161711595259776E17, 0.48454655022748794, 0.10133244099213316, -0.016617793544781337, 0.6966493457163015, -0.7867562363360165, 2.1985126473264534, 20686.595662465264, 20686.595662465264, 8.675958220837932E8, 5.624513595339445E-7, 126.70952220115038, 9.663991293072E-6, 1.625640886806091E-4, 0.0010061510689931116, 36.4542261943103, -6.177103771334833, -0.0033983417925960444, -50.0544, 152.0699, 10468
0.0, 900.0, 3029.6068226792854, -23.813068352918247, 0.061339204406533815, 20.0, 0.014110167174222575, 349.0986390657263, 9.940039047571375, 183.6845224463662, 1.080595085839682E-6, 1.00682852973662048E17, 0.48411017519439903, 0.10127093733549497, -0.016648142905348468, 0.689696918658087, 0.34472136824759664, 1.062336895389513, 21771.275921905555, 21771.275921905555, 9.13087312164719E8, 5.342960393597669E-7, 128.82214457511972, 9.613246311477754E-6, 1.6196768272261168E-4, 0.0010149425612291515, 36.33981232806898, -6.490156269200153, -0.0024899418714667497, -50.0634, 152.1527, 10467
0.0, 900.0, 3200.5998576399656, -24.0921000930215, 0.061339204406533815, 20.0, 0.014110167174222575, 358.933223116869, 10.17987509182158, 212.29667460645237, 1.0786922153962557E-6, 1.01191418582165312E17, 0.4836898635686574, 0.10121183970165278, -0.016677242063986228, 0.6904828517601042, 0.29828917096629115, 1.1043552774847523, 22917.026939899857, 22917.026939899857, 9.611401098594E8, 5.074971292421876E-7, 131.08634331965715, 9.564822707336308E-6, 1.613961080603382E-4, 0.0010230533421135514, 36.22033413368437, -6.816449326439054, -0.00147043327644966, -50.0734, 152.2398, 10467
0.0, 900.0, 3381.243853836337, -24.179493370846952, 0.061339204406533815, 20.0, 0.014110167174222575, 369.0622030336471, 10.427257110850881, 243.83977040562394, 1.076875571002008E-6, 1.0168707874217856E17, 0.4832878965702911, 0.1011554521001945, -0.016704949342350228, 0.6880740144102294, 0.4936674470365602, 0.9048588552389344, 24127.327159017394, 24127.327159017394, 1.0119001010491894E9, 4.820120207413337E-7, 133.5172565574231, 9.518947872401794E-6, 1.6085242450007784E-4, 0.0010302559762192037, 36.095707220865876, -7.156213498345085, -3.2293439096864226E-4, -50.0845, 152.3316, 10467
0.0, 900.0, 3572.0835179741102, -24.02456484305911, 0.061339204406533815, 20.0, 0.014110167174222575, 379.4912054146031, 10.682380351995674, 278.05959579440685, 1.0751571091252942E-6, 1.02169618262824832E17, 0.4829070222490347, 0.10110214155866495, -0.01673109303166513, 0.6832001191827346, 0.7220859615792489, 0.6726318659187208, 25405.85010036063, 25405.85010036063, 1.0655213532091248E9, 4.578033950281877E-7, 136.13204364909188, 9.475900477652713E-6, 1.6034037173621435E-4, 0.0010362707319264285, 35.96587425908471, -7.509642675091644, 9.72165077778871E-4, -50.0968, 152.4283, 10467
0.0, 900.0, 3773.6943003697093, -23.565335872313177, 0.061339204406533815, 20.0, 0.014110167174222575, 390.2224870249352, 10.945445339142609, 314.4013581334287, 1.0735537377258443E-6, 1.02638868701535696E17, 0.482551100709672, 0.10105242783360646, -0.016755427642736118, 0.6922585847937397, 0.19150407169768308, 1.1997376004079232, 26756.473321297028, 26756.473321297028, 1.1221664910951974E9, 4.3483657189383686E-7, 138.95001498486485, 9.436073618878664E-6, 1.598651833442554E-4, 0.001040755901772141, 35.83081191916809, -7.876889046717589, 0.0024376621560314622, -50.1104, 152.5301, 10467
0.0, 900.0, 3986.684130140219, -22.726014921853572, 0.061339204406533815, 20.0, 0.014110167174222575, 401.2533562574486, 11.216658053141357, 351.8804259845396, 1.0720861396135044E-6, 1.0309470743217744E17, 0.48222484743835903, 0.10100694669082476, -0.016777652239348087, 0.6794914800547938, 0.8365903959078198, 0.5515355411512104, 28183.28679376639, 28183.28679376639, 1.1820070481305623E9, 4.1308236589898724E-7, 141.99299594512595, 9.39994836931444E-6, 1.5943328626619174E-4, 0.0010432967963459336, 35.690539126952295, -8.258057280728895, 0.004100090498560302, -50.1255, 152.6373, 10468
0.0, 900.0, 4211.695248328613, -21.413897741585703, 0.061339204406533815, 20.0, 0.014110167174222575, 412.5744161910549, 11.496230115498507, 388.91221684471134, 1.0707818162515212E-6, 1.03537056593476864E17, 0.48193451211861565, 0.1009665441086058, -0.016797364573116633, 0.6979881130708431, -0.9833064549512242, 2.3687167796839956, 29690.600279022925, 29690.600279022925, 1.2452237757022214E9, 3.925168088115377E-7, 145.28558744363275, 9.368167363582785E-6, 1.5905320467789262E-4, 0.0010433933829047575, 35.545126823916185, -8.653197211514616, 0.005990389343518912, -50.1422, 152.7501, 10469
0.0, 900.0, 4449.406144491795, -19.51553732742826, 0.061339204406533815, 20.0, 0.014110167174222575, 424.16798557303224, 11.784378975427103, 423.09273215721277, 1.0696760993946863E-6, 1.03965881998111424E17, 0.48168810588418626, 0.10093230750088765, -0.016814046012343487, 0.6969144343609328, -0.5710196515689375, 1.9541676052609254, 31282.949179849544, 31282.949179849544, 1.3120068886028898E9, 3.7312278184468934E-7, 148.8555206373338, 9.341560445151905E-6, 1.5873589688418372E-4, 0.0010404466072675392, 35.39470943301693, -9.062293810197282, 0.008144729926619, -50.1607, 152.8689, 10471
0.0, 900.0, 4700.533602590965, -16.891990303628255, 0.061339204406533815, 20.0, 0.014110167174222575, 436.0074507208828, 12.081328100342366, 450.9220601112291, 1.068815052539381E-6, 1.0438119209242864E17, 0.48149604575841504, 0.10090565566548262, -0.016827017544144257, 0.6930685796870916, 0.1817338683606692, 1.1996777480369838, 32965.09829081583, 32965.09829081583, 1.382556222316816E9, 3.548899951889368E-7, 152.73395359120988, 9.321213817845141E-6, 1.5849563269326684E-4, 0.0010337435416581152, 35.239498213103325, -9.485252369581117, 0.010605553992008953, -50.1812, 152.9939, 10474
0.0, 900.0, 4965.834862353401, -12.902249272120127, 0.061339204406533815, 20.0, 0.014110167174222575, 448.1555191120106, 12.387307169909112, 478.06798687221936, 1.0682573184465216E-6, 1.04783037064853216E17, 0.48137155755383726, 0.10088839646102572, -0.016835410973660828, 0.697180370145037, -0.6239551526237621, 2.0042540133470697, 34741.97850077362, 34741.97850077362, 1.4570785783224456E9, 3.37962390664451E-7, 154.94040484065505, 9.309114905654614E-6, 1.583533483611293E-4, 0.0010214457620083938, 35.15209587198556, -9.681238377132221, 0.015196860554225063, -50.2038, 153.1254, 10478
0.0, 900.0, 5246.109902622958, -7.413165380593477, 0.061339204406533815, 20.0, 0.014110167174222575, 460.42375608320316, 12.702552273760283, 482.0397509107745, 1.0682307216695033E-6, 1.0517153445307216E17, 0.48136561942347394, 0.10088757350171484, -0.016835811060907896, 0.6937935622507322, 0.08345860267685429, 1.296787428985891, 36618.626524915024, 36618.626524915024, 1.535785196454936E9, 3.2231684671297313E-7, 157.19634896149168, 9.310798337462333E-6, 1.583772445604669E-4, 0.0010004049093962043, 35.06376991985446, -9.865982734197182, 0.01974297878008748, -50.2283, 153.2641, 10483
0.0, 900.0, 5542.203853584376, -5.9854893299863345, 0.061339204406533815, 20.0, 0.014110167174222575, 471.855862582459, 13.027306113018758, 304.1853875966959, 1.0688172064967056E-6, 1.05546838093230272E17, 0.48149652640228613, 0.10090572232665575, -0.01682698511556191, 0.6928678475857675, 0.19250274171232298, 1.188913190349961, 24675.60454090198, 24675.60454090198, 1.034894854445429E9, 3.0633355166232337E-7, 166.33260497249245, 9.257500684013934E-6, 1.5855947402593231E-4, 7.452837761515124E-4, 33.98524106075103, -12.777725519457434, 0.00498025068240995, -50.2545, 153.4063, 10485
