angle, time_diff, t, z, sigmah, sigmav, sigmas, rice, Nice, g_t, Qabs_t, Qsca_t, g_s, Qabs_s, Qsca_s, CCS, IWC, RHice, Re, v_sed, windshear_s, wind_u, wind_v, wind_w, lat, lon, altitude
0.0, 900.0, 1.0, -0.009976321631173079, 16.634052069809737, 3.654821260939263, 3.637085254586744E-4, 1.8544737302678938E-6, 6.591361046353998E15, 0.6094410680725203, 0.12428668984784354, -4.968008406515123E-4, 0.6859579450125558, 0.34266276568428383, 1.3819126983927843, 352.9215350355194, 3.0643112614764733E-5, 146.63388157792446, 4.843739839568023E-5, 4.7744322815288556E-4, 2.717221231815966E-5, 40.769411696220516, 0.6018956595417051, -0.009823432413654356, -49.9868, 150.5256, 10491
0.0, 900.0, 1.0, -0.009976321631173079, 16.634052069807403, 3.6518596798415026, 3.61987368932746E-4, 1.8544737302678938E-6, 6.591361046353998E15, 0.6094410680725203, 0.12428668984784354, -4.968008406515123E-4, 0.6859579450125558, 0.34266276568428383, 1.3819126983927843, 381.6734993267609, 2.833472403709502E-5, 146.63389800114257, 4.843734455081273E-5, 4.7744306214219544E-4, 2.717221231917404E-5, 40.769411696220516, 0.6018956595417051, -0.009823432413654356, -49.9868, 150.5256, 10491
0.0, 900.0, 1.0564406686968904, -0.010558213512161494, 16.63405206984207, 3.6520777505132007, 3.826430149444416E-4, 1.8716286915023638E-6, 6.602345332074234E15, 0.6114685755378098, 0.12474514261658687, -7.606971998432022E-5, 0.6893622972856942, -0.05385991849012158, 1.8252301236530022, 383.2503258900254, 2.8218144520388654E-5, 146.63326267586444, 4.979403481778344E-5, 4.8631714267707626E-4, 2.718656258826146E-5, 40.76930588901267, 0.6017746853827801, -0.009823480611895336, -49.9868, 150.5256, 10491
0.0, 900.0, 1.1160668864767327, -0.011172951295796058, 16.634052069880823, 3.6523081150958827, 4.044906033889519E-4, 1.8716490120461929E-6, 6.603660472763499E15, 0.6114709631031175, 0.12474568426016025, -7.557035577451798E-5, 0.6899548333379709, -0.11936084117595698, 1.8907876918095905, 384.9095334590713, 2.8096506174484607E-5, 146.63261453957756, 4.979566245307238E-5, 4.8632770276573476E-4, 2.7201722804611075E-5, 40.76919411023834, 0.6016468839296918, -0.009823529378968982, -49.9868, 150.5257, 10491
0.0, 900.0, 1.1790584478599357, -0.01182238923864127, 16.634052069924152, 3.652551465827498, 4.276004453766539E-4, 1.8716704620662765E-6, 6.605044107440449E15, 0.6114734833404838, 0.1247462560062918, -7.504323288320958E-5, 0.6888473934152548, -0.005077613940913703, 1.776564261196035, 386.6550989020243, 2.7969663698114414E-5, 146.63192982218837, 4.979738060077384E-5, 4.86338849939912E-4, 2.7217738684082483E-5, 40.76907602288888, 0.6015118699113189, -0.009823580900967972, -49.9868, 150.5257, 10491
0.0, 900.0, 1.2456052950898682, -0.012508486299802512, 16.6340520699726, 3.6528085338267138, 4.520471738975659E-4, 1.871693138977405E-6, 6.606499517871711E15, 0.6114761476894228, 0.12474686045094333, -7.448595696397942E-5, 0.6874091338400714, 0.12378822128732213, 1.647761645748235, 388.4911600663189, 2.7837474826582307E-5, 146.63118464369958, 4.9799187834643905E-5, 4.86350606660698E-4, 2.72346585210617E-5, 40.76895127093823, 0.6013692363193668, -0.009823635333244799, -49.9868, 150.5257, 10491
0.0, 900.0, 1.3159080908771277, -0.013233312054026865, 16.63405207002678, 3.6530800912654535, 4.7791002877862896E-4, 1.8717170945231574E-6, 6.608030115757542E15, 0.6114789622225384, 0.12474749897263493, -7.389725595714769E-5, 0.6906733748283307, -0.20542425703256473, 1.9770409117580732, 390.4220196095684, 2.7699802637952613E-5, 146.63042045375468, 4.980110676405237E-5, 4.863630562108143E-4, 2.7252533337417313E-5, 40.768819478269755, 0.6012185531819991, -0.009823692839968909, -49.9868, 150.5258, 10491
0.0, 900.0, 1.390178823469881, -0.013999052947031012, 16.63405207008737, 3.653366953661524, 5.052731628112211E-4, 1.8717423843153667E-6, 6.609639445456977E15, 0.6114819334661226, 0.12474817305291344, -7.327576268580105E-5, 0.6863704851142903, 0.20055616755896902, 1.5711309983582373, 392.4521487159809, 2.7556512882975448E-5, 146.6295913175011, 4.980312340324462E-5, 4.863761711474087E-4, 2.7271417034179698E-5, 40.76868024754316, 0.6010593662692552, -0.009823753595708523, -49.9868, 150.5258, 10491
0.0, 900.0, 1.4686414458747774, -0.014808018892318043, 16.634052070155146, 3.6536699822978274, 5.34225970345419E-4, 1.87176911727725E-6, 6.611331186571279E15, 0.6114850742088728, 0.12474888559419654, -7.261879977986385E-5, 0.6921817298322458, -0.4026340475922398, 2.1743957525087536, 394.5861906853107, 2.7407478891394263E-5, 146.62873843096594, 4.980526493144211E-5, 4.863900644786759E-4, 2.72913665542104E-5, 40.7685331589969, 0.6008911957247136, -0.009823817783437314, -49.9868, 150.5259, 10491
0.0, 900.0, 1.5515325511559177, -0.01566265025360023, 16.634052070230965, 3.65399008677497, 5.648634404287757E-4, 1.8717973409016656E-6, 6.61310915637075E15, 0.6114883900210885, 0.12474963786141399, -7.192519943617637E-5, 0.6892286769566819, -0.04164403420615395, 1.8134844390371292, 396.82896438252544, 2.725257847576905E-5, 146.62781559233864, 4.9807516717959896E-5, 4.864047045465923E-4, 2.731244205558111E-5, 40.76837776918323, 0.6007135346203487, -0.009823885597977849, -49.9868, 150.5259, 10491
0.0, 900.0, 1.6391020858481498, -0.016565525208883304, 16.63405207031579, 3.654328227704444, 5.97286536799703E-4, 1.8718271564942114E-6, 6.614977312050622E15, 0.6114918927940394, 0.12475043255369572, -7.119247131386064E-5, 0.6844902044110565, 0.33002240017602624, 1.441901148727685, 399.1854675379206, 2.7091698903757315E-5, 146.62686371459492, 4.9809905340688604E-5, 4.864202004121649E-4, 2.733470709163166E-5, 40.76821360963202, 0.6005258474299926, -0.009823957243710114, -49.9868, 150.5259, 10491
0.0, 900.0, 1.731614103635887, -0.017519367548250616, 16.634052070410704, 3.654685419549913, 6.316026064249287E-4, 1.8718586700830815E-6, 6.616939752802676E15, 0.6114955949722419, 0.12475127249588837, -7.041800890202066E-5, 0.691082591823212, -0.2509933596059023, 2.023004793265986, 401.6608798893339, 2.692473385808752E-5, 146.62583629798374, 4.981242084555992E-5, 4.864365508451181E-4, 2.7358228802432236E-5, 40.76804018543933, 0.6003275684169203, -0.009824032938080755, -49.9868, 150.526, 10491
0.0, 900.0, 1.8293475615700627, -0.0185270548903581, 16.634052070516923, 3.6550627336245074, 6.679258199311901E-4, 1.8718919434767077E-6, 6.619000721690521E15, 0.6114995038037663, 0.12475215933407767, -6.960029230268505E-5, 0.6847789525885752, 0.31096201431152576, 1.461142218106135, 404.26056616042735, 2.6751587948895623E-5, 146.62475212517796, 4.981507743584979E-5, 4.8645381620229935E-4, 2.7383078117551028E-5, 40.76785697377614, 0.6001180999303402, -0.009824112909381136, -49.9868, 150.5261, 10491
0.0, 900.0, 1.9325971612241029, -0.01959162738775048, 16.634052070635814, 3.6554613012524477, 7.063776458611489E-4, 1.8719271094913223E-6, 6.621164607317913E15, 0.6115036348767271, 0.12475309660675687, -6.873605643356595E-5, 0.6831512239101474, 0.41125276877759526, 1.3609495478755955, 406.99007887172473, 2.657217620609264E-5, 146.62362980709756, 4.981789498899091E-5, 4.864720937559318E-4, 2.7409329971323815E-5, 40.76766342231303, 0.5998968106059093, -0.009824197399970534, -49.9868, 150.5261, 10491
0.0, 900.0, 2.041674237325303, -0.020716296910766756, 16.634052070768906, 3.655882317103706, 7.470873623102961E-4, 1.871964240861081E-6, 6.623435945281415E15, 0.6115079967191357, 0.12475408625085746, -6.782351263760755E-5, 0.6912352973656617, -0.2747932485672271, 2.0470991389777735, 409.85516098422113, 2.6386423581788573E-5, 146.62242233100645, 4.9820860900216716E-5, 4.864913649837852E-4, 2.743706352726413E-5, 40.767458947556335, 0.5996630334653412, -0.009824286665934764, -49.9868, 150.5262, 10491
0.0, 900.0, 2.1569076965411567, -0.021904456747605022, 16.63405207091792, 3.6563270427108625, 7.901926093201167E-4, 1.872003465538275E-6, 6.625819419400786E15, 0.611512604343481, 0.12475513167480946, -6.685951506925358E-5, 0.6893378259383295, -0.05884167938322408, 1.8312569912855523, 412.8617483789219, 2.6194268955484647E-5, 146.6211479362027, 4.982399466597706E-5, 4.865117246436722E-4, 2.746636241565848E-5, 40.767242933090316, 0.5994160639086292, -0.009824380976787204, -49.9868, 150.5262, 10491
0.0, 900.0, 2.278645009251409, -0.02315969186875557, 16.634052071084792, 3.6567968101777444, 8.358399848240258E-4, 1.8720449012802616E-6, 6.628319862722964E15, 0.6115174715621085, 0.12475623601506751, -6.584116825542052E-5, 0.6863765234753435, 0.20003189775712202, 1.5724990133267354, 416.0159721796058, 2.5995664093980197E-5, 146.619802845816, 4.982730574387807E-5, 4.8653323401265684E-4, 2.749731499019884E-5, 40.76701472772, 0.5991551575930858, -0.009824480618459466, -49.9868, 150.5263, 10491
0.0, 900.0, 2.4072532572963903, -0.024485789761123557, 16.634052071271697, 3.657293026089915, 8.841856898961254E-4, 1.8720886724453265E-6, 6.630942258298241E15, 0.6115226129600053, 0.12475740258373928, -6.476541430247562E-5, 0.6915929570715432, -0.3178442873215295, 2.0904973238409736, 419.3241609304264, 2.5790575593153068E-5, 146.6184048832587, 4.983081335572937E-5, 4.865559860048216E-4, 2.7530014589521132E-5, 40.76677364350994, 0.5988795281936028, -0.009824585892735174, -49.9868, 150.5264, 10491
0.0, 900.0, 2.543120240860966, -0.025886751883946464, 16.634052071481076, 3.657817175637546, 9.353962256500891E-4, 1.8721349267450636E-6, 6.633691739730252E15, 0.6115280458621212, 0.12475863531501928, -6.362862114693557E-5, 0.6859418115731767, 0.22927851908666108, 1.5435035830662196, 422.7928426446379, 2.55789837681536E-5, 146.6169062061789, 4.9834510897288814E-5, 4.8658000109585314E-4, 2.7564559821622875E-5, 40.766518953711945, 0.5985883450362013, -0.009824697118896173, -49.9868, 150.5265, 10491
0.0, 900.0, 2.6866556478317554, -0.027366805753546098, 16.634052071715686, 3.658370826961721, 9.89649148661701E-4, 1.872183770021726E-6, 6.636573591504651E15, 0.6115337826721771, 0.12475993702689653, -6.242818551133178E-5, 0.6881198781570683, 0.054136534354632455, 1.7187818709807186, 426.42874674572045, 2.536088649949061E-5, 146.61532417510762, 4.983841612214574E-5, 4.8660536259600713E-4, 2.7601054860894923E-5, 40.76624989057589, 0.598280730598447, -0.009824814633260648, -49.9868, 150.5265, 10491
0.0, 900.0, 2.8382922891536566, -0.028930417743080087, 16.63405207197862, 3.658955635735717, 0.0010471338883162266, 1.8722353651727025E-6, 6.639593249104809E15, 0.6115398424916443, 0.12476131205756619, -6.116010160575613E-5, 0.6855420059925423, 0.26109546740181666, 1.5119669354859833, 430.23880592743586, 2.513629798742513E-5, 146.6136540855849, 4.9842542114699134E-5, 4.866321552910864E-4, 2.763960976125672E-5, 40.765965643038044, 0.5979557578700136, -0.009824938792382347, -49.9868, 150.5266, 10491
0.0, 900.0, 2.9984874039107163, -0.030582306587559303, 16.634052072273363, 3.6595733499933565, 0.0011080526344885175, 1.8722898668394403E-6, 6.642756298926534E15, 0.6115462434479507, 0.12476276452475892, -5.982056624193044E-5, 0.685647763551058, 0.25104431414308725, 1.5221702147540812, 434.23015796481513, 2.490524993823791E-5, 146.61189096763763, 4.984690130708213E-5, 4.8666045969037456E-4, 2.768034078933267E-5, 40.76566535427801, 0.5976124475634985, -0.009825069972704116, -49.9868, 150.5267, 10491
0.0, 900.0, 3.16772403806664, -0.03232745765949176, 16.63405207260384, 3.6602258152170726, 0.0011726212994240357, 1.8723474383129892E-6, 6.646068478007507E15, 0.6115530046796603, 0.12476429877624358, -5.8405563310381936E-5, 0.6851495842863258, 0.28678146832567075, 1.4865937735968866, 438.41014751369926, 2.466779215180858E-5, 146.6100295707942, 4.985150682982932E-5, 4.866903608159762E-4, 2.772337077514958E-5, 40.76534811913884, 0.5972497651694062, -0.009825208572079283, -49.9868, 150.5268, 10491
0.0, 900.0, 3.3465125010223344, -0.034171138052474466, 16.63405207297448, 3.660914979698892, 0.001241070563614063, 1.872408235644308E-6, 6.649535673590959E15, 0.6115601444699129, 0.12476591896632787, -5.691125428733401E-5, 0.6908677615706516, -0.22803913373259418, 2.001584114402213, 442.78632794215747, 2.4423992503822746E-5, 146.608042536342, 4.985636200633215E-5, 4.867219117378343E-4, 2.776882948093124E-5, 40.76501298140149, 0.5968666178450182, -0.009825355010998096, -49.9868, 150.5269, 10491
0.0, 900.0, 3.535391904382538, -0.0361189125209909, 16.634052073390272, 3.661642900188124, 0.001313647011622461, 1.872472473716373E-6, 6.653163922546876E15, 0.611567688004936, 0.12476763081654307, -5.5332354228554426E-5, 0.686871965786752, 0.16237758837672434, 1.6113467601283378, 447.36646324280696, 2.417393930924E-5, 146.6059676285684, 4.9861502578656916E-5, 4.867552807483818E-4, 2.781685399429354E-5, 40.764658930905895, 0.5964618511284723, -0.009825509733526364, -49.9868, 150.527, 10491
0.0, 900.0, 3.734931787571461, -0.03817666033695566, 16.634052073856843, 3.6624117478401494, 0.0013906143687009548, 1.8725403282936456E-6, 6.65695941067772E15, 0.6115756558703997, 0.12476943900528373, -5.366453919773695E-5, 0.6867913454662861, 0.1636417200634877, 1.6102721199765142, 452.15853008069666, 2.39177385510121E-5, 146.603776844696, 4.986693346500846E-5, 4.8679053121150774E-4, 2.7867589141946568E-5, 40.76428490050961, 0.5960342454678988, -0.009825673210122142, -49.9868, 150.5271, 10491
0.0, 900.0, 3.945733835199266, -0.04035059307659867, 16.63405207438055, 3.663223814481301, 0.0014722548460290052, 1.872612002323786E-6, 6.660928471939161E15, 0.6115840718368905, 0.12477134893461048, -5.1902816616017367E-5, 0.6847067201227595, 0.3104684819995353, 1.4636455442849672, 457.1707200368907, 2.365551599072721E-5, 146.6014636447755, 4.9872671002113606E-5, 4.868277688529404E-4, 2.7921187925457404E-5, 40.763889762875586, 0.5955825125559095, -0.009825845936926873, -49.9868, 150.5273, 10491
0.0, 900.0, 4.168433691357858, -0.042647273435229185, 16.63405207496856, 3.664081519205472, 0.0015588706076489149, 1.8726876937212066E-6, 6.665077587609647E15, 0.6115929590759974, 0.1247733658716584, -5.0042317057241714E-5, 0.685244803906033, 0.27972249745161076, 1.494602967285842, 462.4114421131425, 2.338741612522231E-5, 146.59899930917874, 4.987872189530019E-5, 4.868670685946341E-4, 2.797781198154369E-5, 40.763472327078766, 0.5951052914576196, -0.009826028438747919, -49.9868, 150.5274, 10491
0.0, 900.0, 4.403702876316743, -0.04507363510588075, 16.634052075628993, 3.664987415318708, 0.0016507853693305985, 1.8727676615132693E-6, 6.669413385445589E15, 0.6116023479257139, 0.12477549671111426, -4.807666829213797E-5, 0.6864928975587, 0.18583654731465354, 1.5887123369192746, 467.8893255679981, 2.3113603995378523E-5, 146.59642016044967, 4.9885125468533574E-5, 4.869086218073411E-4, 2.8037632074496478E-5, 40.763031335021836, 0.5946011445217896, -0.009826221269967574, -49.9868, 150.5275, 10491
0.0, 900.0, 4.652250811398479, -0.04763700380055115, 16.634052076371, 3.665944197648694, 0.0017483461443022115, 1.8728521117050238E-6, 6.673942638861551E15, 0.6116122624884777, 0.12477774693378463, -4.600080068006829E-5, 0.6909902855153235, -0.2517727823444071, 2.026557648516247, 473.61322315924707, 2.2834261343767193E-5, 146.5936748669489, 4.989187985885566E-5, 4.8695247946885554E-4, 2.810082860539585E-5, 40.762565457648925, 0.5940685530615277, -0.009826425017711514, -49.9868, 150.5277, 10491
0.0, 900.0, 4.914826958139459, -0.050345119431996654, 16.634052077204963, 3.666954710236695, 0.0018519251499423284, 1.8729413128698197E-6, 6.67867226617698E15, 0.6116227342014268, 0.12478012368654867, -4.3808105823064936E-5, 0.6891511549593968, -0.043889815718604355, 1.8189239832384236, 479.5922148718062, 2.2549589632608212E-5, 146.5907770932072, 4.989901594371332E-5, 4.8699880977610174E-4, 2.816759216123267E-5, 40.762073290946546, 0.5935059127932032, -0.009826640301152014, -49.9868, 150.5278, 10491
0.0, 900.0, 5.192223078186354, -0.0532061595974628, 16.63405207814262, 3.668021954430176, 0.001961921892141615, 1.8730355311392947E-6, 6.683609329972671E15, 0.6116337942022023, 0.12478263404993589, -4.149203443863658E-5, 0.6872282043042685, 0.12996514281278937, 1.6453323964727828, 485.83561221381547, 2.225980739435597E-5, 146.58771823344398, 4.990655518218656E-5, 4.8704775148629664E-4, 2.8238124086078357E-5, 40.76155335171927, 0.5929115290190063, -0.00982686777596766, -49.9868, 150.528, 10491
0.0, 900.0, 5.485275620742618, -0.05622876437403976, 16.634052079197264, 3.669149097394976, 0.0020787654458053395, 1.8731350637578458E-6, 6.688761036601218E15, 0.6116454772664645, 0.12478528593202003, -3.90452714300743E-5, 0.6905905753977822, -0.20502796916835786, 1.9806037895643482, 492.3529631669301, 2.1965150445960052E-5, 146.58451100461022, 4.991453078766079E-5, 4.8709948781408807E-4, 2.8312637091653903E-5, 40.76100407312791, 0.5922836115394801, -0.00982710813495159, -49.9868, 150.5281, 10491
0.0, 900.0, 5.794868244764081, -0.05942206253073697, 16.634052080383984, 3.6703394810665766, 0.0022029169527143368, 1.8732401744375907E-6, 6.694134735896205E15, 0.6116578142183055, 0.12478808634589832, -3.64613249121265E-5, 0.6896524191486636, -0.10146481886689636, 1.8773345759245184, 499.15405787950294, 2.1665868967199856E-5, 146.5811021848019, 4.9922945572545774E-5, 4.8715409990806745E-4, 2.839135589714749E-5, 40.76042379997639, 0.5916202692801877, -0.009827362110902996, -49.9867, 150.5283, 10491
0.0, 900.0, 6.121934483508941, -0.06279569920939491, 16.63405208171988, 3.671596631560653, 0.002334872358515019, 1.87335117629158E-6, 6.699737921124778E15, 0.6116708416633205, 0.12479104361915214, -3.373248739289847E-5, 0.6879050300397754, 0.07010485437808561, 1.7060753803455078, 506.2489351935514, 2.1362228947759344E-5, 146.5774816289245, 4.993182481099362E-5, 4.8721175111184946E-4, 2.8474517907660072E-5, 40.7598107837338, 0.5909195046176068, -0.009827630477486542, -49.9867, 150.5285, 10491
0.0, 900.0, 6.467460559476737, -0.06635986522632567, 16.63405208322437, 3.672924269063746, 0.0024751654138127997, 1.8734684324107102E-6, 6.705578229227433E15, 0.6116846020527911, 0.12479416740886264, -3.084982134321512E-5, 0.6849690047336615, 0.29093003028730013, 1.4855782496484466, 513.6478900981467, 2.1054510992114614E-5, 146.5736822330393, 4.9941216304671015E-5, 4.872726873079722E-4, 2.856237393133908E-5, 40.75916317727642, 0.5901792073866701, -0.009827914053472251, -49.9867, 150.5287, 10491
0.0, 900.0, 6.832488358224368, -0.07012532803335728, 16.634052084919517, 3.674326318225504, 0.0026243709710434167, 1.8735922749029438E-6, 6.711663441387508E15, 0.6116991341798718, 0.12479746654447417, -2.780514936813472E-5, 0.6846788778259806, 0.30967988493902254, 1.4671749490576451, 521.3614822031675, 2.0743006531621148E-5, 146.56967086502428, 4.995113765738649E-5, 4.873370536431532E-4, 2.865518893516979E-5, 40.758479029334254, 0.5893971485529006, -0.009828213705319486, -49.9867, 150.5289, 10491
0.0, 900.0, 7.218118570026269, -0.07410346440136303, 16.63405208683042, 3.675806919074572, 0.0027831086031300735, 1.8737230553282804E-6, 6.718001483970833E15, 0.6117144790967951, 0.12480095037126784, -2.4589814189998616E-5, 0.6882922749456984, 0.026294471798318238, 1.750926422353315, 529.4005453283067, 2.0428017950192197E-5, 146.56541375598158, 4.996160805260272E-5, 4.874050054501209E-4, 2.875324284583999E-5, 40.75775627862521, 0.588570973529762, -0.009828530348111342, -49.9867, 150.5291, 10491
0.0, 900.0, 7.625514008851994, -0.07830629500624435, 16.63405208898563, 3.677370438480762, 0.002952046583845963, 1.8738611946292818E-6, 6.724600429873412E15, 0.6117306859697227, 0.12480463008007872, -2.1193450810919057E-5, 0.6906347245304206, -0.21446785646740824, 1.99207551003926, 537.7761983028735, 2.0109858605848844E-5, 146.5609418792718, 4.997268002619462E-5, 4.874768189832757E-4, 2.8856831391373002E-5, 40.756992747659645, 0.5876981951219711, -0.009828864949539868, -49.9867, 150.5294, 10491
0.0, 900.0, 8.055903118669105, -0.08274652100222166, 16.634052091417676, 3.6790214821866916, 0.0031319062677020895, 1.8740070696264275E-6, 6.731468500311899E15, 0.6117477987579916, 0.12480851568338652, -1.7606776908776767E-5, 0.6915812056930348, -0.335380146419382, 2.113396330233697, 546.4998570723877, 1.978884780449068E-5, 146.55619827272216, 4.99843655971863E-5, 4.875526346637755E-4, 2.89662669984566E-5, 40.7561861361972, 0.5867761860744611, -0.009829218534065926, -49.9867, 150.5296, 10491
0.0, 900.0, 8.510583677644155, -0.08743756262482141, 16.634052094163646, 3.680764907432581, 0.0033234669112214236, 1.8741611289536793E-6, 6.738614067088005E15, 0.6117658698127487, 0.12481261910324243, -1.381874215873602E-5, 0.6860350999671937, 0.20968258535846437, 1.5687651742403677, 555.5832482083375, 1.9465312724580827E-5, 146.5511906367759, 4.999671034409257E-5, 4.87632715132715E-4, 2.908187973143233E-5, 40.75533401433551, 0.5858021712038126, -0.009829592183658193, -49.9867, 150.5299, 10491
0.0, 900.0, 8.99092671141123, -0.09239360007093386, 16.63405209726585, 3.682605836198334, 0.0035275709873403647, 1.8743238285350868E-6, 6.746045655353939E15, 0.6117849523025984, 0.12481695245208413, -9.818114336562767E-6, 0.6840243844074011, 0.3466123368641918, 1.4322913415399925, 565.0384239178529, 1.9139584802620674E-5, 146.54590407025432, 5.0009751220170165E-5, 4.8771729870986005E-4, 2.9204018289590224E-5, 40.75443381521133, 0.5847732190904833, -0.009829987043780616, -49.9867, 150.5301, 10491
0.0, 900.0, 9.498380627208013, -0.09762961667091341, 16.63405210077263, 3.6845496690874233, 0.0037451300465006225, 1.8744956493351553E-6, 6.753771946901614E15, 0.6118051022916273, 0.12482152850511154, -5.593042583365571E-6, 0.6882280855554723, 0.027527038766982603, 1.7518582716496258, 574.8777786505851, 1.881199812276015E-5, 146.54030102916988, 5.002351796726133E-5, 4.8780660862110346E-4, 2.9333051059260188E-5, 40.753482827291876, 0.5836862333068558, -0.00983040432562216, -49.9867, 150.5304, 10491
0.0, 900.0, 10.034475581345221, -0.10316144452385786, 16.634052104739258, 3.686602099877407, 0.003977131184159191, 1.8746770824584942E-6, 6.761801783993641E15, 0.6118263769872878, 0.12482636030297611, -1.1314234744930207E-6, 0.6876865144374092, 0.07478870003750454, 1.7051053569799501, 585.1140674008825, 1.8482889792862495E-5, 146.53440848756193, 5.0038068997739486E-5, 4.879009583301535E-4, 2.9469367228765905E-5, 40.752478186233134, 0.58253794315491, -0.009830845309994972, -49.9867, 150.5307, 10491
0.0, 900.0, 10.600828093178963, -0.10900581282147354, 16.63405210922897, 3.6887691307621213, 0.004224644185246835, 1.8748686795383439E-6, 6.770144173749284E15, 0.6118488406434295, 0.12483146249313981, 3.5803384683535944E-6, 0.687597958061961, 0.07967465065648054, 1.7007568417126226, 595.7604258045441, 1.815259486299419E-5, 146.5281652735959, 5.005343056197844E-5, 4.8800057990719636E-4, 2.9613377956967873E-5, 40.751416866282064, 0.5813248938881075, -0.009831311352914774, -49.9867, 150.5311, 10491
0.0, 900.0, 11.199145919498765, -0.11518039882449181, 16.634052114314247, 3.6910570883107345, 0.004488829421348305, 1.8750710211754231E-6, 6.778808293093472E15, 0.6118725608519634, 0.12483685048860522, 8.556555184779935E-6, 0.6902790639449847, -0.18462367976140956, 1.9656229550899864, 606.8303921311423, 1.7821448274212303E-5, 146.52157462866987, 5.0069659108597105E-5, 4.881058055155979E-4, 2.9765517620764272E-5, 40.75029567119609, 0.5800434363868345, -0.00983180388746656, -49.9867, 150.5314, 10491
0.0, 900.0, 11.831233204029326, -0.12170388185433799, 16.63405212007819, 3.6934726401688387, 0.004770946585331125, 1.875284653621365E-6, 6.787803494271893E15, 0.6118976011149132, 0.12484253878135987, 1.3810698303459712E-5, 0.6914306401911624, -0.33008995136312114, 2.111688923399531, 618.3379312752371, 1.7489781355508166E-5, 146.51461694486895, 5.0086799144849485E-5, 4.8821692138775345E-4, 2.9926245123470923E-5, 40.74911122465375, 0.5786897162593192, -0.0098323244309943, -49.9867, 150.5318, 10491
0.0, 900.0, 12.498995917573593, -0.1285960003724051, 16.634052126616226, 3.696022812526651, 0.005072364360502827, 1.8755102536767545E-6, 6.797139310929999E15, 0.611924040166074, 0.12484854533239906, 1.935945514137949E-5, 0.6876550666036936, 0.06987054892942993, 1.7123619701786732, 630.2974608528829, 1.7157920898534338E-5, 146.5072715077049, 5.0104905723322466E-5, 4.883342819713747E-4, 3.0096045280682904E-5, 40.74785996012798, 0.5772596623353645, -0.00983287458861203, -49.9867, 150.5321, 10491
0.0, 900.0, 13.204447605201148, -0.13587761230372586, 16.634052134038036, 3.6987150083791183, 0.005394571131886308, 1.8757484665178564E-6, 6.806825464748698E15, 0.6119519529523647, 0.12485488725260382, 2.5218740866125855E-5, 0.6831464525226615, 0.3917588758495046, 1.391142893053218, 642.7238795137323, 1.6826187314616076E-5, 146.49949463787465, 5.012402217390509E-5, 4.884581972213767E-4, 3.0275430282695983E-5, 40.74653811019192, 0.575748974519557, -0.009833456058826809, -49.9867, 150.5325, 10491
0.0, 900.0, 13.949715457811752, -0.1435707588308425, 16.634052142469844, 3.7015570266022864, 0.005739186859376595, 1.8759999735400167E-6, 6.816871872624368E15, 0.6119814185780204, 0.12486158260838197, 3.140536760821988E-5, 0.6847587850155555, 0.2879713626627143, 1.4956373176507234, 655.632597583872, 1.6494894868298215E-5, 146.49128501511532, 5.0144213400714234E-5, 4.885890528551118E-4, 3.046494124440526E-5, 40.74514169522645, 0.5741531109698106, -0.009834070638771324, -49.9867, 150.533, 10491
0.0, 900.0, 14.737046726381994, -0.1516987319384975, 16.63405215205706, 3.7045570818696794, 0.00610797625106817, 1.876265526575475E-6, 6.827288654375893E15, 0.6120125243019322, 0.12486865133141913, 3.7937886964031775E-5, 0.6899205122853949, -0.15242959573730305, 1.9367850112247933, 669.0395701603446, 1.6164349016538597E-5, 146.48261821644948, 5.016554079337496E-5, 4.887272433241684E-4, 3.0665149836901626E-5, 40.74366651149489, 0.5724672745627526, -0.009834720231231782, -49.9867, 150.5334, 10491
0.0, 900.0, 15.568815498236312, -0.16028614576635314, 16.634052162967418, 3.707723825431598, 0.006502863384955481, 1.8765458844961254E-6, 6.838086140956484E15, 0.6120453580984615, 0.12487611352979261, 4.4835031362946975E-5, 0.6875618629114356, 0.07100145444992277, 1.7141427077088087, 682.9613327851857, 1.5834845859619626E-5, 146.4734684405962, 5.018806643729196E-5, 4.888731671279527E-4, 3.087666001323529E-5, 40.74210811855129, 0.570686398608653, -0.00983540684988758, -49.9867, 150.5339, 10491
0.0, 900.0, 16.44752985577528, -0.1693590121360142, 16.634052175394636, 3.7110663667791837, 0.006925947953398293, 1.8768418966779911E-6, 6.849274883143209E15, 0.6120800184200079, 0.12488399170827798, 5.211776825367331E-5, 0.6878408841842584, 0.047963630755199264, 1.7380137382130596, 697.4150398347759, 1.550667070635651E-5, 146.46378663969352, 5.0211850520765454E-5, 4.890272420019464E-4, 3.110010983409622E-5, 40.74046182594447, 0.5688051317740905, -0.009836132626396692, -49.9867, 150.5344, 10491
0.0, 900.0, 17.375839439247304, -0.17894482036754125, 16.63405218956271, 3.7145942962137997, 0.007379523320689898, 1.8771543910449868E-6, 6.860865660672364E15, 0.612116601071728, 0.12489230778706517, 5.9806546800683646E-5, 0.6825824219668304, 0.4134321686250783, 1.3734252624041827, 712.4185057694062, 1.5180098737936125E-5, 146.45356581163654, 5.0236970268513495E-5, 4.891899316365529E-4, 3.1336173395915E-5, 40.73872267917887, 0.5668178221691385, -0.009836899817189614, -49.9867, 150.5349, 10491
0.0, 900.0, 18.35654343636822, -0.1890726218385756, 16.634052205730985, 3.7183177083406553, 0.007866096614391103, 1.8774842746942601E-6, 6.87286949178405E15, 0.6121552109795845, 0.12490108577839595, 6.792377454863108E-5, 0.6899938244452575, -0.17219942376335934, 1.9599863974390743, 727.9902493982103, 1.4855392796556448E-5, 146.4427755359713, 5.02635001424503E-5, 4.893617131782852E-4, 3.1585562864304065E-5, 40.73688544489147, 0.5647185005544171, -0.009837710812167697, -49.9867, 150.5355, 10491
0.0, 900.0, 19.392599022880354, -0.19977311936294317, 16.634052224200126, 3.7222472265037223, 0.00838841108711402, 1.8778325192188887E-6, 6.885297643134454E15, 0.6121959604511381, 0.1249103513938516, 7.649345776300498E-5, 0.6893740795190393, -0.1114958494176834, 1.900264661389924, 744.1495413260201, 1.4532802802397241E-5, 146.43136188978042, 5.0291510664037224E-5, 4.895430696069694E-4, 3.1849030627186584E-5, 40.734944595201235, 0.562500862619673, -0.009838568141727715, -49.9867, 150.5361, 10491
0.0, 900.0, 20.487130279502384, -0.2110787617358022, 16.634052245319154, 3.7263940281767503, 0.008949471029635407, 1.8782001304648133E-6, 6.89816164002944E15, 0.612238965615858, 0.12492013123757939, 8.554045865727389E-5, 0.6890847954992653, -0.08221492654137981, 1.8720207927307684, 760.9164547612626, 1.4212566764208228E-5, 146.41931271140942, 5.0321093950460064E-5, 4.897345591278524E-4, 3.2127371568816235E-5, 40.73289429118555, 0.5601582502841751, -0.009839474485397593, -49.9867, 150.5367, 10491
0.0, 900.0, 21.643437612157808, -0.22302384387757962, 16.63405226949376, 3.7307698713225994, 0.009552569543778219, 1.8785881675819276E-6, 6.911473276927865E15, 0.6122843486333198, 0.1249304533110462, 9.509096567590636E-5, 0.6915852491984843, -0.3818601499435487, 2.172761366110815, 778.3119198777183, 1.389490841943437E-5, 146.40657035220713, 5.035232800864976E-5, 4.899367117202237E-4, 3.2421425470005365E-5, 40.730728365435795, 0.5576836319664404, -0.00984043268212043, -49.9867, 150.5374, 10491
0.0, 900.0, 22.86500770388742, -0.2356446126751305, 16.634052297196167, 3.7353871217301045, 0.010201319520334371, 1.8789977296620088E-6, 6.925244628157656E15, 0.6123322361067628, 0.12494134665519864, 1.0517216627499437E-4, 0.6903420826157473, -0.22577023369319052, 2.0178282979758704, 796.3577819377756, 1.3580038968365683E-5, 146.39311870734358, 5.038531297003337E-5, 4.901501357525548E-4, 3.273207954532902E-5, 40.72844030364049, 0.5550695817665878, -0.009841445738616523, -49.9867, 150.5381, 10491
0.0, 900.0, 24.155524028454376, -0.24897937916294813, 16.63405232897678, 3.7402587813343238, 0.010899688224442369, 1.879430007049403E-6, 6.939488058781857E15, 0.6123827650557174, 0.12495284271248368, 1.1581351178273358E-4, 0.6865871691290665, 0.1362312002103519, 1.657048680893236, 815.0768634007271, 1.3268155418616535E-5, 146.37891774790327, 5.042014728498764E-5, 4.903754597146788E-4, 3.3060271127393396E-5, 40.72602322514422, 0.5523082575053331, -0.009842516841284305, -49.9867, 150.5388, 10491
0.0, 900.0, 25.51887795734414, -0.26306863711975065, 16.634052365478023, 3.7453985175221414, 0.011652035921613657, 1.8798862190834697E-6, 6.954216235545548E15, 0.6124360756065758, 0.12496497366790278, 1.2704518705063117E-4, 0.6898248801943622, -0.175458659299342, 1.9700288895745093, 834.4930302566115, 1.295944053898668E-5, 146.36390341019614, 5.045692271948105E-5, 4.906132997849061E-4, 3.3406990495967016E-5, 40.72346986242427, 0.5493913775559838, -0.009843649366270416, -49.9866, 150.5396, 10491
0.0, 900.0, 26.95918049365098, -0.27795518863621993, 16.634052407450817, 3.750820693420914, 0.012463159064434686, 1.8803676661985668E-6, 6.969442137827624E15, 0.6124923170506289, 0.12497777383132531, 1.3889939521959105E-4, 0.6863608853234168, 0.1454706281078293, 1.6504622883169437, 854.6312628440827, 1.2654064380713096E-5, 146.34805279991477, 5.049575661416105E-5, 4.908643723922525E-4, 3.3773283876660185E-5, 40.72077253942745, 0.5463101964073052, -0.009844846891371491, -49.9866, 150.5404, 10491
0.0, 900.0, 28.4807746682328, -0.2936842771780773, 16.634052455774125, 3.756540399163024, 0.013338338591761782, 1.8808757322891494E-6, 6.985179068513782E15, 0.6125516480805905, 0.12499127969633293, 1.514104187231996E-4, 0.6909503402067704, -0.3238506384798123, 2.121222631177412, 875.517731429728, 1.2352182403147045E-5, 146.33129695056795, 5.053675474031426E-5, 4.911293818924989E-4, 3.416025659854199E-5, 40.717923148703626, 0.5430554788886206, -0.009846113209823527, -49.9866, 150.5413, 10491
0.0, 900.0, 30.088248635513313, -0.3103037282865968, 16.63405251147828, 3.7625734841138945, 0.01428339399904934, 1.8814118553053905E-6, 7.001440664698527E15, 0.6126142333147728, 0.1250055291542948, 1.6461389813537952E-4, 0.6898076692685962, -0.18745673647043842, 1.9863484146271404, 897.1798768461252, 1.2053937167417523E-5, 146.3135860106501, 5.05800370153877E-5, 4.91409090641458E-4, 3.456907643959905E-5, 40.714913127271245, 0.5396174729872865, -0.009847452342426472, -49.9866, 150.5422, 10491
0.0, 900.0, 31.78644950841998, -0.32786409870062994, 16.63405257577283, 3.7689365900451572, 0.015304743898450853, 1.8819775312878098E-6, 7.018240908114548E15, 0.6126802437264026, 0.12502056159736077, 1.7854693442817537E-4, 0.6891401146010337, -0.11695116100689967, 1.9174475305820455, 919.6464965066576, 1.1759458587473919E-5, 146.29488908083118, 5.062573791430312E-5, 4.917043213269673E-4, 3.5000977157629894E-5, 40.711733431144786, 0.5359858811832368, -0.009848868553126276, -49.9866, 150.5431, 10491
0.0, 900.0, 33.580497974175145, -0.34641883433194914, 16.634052650079788, 3.775647185228268, 0.0164094739097318, 1.8825743510326597E-6, 7.035594133739404E15, 0.6127498608739285, 0.12503641888790143, 1.9324899542047524E-4, 0.6894067495455652, -0.15254816983416097, 1.9547389156122272, 942.9478361366594, 1.1468862768167487E-5, 146.2751287530128, 5.0673981362526216E-5, 4.92015890849407E-4, 3.545726222178458E-5, 40.70837450845246, 0.5321498302242214, -0.00985036636451323, -49.9866, 150.5442, 10491
0.0, 900.0, 35.475803735012164, -0.3660244374511527, 16.634052736073432, 3.7827235994168937, 0.017605412808188545, 1.8832040006999301E-6, 7.053515043085596E15, 0.6128232769133034, 0.12505314536869153, 2.0876193482655125E-4, 0.6840301517587541, 0.2920739504672832, 1.5119058193101034, 967.1156875827672, 1.1182254374985327E-5, 146.25426800936995, 5.072491835414211E-5, 4.923447247931164E-4, 3.593930875333691E-5, 40.70482627106736, 0.5280978392593099, -0.009851950573309594, -49.9866, 150.5452, 10491
0.0, 900.0, 37.47808182037589, -0.38674064397130414, 16.63405283572801, 3.790185059678884, 0.018901218002844437, 1.8838682188068503E-6, 7.072018710179931E15, 0.6129006895226582, 0.12507078671424846, 2.2512893690429525E-4, 0.6906927069224159, -0.3147559864367451, 2.1206245530188066, 992.1834930853705, 1.0899725069781515E-5, 146.23222298951853, 5.077868601140853E-5, 4.92691721144241E-4, 3.64485716959154E-5, 40.7010780646718, 0.5238177862459779, -0.009853626269547092, -49.9866, 150.5464, 10491
0.0, 900.0, 39.593369819794674, -0.4086306111247835, 16.634052951374983, 3.7980517270305683, 0.020306471547707906, 1.8845688488277926E-6, 7.091120589926509E15, 0.6129823079702462, 0.12508939132148642, 2.423958168870921E-4, 0.6906963326683528, -0.3251603376710591, 2.1330229099400686, 1018.1864564226909, 1.062135547539381E-5, 146.2089280938389, 5.083544006417444E-5, 4.930578635393063E-4, 3.69865882135335E-5, 40.697118637169716, 0.5192968725403726, -0.009855398854099277, -49.9866, 150.5476, 10490
0.0, 900.0, 41.82804608838716, -0.43176111652951743, 16.6340530857718, 3.8063447338174843, 0.021831788078939304, 1.8853078417986275E-6, 7.110836525548196E15, 0.6130683533397712, 0.1251090103709014, 2.6061109057032295E-4, 0.6860008902372499, 0.13848212855421227, 1.6714854123568834, 1045.1616613592628, 1.0347215661075187E-5, 146.1843357690754, 5.089535520038947E-5, 4.934442230070878E-4, 3.755498234664097E-5, 40.69293610535959, 0.5145215855789496, -0.009857274060089958, -49.9866, 150.5489, 10490
0.0, 900.0, 44.18884897990008, -0.45620276913256647, 16.6340532421847, 3.8150862217765624, 0.023488936222680442, 1.8860871966003812E-6, 7.131182754559008E15, 0.6131590514969911, 0.12512969623298856, 2.7982450791977365E-4, 0.690844684717793, -0.35701255737845333, 2.169201930664029, 1073.148197856316, 1.0077363690661522E-5, 146.15832929928632, 5.095858261916455E-5, 4.938518126464046E-4, 3.815546992424299E-5, 40.688517919773496, 0.5094776595525072, -0.009859257974667118, -49.9866, 150.5502, 10490
0.0, 900.0, 46.68289716527154, -0.4820302327072977, 16.634053424488457, 3.8242993807051353, 0.025290975274964635, 1.886909076422868E-6, 7.152175913379275E15, 0.6132546465581501, 0.12515150555072896, 3.000899301163207E-4, 0.6835264332263994, 0.3040133528689235, 1.5105210941077636, 1102.1872965267642, 9.811849642041545E-6, 146.13087483117343, 5.102532556093306E-5, 4.942818490534787E-4, 3.878986375916295E-5, 40.68385082758456, 0.5041500339704763, -0.009861357060894157, -49.9865, 150.5516, 10490
0.0, 900.0, 49.31771109798763, -0.5093224631961794, 16.634053637286787, 3.8340084876521687, 0.027252409174994597, 1.8877756992282034E-6, 7.173833040367282E15, 0.6133553880416147, 0.12517449632189373, 3.214626361136008E-4, 0.6904495520966359, -0.31945789596319646, 2.1364671976949037, 1132.3224718430652, 9.550712678646485E-6, 146.1018689015202, 5.109576453253084E-5, 4.947354951448257E-4, 3.9460079137417815E-5, 40.67892083348016, 0.4985228100099457, -0.009863578185311037, -49.9865, 150.5531, 10490
0.0, 900.0, 52.101235690958106, -0.5381629600219545, 16.634053886057853, 3.844238946536703, 0.02938936009361328, 1.888689407520551E-6, 7.196171577018298E15, 0.6134615388797627, 0.1251987297398421, 3.440010500746493E-4, 0.6841874762209712, 0.25135165343046034, 1.5682691815448764, 1163.5996746321287, 9.29398312957416E-6, 146.07120345042404, 5.117009133410287E-5, 4.952139827801406E-4, 4.016813961821235E-5, 40.67371315839259, 0.49257920453687465, -0.009865928642252303, -49.9865, 150.5547, 10490
0.0, 900.0, 55.04186427329007, -0.5686400328760733, 16.63405417733031, 3.8550173280878544, 0.03171976428368498, 1.8896526557896545E-6, 7.219209367057514E15, 0.6135733738376837, 0.1252242698479073, 3.6776644006492054E-4, 0.6829091504347954, 0.3253834316123681, 1.4969928299887991, 1196.0674544175704, 9.041684533147978E-6, 146.03883074496505, 5.124853665933693E-5, 4.957186927876578E-4, 4.09161831607262E-5, 40.668212195974014, 0.48630150168417785, -0.009868416183754471, -49.9865, 150.5564, 10490
0.0, 900.0, 58.148463899198035, -0.6008470850548332, 16.634054518896694, 3.8663714099899273, 0.03426359320270935, 1.8906679993552545E-6, 7.242964653127451E15, 0.6136911780895965, 0.12525118323039, 3.928226516248523E-4, 0.69022920355692, -0.3176977660973666, 2.1429808423217187, 1229.777132195967, 8.793831226460381E-6, 146.00463269605538, 5.133131250123546E-5, 4.962509774799798E-4, 4.170646860220988E-5, 40.662401466696394, 0.4796710018656132, -0.009871049051595132, -49.9865, 150.5582, 10490
0.0, 900.0, 61.430402085365756, -0.6348829137738214, 16.63405492007232, 3.878330217105305, 0.03704310338249475, 1.891738161339053E-6, 7.267456070743137E15, 0.6138152548451634, 0.12527954077291406, 4.192377703399197E-4, 0.6866811281819127, 0.043333474605579125, 1.7850157629760293, 1264.7829842602239, 8.550430425481648E-6, 145.96848579266222, 5.141864612672095E-5, 4.968122822407103E-4, 4.254138250263505E-5, 40.656263569452335, 0.4726679680994006, -0.009873836008372206, -49.9865, 150.56, 10490
0.0, 900.0, 64.89757505738264, -0.6708520290557232, 16.63405539200989, 3.890924061637067, 0.04008311897366028, 1.892865925252034E-6, 7.292702639159876E15, 0.6139459127338636, 0.12530941479945001, 4.470814816216473E-4, 0.6838196285046034, 0.25091120535594363, 1.580671646302409, 1301.1424377097221, 8.311484255440662E-6, 145.93032593036173, 5.1510800136020964E-5, 4.974041761685736E-4, 4.3423446373387716E-5, 40.64978013052608, 0.4652715695108851, -0.009876786374333901, -49.9865, 150.562, 10490
0.0, 900.0, 68.56043759042794, -0.7088649929166354, 16.634055948082302, 3.904184583082775, 0.04341135150442881, 1.894054267299271E-6, 7.318723748769139E15, 0.6140834809732224, 0.1253408825604421, 4.764283481228926E-4, 0.6810506347886712, 0.4090457262409897, 1.4259468129626955, 1338.9162783135018, 8.076986828564682E-6, 145.88999606189458, 5.16080167812485E-5, 4.980282206790749E-4, 4.4355324321697744E-5, 40.64293174979745, 0.4574598218783379, -0.009879910066902897, -49.9865, 150.5641, 10490
0.0, 900.0, 72.43003453418311, -0.7490387786880788, 16.634056604349063, 3.9181447878208524, 0.04705876202448196, 1.895306217438546E-6, 7.345539144608358E15, 0.6142282930885072, 0.1253740225333197, 5.073543918342194E-4, 0.6849496473064968, 0.15423276234679972, 1.6843542606907342, 1378.168871419347, 7.846927775405468E-6, 145.84737616648022, 5.171056397088217E-5, 4.986860698449943E-4, 4.533983112648132E-5, 40.635697944036174, 0.44920952507976875, -0.009883217639487317, -49.9864, 150.5663, 10490
0.0, 900.0, 76.51803411703126, -0.791497153797023, 16.634057380125313, 3.9328390881616286, 0.05105997159296533, 1.896625038334249E-6, 7.373168905540639E15, 0.6143807074211658, 0.1254089191396698, 5.399415276106101E-4, 0.688431396855652, -0.15993067241882886, 2.0023062965558664, 1418.9683966282355, 7.621292735356642E-6, 145.80238282574314, 5.1818750318921073E-5, 4.993795656042542E-4, 4.6379940770871494E-5, 40.62805708713668, 0.44049619729610523, -0.009886720328160797, -49.9864, 150.5686, 10490
0.0, 900.0, 80.83676312996798, -0.8363710863042847, 16.63405829867702, 3.9483033406866546, 0.05545372691810962, 1.898014037869933E-6, 7.401633418631304E15, 0.6145410852204785, 0.12544565775924327, 5.742729468342367E-4, 0.6852302411527645, 0.11704886562317536, 1.7293188365195395, 1461.3870969802417, 7.400060401637011E-6, 145.75481697164938, 5.193284293907369E-5, 5.0011043750855E-4, 4.747879545946765E-5, 40.619986347136404, 0.43129400581758226, -0.009890430099579893, -49.9864, 150.5711, 10490
0.0, 900.0, 85.3992440963155, -0.8837991767220092, 16.63405938807133, 3.9645748836925936, 0.060283428987463174, 1.8994767640520442E-6, 7.430953348220381E15, 0.6147098129260883, 0.12548432986194902, 6.104379497241796E-4, 0.6872293998218226, -0.06475760262172256, 1.9153307921954341, 1505.5015434246282, 7.183207969428122E-6, 145.70458043553091, 5.205317960613028E-5, 5.00880695407469E-4, 4.8639715149148525E-5, 40.61146161985457, 0.42157569429659336, -0.009894359700053756, -49.9864, 150.5737, 10490
0.0, 900.0, 90.21923453932051, -0.9339281181842028, 16.63406068221821, 3.981692573550104, 0.06559773370290747, 1.9010168178041358E-6, 7.46114959916452E15, 0.6148872802905757, 0.1255250280289342, 6.485273359085331E-4, 0.6837581406678417, 0.20916652257004642, 1.6458355004059677, 1551.3929153736449, 6.970708095262875E-6, 145.65152364348438, 5.2180086603701104E-5, 5.016923294068963E-4, 4.986620761761961E-5, 40.60245745898009, 0.41131250628624283, -0.009898522714788947, -49.9864, 150.5764, 10490
0.0, 900.0, 95.31126846604134, -0.9869131856558407, 16.63406222214794, 3.9996968197839373, 0.07145123486048642, 1.9026380321634419E-6, 7.492243273699376E15, 0.6150739007692554, 0.12556785066083442, 6.886378538191185E-4, 0.6846588076863033, 0.13318924322183026, 1.7264753779573943, 1599.1472981665324, 6.7625293621240036E-6, 145.59544523541325, 5.231389356919663E-5, 5.025474049466793E-4, 5.116197910314903E-5, 40.59294700243115, 0.4004741048968299, -0.009902933625289476, -49.9863, 150.5793, 10490
0.0, 900.0, 100.69070019261355, -1.042918756349938, 16.634064057579984, 4.0186296186782675, 0.07790524142419883, 1.9043443463240048E-6, 7.524255621355316E15, 0.6152700966881258, 0.12561289861588218, 7.308691067628159E-4, 0.6808810419332282, 0.3714792317058151, 1.4930922475089767, 1648.8559982975662, 6.558639654888239E-6, 145.53622158726006, 5.245498157122098E-5, 5.034481720627049E-4, 5.253094555054532E-5, 40.58290189479994, 0.389028488397106, -0.00990760787398644, -49.9863, 150.5823, 10490
0.0, 900.0, 106.37375064304275, -1.1021188650537126, 16.63406624885213, 4.038534585211378, 0.08502866281739399, 1.906139859635663E-6, 7.557207981346682E15, 0.6154763051412342, 0.1256602766026559, 7.753249101562221E-4, 0.6832365227558954, 0.21292369184323698, 1.6568095797214293, 1700.6158772898698, 6.359003062020682E-6, 145.4736546204143, 5.260372026556175E-5, 5.04396891553215E-4, 5.3977244488717705E-5, 40.572292205689834, 0.37694190158684604, -0.009912561936128777, -49.9863, 150.5856, 10490
0.0, 900.0, 112.37755626113236, -1.1646977948823947, 16.63406886929567, 4.059456983126437, 0.09289901807267903, 1.9080288776820697E-6, 7.591121716849193E15, 0.6156929829134469, 0.12571009435700736, 8.221144569884875E-4, 0.6825380346996169, 0.2504723345477683, 1.6246885886097466, 1754.529705125406, 6.1635817473071245E-6, 145.4075362996926, 5.2760501089193166E-5, 5.053959478068779E-4, 5.550524758630402E-5, 40.561086343743625, 0.36417874275583495, -0.009917813392432251, -49.9863, 150.589, 10490
0.0, 900.0, 118.72022068303308, -1.2308507071599335, 16.634072008163482, 4.081443752950666, 0.10160358713919812, 1.9100158051956955E-6, 7.626018140582949E15, 0.6159205938012775, 0.1257624637760832, 8.713496917016339E-4, 0.684333626519134, 0.11107779082386493, 1.7697874385422814, 1810.7065341713153, 5.972337259681186E-6, 145.33769131337954, 5.2925748485308644E-5, 5.064478522834945E-4, 5.7119573917227646E-5, 40.54925096615315, 0.3507014660447707, -0.00992338101131012, -49.9863, 150.5926, 10490
0.0, 900.0, 125.42086932622585, -1.3007843139817301, 16.63407577424419, 4.104543537783755, 0.11124072541360623, 1.9121052591217E-6, 7.661918431131554E15, 0.6161596211715279, 0.12581750185649035, 9.231481377753592E-4, 0.686111588843926, -0.04616572736107704, 1.9330228237402745, 1869.2620945740116, 5.785229341107447E-6, 145.26391152697673, 5.309990059690587E-5, 5.075552173398475E-4, 5.882510397291436E-5, 40.53675088343406, 0.3364704790202162, -0.009929284837168043, -49.9862, 150.5964, 10490
0.0, 900.0, 132.49970705954334, -1.374717595176673, 16.63408030032888, 4.128806706688385, 0.12192136592299761, 1.914302003807056E-6, 7.698843539452946E15, 0.6164105600801093, 0.12587532893744496, 9.776313218171628E-4, 0.6843461538566422, 0.08645806958500099, 1.8066891867859423, 1930.3192121255208, 5.602216219849767E-6, 145.18595539369474, 5.328340432480436E-5, 5.087207233448252E-4, 6.062699447118807E-5, 40.52354895924029, 0.3214440352676373, -0.009935546283819756, -49.9862, 150.6004, 10490
0.0, 900.0, 139.97807912812604, -1.4528825637893144, 16.63408574873816, 4.154285375531208, 0.13377073732811573, 1.9166109543487007E-6, 7.736814085076362E15, 0.6166739171921282, 0.12593606873939703, 0.0010349248868150862, 0.683517547330359, 0.13629811412629428, 1.7634480487938078, 1994.0082496420391, 5.423256341404603E-6, 145.1036121012732, 5.347674576139291E-5, 5.099472105674198E-4, 6.253069400061248E-5, 40.509606004984626, 0.305578121806227, -0.0099421882365002, -49.9862, 150.6046, 10489
0.0, 900.0, 147.8785355170237, -1.5355250846727402, 16.63409231816992, 4.18103342514174, 0.14693033039301356, 1.919037207633068E-6, 7.775850241534431E15, 0.6169502138199565, 0.1259998491266162, 0.0010951593950256355, 0.6839651048404165, 0.08842152804083217, 1.8182424194616462, 2060.4675729330584, 5.248306605343868E-6, 145.01661442651593, 5.368041403593322E-5, 5.112375798805729E-4, 6.454195954680663E-5, 40.49488066902528, 0.28882634112845906, -0.009949235163076829, -49.9862, 150.6091, 10489
0.0, 900.0, 156.22489894752135, -1.6229057486174396, 16.634100252193598, 4.209106516679608, 0.16156015067110255, 1.9215860238909187E-6, 7.81597161065152E15, 0.6172399832735098, 0.12606680156315558, 0.0011584699056485237, 0.683222233777071, 0.13377616118460406, 1.780134052841334, 2129.8440424813584, 5.0773240568298616E-6, 144.92470278626527, 5.3894930085200374E-5, 5.125948734837432E-4, 6.666687395160275E-5, 40.47932932016881, 0.2711397876593047, -0.009956713231439256, -49.9862, 150.6139, 10489
0.0, 900.0, 165.04233671122358, -1.7153008080364363, 16.63410984979978, 4.238562104127181, 0.17784130123699632, 1.924262810892933E-6, 7.857197085400879E15, 0.6175437684966606, 0.1261370606363021, 0.0012249956187102562, 0.6868845676695645, -0.200888114347249, 2.1223819334409493, 2202.2935320003176, 4.910265549499533E-6, 144.82760281434162, 5.4120836266304255E-5, 5.14022239343928E-4, 6.891186435338427E-5, 40.462905925233414, 0.25246691843458624, -0.009964650438866147, -49.9861, 150.6188, 10489
0.0, 900.0, 174.35743655850237, -1.8130031785958, 16.63412147851828, 4.26945944385497, 0.19597894613223668, 1.927073178896567E-6, 7.899544701155473E15, 0.6178621276965902, 0.12621076543283227, 0.0012948812794271458, 0.6862243905377811, -0.15371282307109765, 2.0831356506530514, 2277.981475086118, 4.747087398010234E-6, 144.72500296853852, 5.4358691760170824E-5, 5.155229331185216E-4, 7.128372166620144E-5, 40.44556192040831, 0.23275341779322778, -0.00997307675006533, -49.9861, 150.6241, 10489
0.0, 900.0, 184.19828687013987, -1.916323511325628, 16.63413559074964, 4.301859601241049, 0.21620571347625012, 1.9300228298610063E-6, 7.9430314752921E15, 0.618195621146938, 0.1262880565628793, 0.0013682744644193945, 0.6844573031188024, -0.009728776944402924, 1.9474327489936993, 2357.083441239293, 4.587746972436981E-6, 144.61661824549148, 5.460909424188072E-5, 5.171003510084434E-4, 7.378962114918147E-5, 40.427246076139284, 0.21194205587888382, -0.009982024246107826, -49.9861, 150.6297, 10489
0.0, 900.0, 194.59456135391218, -2.02559134323464, 16.634152744121465, 4.335825454362763, 0.23878560655717815, 1.9331176487797318E-6, 7.987673235266324E15, 0.6185448208859127, 0.12636907848385745, 0.0014453278935780411, 0.6800909598000401, 0.2832654000121062, 1.6630772542080912, 2439.7857425934894, 4.432200802495204E-6, 144.5021030512131, 5.4872648340128145E-5, 5.187579619629222E-4, 7.643714412964145E-5, 40.40790435526152, 0.1899725407485513, -0.009991527286528249, -49.9861, 150.6356, 10489
0.0, 900.0, 205.57760852150503, -2.141156330295617, 16.634173626891638, 4.3714216948190066, 0.2640185022839533, 1.936363661972671E-6, 8.033484435457636E15, 0.6189103052912108, 0.1264539783292141, 0.001526198436634707, 0.6836039744167555, 0.023479041642923613, 1.9318634956965144, 2526.286072760145, 4.2804061385384145E-6, 144.38111478188853, 5.514999330329796E-5, 5.204993778427124E-4, 7.923430093889926E-5, 40.38747976409815, 0.166781363884966, -0.010001622681384444, -49.9861, 150.6418, 10489
0.0, 900.0, 217.1805462155663, -2.2633895721340664, 16.634199089686884, 4.408714825783684, 0.2922453292703402, 1.9397670285722824E-6, 8.08047796329E15, 0.6192926574028271, 0.12654290560574416, 0.0016110469454045928, 0.6824396501293334, 0.09459813039846729, 1.870107067937891, 2616.7941792768797, 4.1323204876343325E-6, 144.25329117687167, 5.544179332784582E-5, 5.22328322126477E-4, 8.218955512178615E-5, 40.36591219623412, 0.14230163891425507, -0.010012349879290602, -49.986, 150.6483, 10489
0.0, 900.0, 229.43836147192874, -2.392685035117629, 16.63423018520315, 4.447773157435177, 0.32385403283794784, 1.9433340303662406E-6, 8.128664935361964E15, 0.6196924630408098, 0.12663601184508091, 0.0017000380457848352, 0.6865023855543528, -0.2841613013137051, 2.258591040337097, 2711.5325712355793, 3.9879011446944166E-6, 144.11822770529986, 5.57487275037686E-5, 5.242485972803499E-4, 8.531184899664414E-5, 40.3431382686731, 0.11646293333269142, -0.010023751168276888, -49.986, 150.6553, 10488
0.0, 900.0, 242.38801601812324, -2.5294610822941226, 16.634268217922656, 4.488666799952003, 0.3592864518051237, 1.9470710473468224E-6, 8.178054484571248E15, 0.6201103073103429, 0.1267334498801749, 0.0017933395731568325, 0.6799747943603079, 0.23171334762420523, 1.7527989733280958, 2810.737263764262, 3.847106669473833E-6, 143.97554068636404, 5.607151977389864E-5, 5.262641658064285E-4, 8.86106306220718E-5, 40.319091150080816, 0.08919109305104955, -0.010035871891858386, -49.986, 150.6626, 10488
0.0, 900.0, 256.06855772629865, -2.674162121468488, 16.634314806446564, 4.531467654310677, 0.3990462522718601, 1.9509845623250075E-6, 8.228653539488968E15, 0.6205467743550848, 0.12683537387855223, 0.0018911227327609026, 0.6868112548605977, -0.3639328770299774, 2.358878618012573, 2914.6585611456667, 3.7098943939669615E-6, 143.8247587516278, 5.6410888927977434E-5, 5.283790042596391E-4, 9.20958822539809E-5, 40.293700380814784, 0.06040805957209905, -0.010048760682716044, -49.986, 150.6703, 10488
0.0, 900.0, 270.5212383566192, -2.827260378983814, 16.634371961733912, 4.576249401167168, 0.44370808780137, 1.9550811824381666E-6, 8.280466597524959E15, 0.6210024489518331, 0.12694193981013832, 0.0019935626842072784, 0.685498493196031, -0.24951791835169795, 2.2552369270917527, 3023.561880475729, 3.5762238463279543E-6, 143.6654713888401, 5.6767624462686436E-5, 5.30597331903707E-4, 9.577815035666126E-5, 40.266891684441816, 0.030031679620007523, -0.010062469710473525, -49.986, 150.6785, 10488
0.0, 900.0, 285.78963794617766, -2.989257814725487, 16.634442185416955, 4.623087488147489, 0.4939281830258704, 1.9593675180204223E-6, 8.333495493723678E15, 0.6214779022381595, 0.12705330220349006, 0.0021008355583546634, 0.6829770902945402, -0.03673055159170847, 2.0535470619253204, 3137.72861789751, 3.446052728780238E-6, 143.49715614613115, 5.714249408049944E-5, 5.329233043191486E-4, 9.966857725514013E-5, 40.23858677044219, -0.0020244929468247186, -0.010077054951860644, -49.986, 150.6871, 10488
0.0, 900.0, 301.9197962185021, -3.160688186228231, 16.634528593483484, 4.672059115914973, 0.5504565707278339, 1.9638502586314594E-6, 8.387739167334538E15, 0.621973699421707, 0.12716961603504723, 0.0022131203998846938, 0.681127606444631, 0.08808934093910199, 1.9401283194785295, 3257.457059591166, 3.3193393565600922E-6, 143.31928412025093, 5.753630358402964E-5, 5.353612106856193E-4, 1.0377893449574345E-4, 40.208703127804554, -0.03585140310776813, -0.010092576474120134, -49.986, 150.6961, 10488
0.0, 900.0, 318.9603514099032, -3.342119280641219, 16.634635072044222, 4.723243223420605, 0.6141512504109332, 1.9685361025818826E-6, 8.443193428604448E15, 0.6224903911986502, 0.1272910348067909, 0.0023305974450344713, 0.6835078616290757, -0.12355685417343112, 2.1634529905022766, 3383.063339858779, 3.19604353377366E-6, 143.13136068915324, 5.7949913967487586E-5, 5.37915502249388E-4, 1.0812165800698068E-4, 40.17715380921845, -0.0715447086859129, -0.010109098742805377, -49.986, 150.7057, 10488
0.0, 900.0, 336.96268693127325, -3.5341553301897672, 16.634766473724373, 4.7767204727778045, 0.6859945812059804, 1.973431772764765E-6, 8.499850728536456E15, 0.6230285147745518, 0.12741771086809459, 0.0024534485562247854, 0.6830988293176183, -0.10960751549942895, 2.161426825780882, 3514.882448814622, 3.0761230027577327E-6, 142.9327743454162, 5.838416975191362E-5, 5.40590587746293E-4, 1.127098851282846E-4, 40.143847205578176, -0.10920500253406207, -0.01012669094871137, -49.986, 150.7159, 10487
0.0, 900.0, 355.9810863075752, -3.7374396226327504, 16.6349288655435, 4.832573234233095, 0.7671122742912507, 1.978543928160139E-6, 8.557699934637982E15, 0.6235885834367645, 0.12754979303891972, 0.0025818550362914083, 0.6791681458136886, 0.17068544699111102, 1.893261961012278, 3653.269292377097, 2.959536342989328E-6, 142.72292267798406, 5.883995645665998E-5, 5.433909745942734E-4, 1.175574936000354E-4, 40.10868681052286, -0.14893804304253644, -0.01014542735220347, -49.986, 150.7265, 10487
0.0, 900.0, 376.07289686222015, -3.952657333759146, 16.635129842118058, 4.890885571728684, 0.8587954111352681, 1.9838791689086724E-6, 8.616726115935826E15, 0.6241710865241228, 0.12768742666478874, 0.002715997782049867, 0.6771365218738787, 0.2820681268928241, 1.7941647743371072, 3798.599807458267, 2.846241374220113E-6, 142.50114629551197, 5.931817034119937E-5, 5.463211817637186E-4, 1.2267914258949587E-4, 40.071570974747445, -0.19085499308846643, -0.010165387653463604, -49.9861, 150.7378, 10487
0.0, 900.0, 397.2987026399005, -4.180538598272613, 16.63537892181865, 4.951743229571291, 0.9625259854790087, 1.989444012661806E-6, 8.676910340753092E15, 0.6247764862825047, 0.12783075293192317, 0.0028560567129932712, 0.6820788409260331, -0.07928947164138864, 2.167909309334962, 3951.2721354608757, 2.7361960465194205E-6, 142.26676898739657, 5.981973948333805E-5, 5.493857930793463E-4, 1.280903158349777E-4, 40.03239264983803, -0.23507266755104128, -0.010186657380481138, -49.9861, 150.7497, 10487
0.0, 900.0, 419.72250708930346, -4.421861845209732, 16.63568804837427, 5.015233620733078, 1.0800065510285028, 1.995244826401052E-6, 8.738229490914969E15, 0.6254052099803985, 0.12797990704538387, 0.0030022090710559723, 0.6808680378441754, -0.0012381081390803684, 2.1022812145476233, 4111.707857420927, 2.6293578331679124E-6, 142.0190738901274, 6.034560836774755E-5, 5.525893917485974E-4, 1.3380736698766414E-4, 39.99103912140319, -0.28171378950493464, -0.01020932829971439, -49.9861, 150.7623, 10486
0.0, 900.0, 443.411926056559, -4.677457423078569, 16.63607222663712, 5.081445817314966, 1.2131946548193608, 2.0012878235941447E-6, 8.80065609616576E15, 0.6260576492661494, 0.1281350181031139, 0.0031546293547630444, 0.6754875020691825, 0.3374175190112306, 1.7760103900583326, 4280.353294376524, 2.525682658922928E-6, 141.75725855341247, 6.0896716441148535E-5, 5.559364972921014E-4, 1.3984756722338276E-4, 39.947391731297714, -0.33090725520461106, -0.01023349884567938, -49.9862, 150.7756, 10486
0.0, 900.0, 468.4383916713673, -4.948211541308707, 16.63655032919228, 5.150470543699626, 1.3643428511384252, 2.007578947897487E-6, 8.86415819262883E15, 0.6267341474028225, 0.12829620607037545, 0.003313486382262365, 0.6830575940975793, -0.22290131246516062, 2.3485903957277157, 4457.680876800663, 2.4251272756464545E-6, 141.48053761615174, 6.147404469000204E-5, 5.59431663628351E-4, 1.4622915519900743E-4, 39.90132558876457, -0.382788407976034, -0.010259274568901581, -49.9863, 150.7895, 10486
0.0, 900.0, 494.8773677405951, -5.235070567276055, 16.637146120713464, 5.22240017291108, 1.5360452258053923, 2.0141238892987016E-6, 8.928699209115141E15, 0.6274350010221315, 0.1284635821762842, 0.0034789436793339623, 0.6810798715915131, -0.06602964436913174, 2.203760475559909, 4644.190587207254, 2.327646684451881E-6, 141.18803391415915, 6.207856229198291E-5, 5.630793297386224E-4, 1.5297138941201786E-4, 39.85270927035346, -0.43749932112983414, -0.010286768603269497, -49.9864, 150.8043, 10486
0.0, 900.0, 522.8085772988312, -5.539045705923223, 16.637889560064338, 5.29732872668023, 1.7312915179875714, 2.020928029349469E-6, 8.994237884977029E15, 0.6281604543667461, 0.1286372475049996, 0.0036511580684603084, 0.6834308092780057, -0.29370919934566997, 2.443155652133369, 4840.4115441529575, 2.233195524848458E-6, 140.87883825216124, 6.271125635035744E-5, 5.668838870822938E-4, 1.6222006389716295E-4, 39.8014045085179, -0.4951890900420439, -0.010316102143497563, -49.9865, 150.8199, 10485
0.0, 900.0, 552.3162430020471, -5.86121810624307, 16.638818456943852, 5.3753518796910855, 1.9535301112390462, 2.027996311106582E-6, 9.060728259673264E15, 0.628910685795959, 0.12881728969595366, 0.0038302763324827016, 0.6835582222488563, -0.3253532149604883, 2.4860713857457117, 5046.903723932564, 2.1417260018899275E-6, 140.55192165693444, 6.337307422209198E-5, 5.708494761565786E-4, 1.7946361719059945E-4, 39.74726586883651, -0.5560141335614825, -0.010347404935626353, -49.9866, 150.8363, 10485
0.0, 900.0, 583.4893410892369, -6.202744433580483, 16.639980581423764, 5.4565669684514875, 2.206741382175218, 2.035333249280271E-6, 9.12811972797738E15, 0.6296858095511285, 0.12900378325595227, 0.004016435406185903, 0.680716265926251, -0.07634491555243379, 2.24776238161116, 5264.259095756077, 2.053192023343981E-6, 140.2062987844548, 6.406501791380639E-5, 5.749802545556348E-4, 1.9750587443684788E-4, 39.690140415860675, -0.6201385049510182, -0.010380815769691814, -49.9868, 150.8537, 10485
0.0, 900.0, 616.4218696778213, -6.564862965106514, 16.64143635235799, 5.541073005195423, 2.4955231475503865, 2.0429428084448768E-6, 9.196356755405162E15, 0.6304858637739141, 0.12919678653846944, 0.004209759207548708, 0.6779920227966404, 0.11738486666739405, 2.06402063391344, 5493.103968469373, 1.9675439244117706E-6, 139.8408139053447, 6.478801604128788E-5, 5.792799973617709E-4, 2.163889258895023E-4, 39.629867367650036, -0.6877342126138339, -0.010416482975099816, -49.9869, 150.872, 10484
0.0, 900.0, 651.2131322018249, -6.9489002433241795, 16.64326226607584, 5.628970697182332, 2.825190247557009, 2.0508283422383098E-6, 9.265379279679976E15, 0.6313108053966253, 0.1293963403201588, 0.004410356988918229, 0.6815382895861533, -0.1661492538233747, 2.3566832712910446, 5734.100700546161, 1.8847330007058912E-6, 139.45432387492102, 6.554302369808357E-5, 5.83752357975869E-4, 2.3615769720806298E-4, 39.566277739133284, -0.7589815509601525, -0.010454564898629254, -49.9872, 150.8913, 10484
0.0, 900.0, 687.9680368474924, -7.356278363955158, 16.645555272161587, 5.720362471713074, 3.201890649509523, 2.0589925057266064E-6, 9.335122730571802E15, 0.6321605025920294, 0.12960246573914516, 0.004618320982531066, 0.6759963478204181, 0.23646537541278578, 1.962181248346539, 5987.949720795102, 1.8047079960748498E-6, 139.04554650103435, 6.633093015597694E-5, 5.884005805949171E-4, 2.5716557057834586E-4, 39.49919397450568, -0.8340694418387762, -0.010495230368471628, -49.9874, 150.9116, 10484
0.0, 900.0, 726.7974128892517, -7.788522942576069, 16.648438361224684, 5.815352507133446, 3.6327408624582778, 2.0674371593315068E-6, 9.40551821438278E15, 0.6330347268029733, 0.12981516207175778, 0.004833723802930845, 0.6800369217617833, -0.0472793309932182, 2.2528598740487267, 6255.391692135219, 1.7274170926594877E-6, 138.613137665643, 6.715259592027918E-5, 5.932275728437849E-4, 2.802755122130075E-4, 39.428429568971566, -0.913195787132731, -0.010538659117315307, -49.9877, 150.9331, 10483
0.0, 900.0, 767.818344879891, -8.2472718397422, 16.652067703816236, 5.914046770045358, 4.125983928220584, 2.0761632719790947E-6, 9.47649275926878E15, 0.6339331451931911, 0.13003440454667534, 0.005056615799291758, 0.6759782854737935, 0.23338346274683444, 1.9777854266801835, 6537.209319509805, 1.65280801560981E-6, 138.15568405045664, 6.800884212824943E-5, 5.982358436408096E-4, 3.0339787273580177E-4, 39.35378868023925, -0.9965678332646308, -0.010585042158250154, -49.988, 150.9557, 10483
0.0, 900.0, 811.1545257026517, -8.734284711485701, 16.656641774333103, 6.016553058894014, 4.691173809325077, 2.085170758566277E-6, 9.547969365609296E15, 0.6348553069172279, 0.1302601405754901, 0.0052870206956603105, 0.6821106725977517, -0.22578728449913524, 2.4410307491736116, 6834.230155003597, 1.5808259494601673E-6, 137.671613072109, 6.890038170049602E-5, 6.034272610286679E-4, 3.265230483837563E-4, 39.27506573029195, -1.0844025486035411, -0.010634582087216493, -49.9884, 150.9796, 10482
0.0, 900.0, 856.9366295498182, -9.249593003237498, 16.6623787933517, 6.122981054047872, 5.336165629594367, 2.0944584397141794E-6, 9.619867554953522E15, 0.6358006425776628, 0.13049228912507788, 0.005524934320481484, 0.6771887038107285, 0.16624551770156004, 2.0513926876841015, 7147.3289296545345, 1.511417580137619E-6, 137.20294073961145, 6.982799491836337E-5, 6.088032934198468E-4, 3.4969682771370024E-4, 39.194896242572554, -1.1822402837121566, -0.01064685609648174, -49.9889, 151.0048, 10482
0.0, 900.0, 905.3027059524693, -9.78616429535722, 16.669436507503654, 6.233442374437614, 6.060710057072921, 2.1040344724836903E-6, 9.69210350077197E15, 0.6367695202623713, 0.13073100079835176, 0.005770592129962476, 0.6784187629015025, 0.09057323335885561, 2.1276194173484324, 7477.430268573271, 1.444529078244753E-6, 136.90120271280836, 7.079363794056673E-5, 6.143709518609395E-4, 3.733296609988766E-4, 39.123062400791554, -1.3089836766586185, -0.0104795764710144, -49.9894, 151.0313, 10481
0.0, 900.0, 956.398596049531, -10.344369852374005, 16.678320504020512, 6.348050640771931, 6.891820312904467, 2.1139488879676993E-6, 9.764590057757124E15, 0.6377664786821359, 0.1309774623546921, 0.006025307492901283, 0.6807676547998539, -0.07876920664505807, 2.295506582223543, 7825.511285151917, 1.3801047231370154E-6, 136.58089049796368, 7.180287067807245E-5, 6.201619011998611E-4, 3.973251307061292E-4, 39.04729591406925, -1.4425239509199423, -0.010304491919625921, -49.99, 151.0593, 10481
0.0, 900.0, 1010.3783723513336, -10.92451541718227, 16.68951747254924, 6.466921545302377, 7.846071153070609, 2.124204422352089E-6, 9.837238809285352E15, 0.6387912108780086, 0.1312316744560057, 0.006289183786253538, 0.6813234799159233, -0.10856133170432143, 2.3216556827226302, 8192.604630667982, 1.3180869957649183E-6, 136.24070913879964, 7.285700611857182E-5, 6.261804850183608E-4, 4.217065022359116E-4, 38.96739144634606, -1.5832081219204936, -0.010121267689880212, -49.9907, 151.0888, 10480
0.0, 900.0, 1067.4048033237184, -11.526828174107074, 16.70364642787215, 6.590172928067617, 8.942713787420553, 2.134802912663778E-6, 9.909958850382232E15, 0.639843303615998, 0.13149361320872052, 0.006562301784093533, 0.6808971167966428, -0.048081601365545616, 2.2551805865260026, 8579.801584929035, 1.258418172762936E-6, 135.87927602255078, 7.395733284167087E-5, 6.324306754653272E-4, 4.4650040539827296E-4, 38.88313442157163, -1.7313993920228778, -0.009929548268837851, -49.9915, 151.1199, 10479
0.0, 900.0, 1127.6498441935817, -12.151441776710062, 16.72149493822043, 6.717924859509712, 10.204117072027936, 2.1457450377393275E-6, 9.982657815112036E15, 0.6409222153548025, 0.13176322415143416, 0.006844712727307967, 0.6832360356711906, -0.2302331537323949, 2.4288395553761166, 8988.25535310116, 1.201039911947912E-6, 135.49508883164907, 7.51050720374998E-5, 6.389158726921377E-4, 4.717369177569394E-4, 38.794300843862686, -1.8874778184222452, -0.009728953669454202, -49.9924, 151.1527, 10479
0.0, 900.0, 1191.2951554558115, -12.798379112700855, 16.744065116121977, 6.850299729322038, 11.656281547337397, 2.1570302151689287E-6, 1.0055242381283664E16, 0.642027270717737, 0.13204042021739884, 0.007136435355761861, 0.678998718957607, 0.14629395617069405, 2.041204331691215, 9419.18456065908, 1.1458928664988364E-6, 135.08649229680623, 7.630134766176834E-5, 6.456387894182104E-4, 4.974496232646963E-4, 38.700657158218576, -2.051841015557057, -0.009519074837700012, -49.9935, 151.1872, 10478
0.0, 900.0, 1258.5326506451033, -13.467532409339576, 16.772631836592073, 6.987422341360466, 13.32943804880792, 2.1686564528500527E-6, 1.0127618794408054E16, 0.6431576512510004, 0.13232507867113888, 0.007437451729504774, 0.6767278543649825, 0.32186634037204725, 1.8518238279369348, 9873.876960639402, 1.09291876403994E-6, 134.65174379265585, 7.754722074595902E-5, 6.526014910913139E-4, 5.236756426572285E-4, 38.60196016169484, -2.2249048977000405, -0.009299467996847697, -49.9948, 151.2237, 10477
0.0, 900.0, 1329.5650750243828, -14.158640206910267, 16.808816151557412, 7.129420014426649, 15.258744365020021, 2.180620111528272E-6, 1.0199693402388984E16, 0.6443123785015336, 0.1326170359838142, 0.0077477006952043626, 0.6811602288847819, 0.06349970560256328, 2.0936392838982636, 10353.69336886488, 1.0420575269311986E-6, 134.18887568931095, 7.884357186711454E-5, 6.598050051575408E-4, 5.504556314495348E-4, 38.497956976639124, -2.407104468725323, -0.009069647710414502, -49.9962, 151.2621, 10477
0.0, 900.0, 1404.60661693479, -14.871260586212813, 16.854677397469942, 7.276422688714684, 17.485095377625665, 2.1929157126115866E-6, 1.0271373183310018E16, 0.6454903026872554, 0.13291608396177576, 0.008067072464246483, 0.6830389722117419, -0.03630514982898166, 2.1741557446240862, 10860.071844565715, 9.932494046756343E-7, 133.69575683333503, 8.019112586776451E-5, 6.672493226007218E-4, 5.778337403302097E-4, 38.3883850995867, -2.598894667653342, -0.008829078397048117, -49.9978, 151.3025, 10476
0.0, 900.0, 1483.8835536506665, -15.604739948074622, 16.912827986089003, 7.428563037700117, 20.056064292367534, 2.205535744054815E-6, 1.0342566255480368E16, 0.6466900922706743, 0.13322196596338315, 0.008395403088858278, 0.6846412412965268, -0.1227372475427104, 2.238623967216863, 11394.53213591806, 9.464350681069003E-7, 133.1700705100669, 8.159041920515813E-5, 6.749332457444036E-4, 6.058575320054921E-4, 38.272972541694436, -2.8007512804226047, -0.0085771639943721, -49.9997, 151.3451, 10475
0.0, 900.0, 1567.634933687028, -16.355987702673595, 16.99101286320442, 7.585976585242945, 23.173005418896707, 2.218470322317018E-6, 1.0413182489266088E16, 0.6479102110927896, 0.13353436978246935, 0.008732465135691259, 0.686353463155853, -0.22024765490521528, 2.3116189868953474, 11958.683032602146, 9.015555067637954E-7, 132.61389879438218, 8.304187259560845E-5, 6.828541410951121E-4, 6.359925951963382E-4, 38.152029829755726, -3.0162605818625225, -0.00828710175330937, -50.0018, 151.39, 10475
0.0, 900.0, 1656.1132976169292, -17.122891669162158, 17.097405722403384, 7.74880182767371, 26.977812491030747, 2.231709012731765E-6, 1.0483133314326746E16, 0.6491490983889726, 0.13385297259318168, 0.009078014661550865, 0.6827988855435246, 0.15826662663463348, 1.9062244996960545, 12554.221389785376, 8.585516490111075E-7, 132.02559738903355, 8.454560421948361E-5, 6.910089390723028E-4, 6.67216076140788E-4, 38.025041908789085, -3.243437081360917, -0.007976672278452205, -50.0042, 151.4373, 10474
0.0, 900.0, 1749.5854395722408, -17.903216902215526, 17.270404697970825, 7.91718036063368, 32.347637562786176, 2.2452387681390508E-6, 1.0552333666139368E16, 0.6504049817965241, 0.1341773920555424, 0.009431737097334913, 0.6866418039191885, -0.08329615073956252, 2.1187974468064006, 13182.941897387049, 8.173650800435364E-7, 131.40310869901222, 8.610151045911003E-5, 6.993929098416592E-4, 6.993633068717588E-4, 37.8916977136683, -3.4822570203528262, -0.007648798910447755, -50.0069, 151.487, 10473
0.0, 900.0, 1848.333211724041, -18.694201212162223, 17.508978220033576, 8.091257010445998, 38.85710800567176, 2.2590439485213433E-6, 1.062070132286767E16, 0.6516758905151084, 0.13450718814159532, 0.009793247159087165, 0.683028330141738, 0.28057998793429895, 1.724145700466211, 13846.742389699333, 7.779372113146365E-7, 130.74479129483976, 8.770916301324129E-5, 7.079995378209071E-4, 7.325007128797153E-4, 37.751773056907034, -3.733209842104847, -0.007302128417441223, -50.01, 151.5394, 10472
0.0, 900.0, 1952.6543741684168, -19.492463279204078, 17.83583540605269, 8.271179969804205, 46.72694398505756, 2.2731061864376777E-6, 1.0688157482118588E16, 0.6529596543809775, 0.13484186130750625, 0.010162084735892307, 0.6890564760569698, -0.130522672248058, 2.10307708732522, 14547.629721301659, 7.402104177714463E-7, 130.0490309690103, 8.936777851252876E-5, 7.168204568892239E-4, 7.666962469662008E-4, 37.60505322649851, -3.996788518990731, -0.006935125385121744, -50.0135, 151.5946, 10471
0.0, 900.0, 2062.86349278039, -20.293893645285785, 18.279846986109174, 8.45710093757711, 56.2147198167268, 2.287404173288209E-6, 1.0754627206708944E16, 0.6542538963456472, 0.13518084887259488, 0.01053770868840423, 0.689951637587924, -0.11555199209143736, 2.0549905135087627, 15287.726465900607, 7.041281168081256E-7, 129.31426405226097, 9.107616780851587E-5, 7.258452520421085E-4, 8.020184254123421E-4, 37.451337080459844, -4.273486343059537, -0.006546039624733752, -50.0175, 151.6526, 10471
0.0, 900.0, 2179.292887743318, -21.093524955693404, 18.876649375538175, 8.64917526254432, 67.61933100549633, 2.3019134614950573E-6, 1.0820039749537422E16, 0.6555560271805407, 0.13552352188568156, 0.010919491046070318, 0.6881318170353473, 0.15915263498276433, 1.7467286656286756, 16069.278142579047, 6.696343517298692E-7, 128.5389872160668, 9.283266648283346E-5, 7.350612218785826E-4, 8.3853509065651E-4, 37.29044192294183, -4.563793081817685, -0.006132867696615495, -50.0219, 151.7137, 10470
0.0, 900.0, 2302.2936356139276, -21.885376987900944, 19.668709374599203, 8.84756209089408, 81.28540861497964, 2.3166061299094183E-6, 1.0884328832044264E16, 0.6568632286757733, 0.13586917887011052, 0.011306707588735948, 0.6900683400450756, 0.09932353152717815, 1.7731030157118224, 16894.661033895925, 6.366748634230251E-7, 127.72183160792963, 9.463509567239952E-5, 7.444531731007845E-4, 8.763118356824979E-4, 37.122209285776066, -4.868190412770706, -0.005693307581084755, -50.027, 151.778, 10469
0.0, 900.0, 2432.2366279445723, -22.662271037423, 20.704618629439587, 9.052424517334252, 97.60739240057691, 2.3314506611938034E-6, 1.0947432874273692E16, 0.6581724565552309, 0.13621704467563633, 0.011698533994866783, 0.6922531351672423, -5.560843162861605E-4, 1.8401991709763406, 17766.39067026226, 6.051946744797249E-7, 126.86151103922754, 9.648062337921153E-5, 7.540030441176737E-4, 9.154100097645048E-4, 36.946511756687535, -5.18714654302564, -0.005224705396636499, -50.0327, 151.8456, 10468
0.0, 900.0, 2569.513689654834, -23.415606915011935, 22.03752827529514, 9.263929739687686, 117.03284338490212, 2.3464117178693134E-6, 1.1009295175483412E16, 0.6594804345218253, 0.13656626698217392, 0.012094039338062218, 0.6930674200070527, 0.03575053801162008, 1.7723561808162906, 18687.131065525413, 5.751426564065462E-7, 125.95704536565972, 9.836585471432881E-5, 7.636900616730452E-4, 9.55884205173007E-4, 36.76326101495744, -5.521109913826474, -0.004723992920529793, -50.0391, 151.9166, 10467
0.0, 900.0, 2714.5387605247665, -24.135094852807562, 23.72334331434759, 9.482249216864448, 140.06986434400403, 2.361454528907278E-6, 1.1069864045376612E16, 0.6607840463290079, 0.1369160198355934, 0.012492301753215918, 0.6932625096721532, 0.13889065166137346, 1.6394805831319919, 19659.70479879883, 5.464670385613622E-7, 125.00765180599728, 1.0028719053824791E-4, 7.734931374283793E-4, 9.977791015657435E-4, 36.57241725671663, -5.870501885319013, -0.0041876145247981, -50.0463, 151.9914, 10467
0.0, 900.0, 2867.749143372412, -24.77572742132441, 25.5263510104161, 9.707558830125125, 164.04039388439583, 2.376536191163694E-6, 1.1129092898541948E16, 0.6620795878851425, 0.1372653022389682, 0.012892177998218513, 0.6974587440280963, -0.27044819137066417, 2.02141376099673, 20686.66737263383, 5.191392881603566E-7, 126.65821632494195, 1.0224276450623394E-4, 7.833863059803904E-4, 0.0010111576367038521, 36.453031643329055, -6.1775252295516845, -0.003397986675545532, -50.0544, 152.0699, 10466
0.0, 900.0, 3029.6068226792854, -25.30690796025289, 27.555231626724016, 9.940039047571375, 190.45541997403134, 2.393235553289536E-6, 1.1187000673819192E16, 0.663500914285031, 0.13765046063316322, 0.013335612439322492, 0.6945744866604874, 0.24798846094185617, 1.4759018370077779, 21771.367506216655, 4.931097929320546E-7, 128.77395342304084, 1.0443838278640054E-4, 7.944189281360694E-4, 0.0010204131255190396, 36.33841255921706, -6.489383933522911, -0.002487341000555458, -50.0634, 152.1527, 10466
0.0, 900.0, 3200.5998576399656, -25.695472027830494, 29.849409955418608, 10.17987509182158, 219.93403763765787, 2.4119357906716566E-6, 1.1243511833282642E16, 0.6650763425499906, 0.13807980676646872, 0.013832986623080662, 0.6962150172703531, 0.2016641115869211, 1.496520456519685, 22917.14368825297, 4.6833550467762945E-7, 131.03988135930499, 1.0693246557748578E-4, 8.068708353032396E-4, 0.0010290209281792622, 36.21874969877462, -6.81480355104336, -0.0014655147710592453, -50.0734, 152.2398, 10465
0.0, 900.0, 3381.243853836337, -25.90071500873111, 32.42952756252588, 10.427257110850881, 252.89742416004998, 2.4328217187773273E-6, 1.1298589871227886E16, 0.6668160040107445, 0.1385569147871809, 0.014389473216289472, 0.6990666118611863, -0.02711881265295696, 1.7029642759120251, 24127.475711595787, 4.4477792606141755E-7, 133.47091377806777, 1.0976275543551931E-4, 8.208992053726872E-4, 0.001036756358999301, 36.09396298421482, -7.154068458599866, -3.1526844836904545E-4, -50.0845, 152.3316, 10465
0.0, 900.0, 3572.0835179741102, -25.872783653148172, 35.326638281511315, 10.682380351995674, 289.90280213914883, 2.4560855858040865E-6, 1.1352211036523016E16, 0.6687294504981082, 0.13908537634382, 0.015010492763687627, 0.6985242524126893, 0.17304998198425617, 1.4864469522605115, 25406.038761074175, 4.2240326115478584E-7, 136.0845067351375, 1.1297160450206733E-4, 8.366748447206265E-4, 0.0010433426007768005, 35.96398821121518, -7.507308396888926, 9.830342998774935E-4, -50.0967, 152.4283, 10465
0.0, 900.0, 3773.6943003697093, -25.55065235630773, 38.4259495196067, 10.945445339142609, 329.9978025918478, 2.481927792327768E-6, 1.14043567971749E16, 0.6708255587218485, 0.13966879540907212, 0.01570173654092849, 0.6985141657115016, 0.246916714746476, 1.405455044935209, 26756.71241885015, 4.0118027734181183E-7, 138.90048076612544, 1.1660655181287713E-4, 8.543839973616358E-4, 0.0010484408198334187, 35.82879078290638, -7.874566980368915, 0.002452162000631397, -50.1104, 152.5301, 10465
0.0, 900.0, 3986.684130140219, -24.85963215162066, 41.462475323881776, 11.216658053141357, 370.629385907176, 2.5105557293122765E-6, 1.1455013736303924E16, 0.6731122777725298, 0.14031073943162337, 0.016469138175424586, 0.7009479298888212, -0.11468640237418967, 1.7728403680438485, 28183.589085650307, 3.8108366003899836E-7, 141.9417807573728, 1.2072115231813234E-4, 8.74229608993758E-4, 0.0010516390642963266, 35.68836603151135, -8.255714035045271, 0.0041185887755122485, -50.1255, 152.6372, 10466
0.0, 900.0, 4211.695248328613, -23.708312507268406, 44.38517382769719, 11.496230115498507, 411.41924630450393, 2.5421822094764934E-6, 1.1504173432778396E16, 0.6755963546149852, 0.14101468192085626, 0.017318832603286732, 0.6988964220144421, 0.13547179485873315, 1.5451258938989798, 29690.981377003107, 3.620927293242285E-7, 145.23614820625, 1.253759937703277E-4, 8.964320521337567E-4, 0.0010524397140847205, 35.542718201580705, -8.6501188907675, 0.006013117746867618, -50.1422, 152.7501, 10467
0.0, 900.0, 4449.406144491795, -21.984798511966265, 46.974988305249816, 11.784378975427103, 450.0680675388095, 2.5770234142647898E-6, 1.1551832332952198E16, 0.6782830419961592, 0.14178393600742173, 0.01825709966223321, 0.6979975160926238, 0.09314177760733462, 1.6296976847820919, 31283.42793715941, 3.4419409063244295E-7, 148.80861562413295, 1.306370644830367E-4, 9.212300652404505E-4, 0.0010502452030757244, 35.392036524472296, -9.058387787243197, 0.008171634795154896, -50.1607, 152.8688, 10469
0.0, 900.0, 4700.533602590965, -19.551932642165887, 48.93476674356929, 12.081328100342366, 483.1939139512464, 2.6152964015432413E-6, 1.1597991618309704E16, 0.6811758047713843, 0.14262158155278187, 0.019290292904483308, 0.6964158173656805, 0.06799282190968793, 1.718362223029901, 32965.69720555683, 3.273806149410652E-7, 152.69045034510557, 1.3657877704129588E-4, 9.488811520056378E-4, 0.0010443450981268817, 35.236528573799056, -9.480422815470142, 0.01063657003555159, -50.1812, 152.9938, 10471
0.0, 900.0, 4965.834862353401, -15.77523709314887, 50.83412397744152, 12.387307169909112, 516.9612083419217, 2.657215778382322E-6, 1.1642657101643304E16, 0.6842760090375459, 0.14353037902167662, 0.020424742348263775, 0.6942421017205681, 0.06890868326179526, 1.8006990372368552, 34742.733776489564, 3.117967756138442E-7, 154.88247860397283, 1.4328621823445087E-4, 9.796784372784917E-4, 0.0010330651197513552, 35.14869818448088, -9.682524810705589, 0.01521504127336316, -50.2038, 153.1254, 10475
0.0, 900.0, 5246.109902622958, -10.527839756433771, 50.74864712384388, 12.702552273760283, 528.9689593086675, 2.70136396460348E-6, 1.1685843568507816E16, 0.6874665585962674, 0.1444779649948138, 0.021622473925178715, 0.6928535724567116, -0.016097800885255326, 1.9792907059984164, 36619.574094588395, 2.974222410401054E-7, 157.13282155695723, 1.5058672951402476E-4, 0.0010126967215081768, 0.0010131789737123772, 35.05994045151493, -9.86810745349033, 0.019734816604420145, -50.2282, 153.2641, 10480
0.0, 900.0, 5542.203853584376, -9.363762142691638, 33.07917897929356, 13.027306113018758, 323.43797368486906, 2.747666535244382E-6, 1.1727567416291994E16, 0.6907335640434761, 0.14546157039545032, 0.0228816739173289, 0.6902202406317723, 0.06616678070277088, 1.9902310238318797, 38584.297906880354, 2.826326176062925E-7, 166.27423732868525, 1.572949831427038E-4, 0.0010477549867649034, 7.515777491377513E-4, 33.98119821427794, -12.783010664937, 0.004979157176371508, -50.2545, 153.4061, 10482
0.0, 900.0, 5855.00954513516, -7.43074125562961, 34.3226265872613, 13.361818205766594, 348.24954940751127, 2.8010339705769253E-6, 1.1768646594395574E16, 0.6944021722451943, 0.14658265044389973, 0.024336519044914073, 0.6912354850699919, -0.1874439624808769, 2.330753512086206, 40678.90474834143, 2.686677673720555E-7, 166.65012056468902, 1.667191930055382E-4, 0.0010889279125753744, 7.623299774915978E-4, 33.89619566859358, -13.046484906288793, 0.007268472815675213, -50.2905, 153.556, 10483
0.0, 900.0, 6185.470199089264, -4.403866607183961, 34.7499590121294, 13.706345096616612, 362.9515608925879, 2.8557923065740847E-6, 1.1807405815208184E16, 0.6980628240973469, 0.14771935377942752, 0.02583283724857291, 0.6896789657153535, -0.07611303217249363, 2.2729856212097537, 42891.93309764766, 2.557241149419779E-7, 167.2386994646878, 1.7677272580703997E-4, 0.0011320449507271806, 7.695303633945016E-4, 33.80860173595629, -13.31710326360792, 0.010291481090862082, -50.3293, 153.7141, 10486
0.0, 900.0, 6534.582273330549, 0.13851315757223315, 33.3598655274813, 14.061150570551277, 352.83284943710953, 2.91132172489348E-6, 1.184473408498552E16, 0.7016723230202069, 0.14885845906065495, 0.02735353855665551, 0.6898750773287577, -0.05833288448262285, 2.2654044723241933, 45229.83418412412, 2.4387817626793313E-7, 168.08197235281855, 1.8737499198179277E-4, 0.0011766924273334664, 7.710223821365931E-4, 33.71860081451085, -13.590315694381198, 0.014187733536794415, -50.3711, 153.8808, 10491
0.0, 900.0, 6903.39846649217, 7.0364461316758975, 28.06050418334307, 14.426505871203055, 282.85283737733124, 2.96776731552386E-6, 1.1880658773647576E16, 0.7052397832109788, 0.15000277856975822, 0.028902391467467925, 0.6915200166761238, -0.09888609928955064, 2.271358438758585, 47698.41005695409, 2.3332779468230913E-7, 168.87080050399928, 1.9857639888846992E-4, 0.001223071451420967, 7.575303277247511E-4, 33.67339758144539, -13.764695187633922, 0.019925664507774863, -50.4162, 154.0567, 10498
0.0, 900.0, 7293.030892222075, 17.125429155166067, 21.957648813172163, 14.802689923758784, 184.04916023520042, 3.0249385686881742E-6, 1.19152407416868E16, 0.7087530362356685, 0.15114831333133738, 0.03047395724221255, 0.6926511279681575, 0.006117739460649436, 2.093777946640455, 50302.891476068566, 2.2424871021360532E-7, 169.03081409251703, 2.1035959941339928E-4, 0.0012711172259571746, 7.172979507065123E-4, 33.727071583098734, -13.715864774008251, 0.027164239888059202, -50.4645, 154.2424, 10508
0.0, 900.0, 7704.654432606167, 30.253804907594763, 17.819676920493926, 15.18998956267843, 84.20280125682827, 3.0820960980391894E-6, 1.1948565165205116E16, 0.7121689352866033, 0.1522804425154707, 0.032047637380531874, 0.695191436847543, 0.028362863009876508, 1.9762851075425272, 53051.520018523464, 2.164865265139525E-7, 169.2391978103532, 2.2259030922905024E-4, 0.001320242175651412, 6.605170717269117E-4, 33.77701656519779, -13.651324467752891, 0.03321374022479251, -50.5153, 154.4391, 10521
0.0, 900.0, 8139.510280860919, 46.12298518877019, 16.664643394527957, 15.588699764425687, -13.64392822816503, 3.13916305837535E-6, 1.1980620087865436E16, 0.715487092325738, 0.15339810766368134, 0.03362100605668522, 0.6984930352209906, -3.06206335722208E-4, 1.9055690000683492, 55951.933130657795, 2.0985220444104915E-7, 169.4913651527777, 2.3525993206939904E-4, 0.001370381673917221, 5.866421603298417E-4, 33.82070344297258, -13.57037593446944, 0.03786255240217547, -50.5687, 154.6475, 10537
0.0, 900.0, 8598.909683977923, 64.25247917390855, 19.577163770790314, 15.999123885414583, -143.21310425156534, 3.1960409759001763E-6, 1.2011449508568068E16, 0.718706159902867, 0.15449987906739057, 0.03519105250499041, 0.7020789556768814, -0.12331404259022552, 1.943292511927615, 59012.68983472304, 2.041119868588529E-7, 169.77980881622906, 2.483535374056248E-4, 0.0014214357168700234, 4.961568015078321E-4, 33.855236314345994, -13.472810041055084, 0.040883959687372615, -50.6248, 154.8681, 10555
0.0, 900.0, 9084.237896605802, 82.4581430658758, 27.57717702881167, 16.42157390538238, -313.157755045959, 3.2526666183238495E-6, 1.2041098528219688E16, 0.7218270473415901, 0.15558505728202368, 0.036755752047167606, 0.7029455444040024, 0.09164988752094728, 1.671628707459939, 62243.863477540166, 1.985794447192437E-7, 170.0698803253138, 2.618708491590907E-4, 0.001473234602583549, 3.926232911632519E-4, 33.880917946836114, -13.246446981987004, 0.03898431619405981, -50.6837, 155.1017, 10573
0.0, 900.0, 9596.958358091866, 98.21935224931333, 40.128468577207705, 16.85637067640485, -533.6333653283276, 3.3090763812624396E-6, 1.2069622335814572E16, 0.724856044629336, 0.15665484757100662, 0.03831585366103768, 0.7046674463233494, -0.020748478598266944, 1.764373160015241, 65657.26669384264, 1.925573436844124E-7, 170.321347241811, 2.7584010252953176E-4, 0.0015256605568378173, 2.8418450679401657E-4, 33.88420409529788, -12.857659330651257, 0.03226513255374271, -50.7448, 155.349, 10589
0.0, 900.0, 10138.617105278781, 122.98936731641112, 21.33427454394232, 17.303844177775524, -200.3718618648615, 3.3654555290275567E-6, 1.209704350138357E16, 0.7278066854618228, 0.15771318243328522, 0.03987625286567431, 0.7043894736575389, 0.0070356242007453065, 1.7558006000087458, 69278.76478487966, 1.8909792335594188E-7, 170.71693213293383, 2.881722684222864E-4, 0.0015795287817999594, 2.9761332512528304E-4, 34.015501971690156, -15.108947192146843, 0.04730801819868192, -50.8075, 155.6101, 10614
0.0, 900.0, 10710.847434362446, 146.85661759505592, 31.038481807259835, 17.764333776975644, -403.47585234086057, 3.421993603182838E-6, 1.2122693325854924E16, 0.7306915445061061, 0.15876391449557326, 0.041441994312498565, 0.7031051745330875, 0.03252818988809178, 1.7840462854745087, 73090.61308302866, 1.8543530493275145E-7, 171.09893679043574, 3.0305471035840543E-4, 0.0016344811799203966, 2.074708536449736E-4, 34.13772295647238, -14.760429876820695, 0.043342212109211097, -50.8853, 155.8874, 10638
0.0, 900.0, 11315.374825868234, 168.26262189872287, 48.271191374890876, 18.238188496966593, -716.2628212711131, 3.4778878565101834E-6, 1.2147780904935912E16, 0.7334733317640841, 0.15979257265382232, 0.04299064707724157, 0.7016492127419058, 0.007320103189500516, 1.886439797495547, 77118.08692125331, 1.8117275980908474E-7, 171.44216537692316, 3.1829096151539637E-4, 0.0016896450088534783, 9.549218964253719E-5, 34.24840433724396, -14.237258616384429, 0.037097798078282625, -50.9656, 156.1819, 10659
0.0, 900.0, 11954.022147596195, 185.55544398860997, 73.4268985182128, 18.725767290041457, -1160.5820160128053, 3.5336012274485343E-6, 1.2172029768646992E16, 0.7361791860311897, 0.16080819418392017, 0.04453484846087766, 0.6997495591263028, 0.03528325877654991, 1.9460420005027517, 81379.71932964836, 1.7597083088827678E-7, 171.7198432446826, 3.3401990853235646E-4, 0.0017453261389306105, -3.29970135201974E-5, 34.3269365932432, -13.534689729289257, 0.02882147643616298, -51.0474, 156.4945, 10676
0.0, 900.0, 12628.715151223962, 198.22758332210884, 103.03866671572865, 19.227439318477092, -1694.2615230461438, 3.5894557728393548E-6, 1.2195526472152688E16, 0.7388272420015077, 0.16181694208951092, 0.046083363024514046, 0.6975675924561646, 0.1277882144764453, 1.937709822708916, 85894.15990002232, 1.6980983548145114E-7, 171.92356618688842, 3.50355717132528E-4, 0.0018017811305015416, -1.5042463242358282E-4, 34.34505381913958, -12.77431234973882, 0.020583019897419726, -51.1296, 156.8258, 10689
0.0, 900.0, 13341.488279141591, 208.46302617508877, 125.14165717751425, 19.743584242232753, -2121.897554828669, 3.6458298563891005E-6, 1.2218146026611398E16, 0.741436634662292, 0.16282575655163198, 0.047646534177992694, 0.6965765492133739, 0.13263610603533507, 2.00087529863311, 90666.56762683362, 1.63333923604596E-7, 172.08828238422845, 3.674032433232727E-4, 0.0018595246938577076, -2.1235192614078776E-4, 34.2425276847177, -11.895217072542827, 0.016218850285628784, -51.2115, 157.1763, 10699
0.0, 900.0, 14094.490799028066, 229.68786689196716, 92.92699955007542, 20.274592513946107, -1606.0782771028582, 3.702884674864523E-6, 1.2239520087506996E16, 0.7440150989718622, 0.16383749495979338, 0.049228691821823406, 0.6970955752876682, 0.0368784014321756, 2.1378723688674683, 95682.85229630026, 1.59783891269174E-7, 172.4297926008309, 3.824239415174725E-4, 0.0019196856989733206, -1.4225158658892436E-4, 35.62371390963144, -12.466109091477367, 0.030105125888328508, -51.2921, 157.56, 10721
0.0, 900.0, 14889.993284667378, 251.613087544989, 115.51307237504935, 20.820865681482125, -2062.0683698913485, 3.7601124832157913E-6, 1.2258837040962048E16, 0.7465405218412275, 0.16484321092571622, 0.05081561748666008, 0.6980254393566696, -0.03475849042703999, 2.217524753114517, 101016.29239991418, 1.5640574525071398E-7, 172.78349273680283, 4.0065556612337423E-4, 0.0019810891707885926, -2.1981416369078386E-4, 35.696596953898386, -11.429626524175577, 0.029540954895230634, -51.3814, 157.9672, 10743
0.0, 900.0, 15730.394462546212, 271.3761493270963, 124.07881242584068, 21.382816698295102, -2277.8694684537304, 3.8175357632009794E-6, 1.2278662140794234E16, 0.7490154680008061, 0.16584346976498837, 0.05240780084512553, 0.6993905498272568, -0.09324577994493967, 2.2506630415768893, 106637.64700345865, 1.526154129254521E-7, 173.1028325331785, 4.1951968914057905E-4, 0.0020435570954612254, -2.3173013243656644E-4, 35.623611471661405, -10.261183702184299, 0.025558283702640735, -51.4678, 158.3988, 10762
0.0, 900.0, 16618.22844487818, 287.9624406530453, 127.06163790007842, 21.960870241869003, -2396.610576336751, 3.875121507311293E-6, 1.2296982783686756E16, 0.7514400407428942, 0.1668378631431237, 0.05400419925427247, 0.6994728011533955, 0.09984121431165673, 2.0041945847848766, 112564.83581658083, 1.482424151140227E-7, 173.37121422814477, 4.390647553427888E-4, 0.0021069707910341792, -2.1336632767620896E-4, 35.49911748709403, -9.05748912204762, 0.02078742297990766, -51.5498, 158.8545, 10779
0.0, 900.0, 17556.172370864788, 301.47562297453226, 99.68237857716622, 22.55546304050624, -1920.4787384333222, 3.93305355339125E-6, 1.231412542450622E16, 0.7538232302699416, 0.16782969333207384, 0.05560978578086792, 0.7013722638863941, 0.1132641124496024, 1.9188518603793485, 118793.06083879995, 1.4340493913980842E-7, 173.59011090291386, 4.593426865087409E-4, 0.002171528559162035, -9.875182917416621E-5, 35.22026328344348, -7.879293597936196, 0.016577678016598905, -51.6263, 159.3348, 10792
0.0, 900.0, 18547.054479234266, 311.92849269745255, 46.49138837562668, 23.16704420874018, -871.2768141440624, 3.991505886853517E-6, 1.2329284463332968E16, 0.7561728963607247, 0.16882198533823944, 0.05722925891736785, 0.7043131293559937, 9.450224550589644E-4, 1.9528842851500485, 125404.87508851715, 1.380834613747712E-7, 173.7596239556586, 4.8045063962211357E-4, 0.002237423107955375, 7.592200386868865E-5, 34.864965526456295, -6.672273698224375, 0.012785608787235456, -51.6965, 159.8389, 10803
0.0, 900.0, 19593.862636399903, 339.59564000157354, 25.06329618093077, 23.796075591651995, -386.45508576477914, 4.051184797958467E-6, 1.2343218699940516E16, 0.7585169117990228, 0.1698265876530563, 0.058882050959255666, 0.7069584528464588, -0.10127401668827843, 1.9830003802487262, 132399.52038382934, 1.3658159315656399E-7, 174.20814897834867, 4.98793135592789E-4, 0.002307198690808341, 9.325428194356656E-5, 37.19569263995898, -6.949180687941781, 0.02873483620517966, -51.7594, 160.4061, 10830
0.0, 900.0, 20699.753345953326, 357.27813741778414, 34.02675979278864, 24.443032118377882, 628.5046519384986, 4.110913361782188E-6, 1.2357990581378634E16, 0.7608091968426611, 0.17082365014644965, 0.06053543891789079, 0.7081276611877345, 0.013175356012317875, 1.8163572946860118, 139839.98910481646, 1.3292633753376598E-7, 174.4957056309953, 5.214456873368867E-4, 0.002377297557211961, 1.9502643420730458E-4, 36.9181877252601, -6.055773164091009, 0.01836510400520152, -51.8285, 161.0027, 10848
0.0, 900.0, 21868.061266659624, 362.64645800505696, 119.77519096378231, 25.108402165098465, 2579.7664411798683, 4.1714528397638004E-6, 1.237191438013516E16, 0.7630796903989608, 0.17182593244246633, 0.062210375680344265, 0.7095635544685053, -0.08710287746195437, 1.8924977375105434, 147858.754003033, 1.2679874224557395E-7, 174.58312053117257, 5.452706806507765E-4, 0.0024483217790797216, 3.631509180580497E-4, 36.5805698794797, -5.432400825256952, 0.0070427853134422255, -51.8922, 161.6291, 10854
0.0, 900.0, 23102.30926765446, 362.1613364587183, 267.2226241410245, 25.792687927808057, 5958.5550580973395, 4.234138744495255E-6, 1.2386227272445304E16, 0.7653764913809223, 0.17285516873501708, 0.06394363999727459, 0.7092319081303056, 0.051219663431620245, 1.7629647611859391, 156761.7401049611, 1.1950151233328797E-7, 174.57532016436025, 5.707796859515926E-4, 0.002522413217306773, 6.076888278625454E-4, 36.22632830139706, -4.931613628775301, 0.0021294079666067953, -51.9525, 162.2856, 10853
0.0, 900.0, 24406.219051163243, 366.825368281402, 504.99448013073265, 26.496405805167655, 11583.602889206828, 4.301078746392223E-6, 1.2403392290742148E16, 0.7677704483547456, 0.17394488299937924, 0.0657932292943631, 0.7091007323300168, -0.06209329376396905, 1.9202124879096725, 167303.21868679626, 1.1289795343994027E-7, 174.64460495652398, 5.987495757470581E-4, 0.0026032530925984452, 9.615334539568724E-4, 35.83683539934567, -4.634509981189463, 0.0061797593103024425, -52.0104, 162.973, 10858
0.0, 900.0, 25783.72237477368, 393.93757069010155, 776.0456874826831, 27.22008679175184, 18292.592125261282, 4.376076064190991E-6, 1.2429305126780758E16, 0.7703832445802258, 0.17515460901725854, 0.06786371250813686, 0.7071085697085621, 0.08377081135738104, 1.8529219669440733, 180322.91034791578, 1.09980612254947E-7, 174.21914497828885, 6.305756505779754E-4, 0.002697556257245876, 0.0013727137279365739, 35.84208966631773, -4.778214539167051, 0.022376961846179044, -52.0679, 163.6916, 10885
0.0, 900.0, 27238.972907100877, 422.4678785836806, 1035.2622670495236, 27.96427688200661, 25072.021504114095, 4.461538137147977E-6, 1.2463288280880108E16, 0.7732750099341915, 0.17651923257715205, 0.07022068393201686, 0.7062276218482288, -0.02129460264654906, 2.058619536211569, 195542.37745579547, 1.067251033941636E-7, 171.7553030203497, 6.681749613250035E-4, 0.0028069381535774335, 0.0017256451467374246, 36.04209148713338, -4.998332305808442, 0.022409031614222256, -52.1304, 164.4517, 10913
0.0, 900.0, 28776.35875259413, 436.7372169428428, 1242.7914122610514, 28.729537485241842, 30922.406461946903, 4.5511619297976755E-6, 1.2500254395414604E16, 0.7762140075283317, 0.177934958292937, 0.07268945604752683, 0.7051405193509177, 0.010596269896830306, 2.110199475505763, 211859.54422689925, 1.010962884008405E-7, 164.15019146394994, 7.095322046249345E-4, 0.002922402219966488, 0.001962073550552992, 36.40519307365162, -5.183070267842134, 0.0122024025142724, -52.1996, 165.2603, 10928
0.0, 900.0, 30400.515683252153, 435.4290396725726, 702.4269459428393, 29.51644585198953, 17952.42862290922, 4.633954936883374E-6, 1.2527970830778948E16, 0.7788477309771555, 0.17922931362834396, 0.07496718046135867, 0.705390685020905, -0.022625022466290338, 2.176403136989106, 209987.46620374545, 1.0173124952862932E-7, 166.76915961767637, 7.440108290057995E-4, 0.0030295425246454595, 9.75636885254158E-4, 40.2564242826204, -4.150257287596871, 0.0022242457615133287, -52.2754, 166.2047, 10926
0.0, 900.0, 32116.341117145206, 410.2013656122138, 869.6856066918693, 30.325595512066332, 22838.469019658354, 4.6302235810038185E-6, 1.2491308562718768E16, 0.7787306628108425, 0.1791712509142324, 0.07486458879375699, 0.7049073610700076, 0.05373392356645754, 2.099645196965942, 224252.3993921886, 9.058367250486368E-8, 156.8105023495874, 7.434495023306101E-4, 0.0030218159293147495, 0.001110576757099795, 40.85041623880304, -3.969720366994193, -0.011678271878931888, -52.3394, 167.2164, 10901
0.0, 900.0, 33929.00888589431, 363.32957752410124, 915.0347717714495, 31.1575967246867, 24688.808061152748, 4.69497032599582E-6, 1.2512471953775712E16, 0.7807407589359626, 0.18017518838233196, 0.07664391287454356, 0.7059631673885022, -0.0203160711252901, 2.1659248435182894, 224252.3993921886, 9.058367250486368E-8, 144.26810982521673, 7.768985568137375E-4, 0.0031014909318564376, 0.0014788294279074717, 41.46350263721902, -3.863498958327462, -0.022750985461168154, -52.4042, 168.3027, 10854
