angle, time_diff, t, z, sigmah, sigmav, sigmas, rice, Nice, g_t, Qabs_t, Qsca_t, g_s, Qabs_s, Qsca_s, CCS, IWC, RHice, Re, v_sed, windshear_s, wind_u, wind_v, wind_w, lat, lon, altitude
45.0, 900.0, 0.0, 0.0, 15.384787559509277, 3.6509575843811035, 0.0, 1.049793033786834E-6, 6.28E15, 0.4772129549087957, 0.1003190526092572, -0.017109351818909116, 0.6978848670957184, -0.43874937835461736, 1.7877015285861608, 352.9215350355194, 1.6969325183810817E-5, 146.5066210196693, 8.776472099442486E-6, 1.5294337934055246E-4, 2.700288516688968E-5, 40.77052181462817, 0.6028902323080487, -0.009822524127634782, -49.9868, 150.5252, 10491
45.0, 900.0, 1.0, -0.009976321631173079, 16.634052069809737, 3.654821260939263, 3.637085254586744E-4, 1.049793033786834E-6, 5.626445505857314E15, 0.4772129549087957, 0.1003190526092572, -0.017109351818909116, 0.6978848670957184, -0.43874937835461736, 1.7877015285861608, 381.9830284763506, 1.6510524172760687E-5, 146.49563848312778, 8.776479114439285E-6, 1.5294332711276182E-4, 2.7257141462288068E-5, 40.76864713962075, 0.6007463859644533, -0.009823378251832526, -49.9867, 150.5258, 10491
45.0, 900.0, 1.0564406686968904, -0.010539695365310619, 16.701775804092794, 3.6550392076644402, 3.8446172332454523E-4, 1.0680487735641792E-6, 5.62642485792404E15, 0.48132499277630203, 0.10088194385614357, -0.016838547631146478, 0.6965258451583716, -0.4180028461960136, 1.7978880500980257, 383.56110224689854, 1.648759980952482E-5, 146.4950040765522, 9.242351619034205E-6, 1.5830889102186612E-4, 2.7271491987082154E-5, 40.7685413362162, 0.6006253958268521, -0.009823389530121492, -49.9867, 150.5259, 10491
45.0, 900.0, 1.1160668864767327, -0.01113488641966979, 16.773024882908647, 3.6552694413324955, 4.0641241691577576E-4, 1.0690223240365149E-6, 5.626444365399842E15, 0.4815422927925953, 0.10091207058012484, -0.016823896529268537, 0.6978459189488253, -0.8426744351859771, 2.2245019819035208, 385.22162177808354, 1.6463680261112822E-5, 146.49435689205308, 9.267649543175051E-6, 1.5859762678401717E-4, 2.7286652473216267E-5, 40.768429561459826, 0.6004975775166779, -0.009823438405700761, -49.9867, 150.5259, 10491
45.0, 900.0, 1.1790584478599357, -0.011763692827960356, 16.847968013367474, 3.655512653791278, 4.296312363489022E-4, 1.0700448195818424E-6, 5.626464793444054E15, 0.48177030279975197, 0.10094372284759928, -0.0168084862971129, 0.6926882962838082, 0.19373057504425326, 1.1901677355301126, 386.96856701759094, 1.643873598292738E-5, 146.49365138199985, 9.294267261585607E-6, 1.5890115272098042E-4, 2.7302668637666756E-5, 40.768311478354896, 0.6003625457156789, -0.009823490042276414, -49.9867, 150.5259, 10491
45.0, 900.0, 1.2456052950898682, -0.012428014349362068, 16.926780558342312, 3.655769575747704, 4.541931521480461E-4, 1.0711183985418392E-6, 5.62648617563852E15, 0.48200946767283226, 0.10097696834949581, -0.01679228136347656, 0.6939522538127606, 0.0359099959128286, 1.3501962527449194, 388.8060790116285, 1.6412739910614747E-5, 146.4929290806713, 9.322271405094323E-6, 1.5922016461532556E-4, 2.7319588776157417E-5, 40.76818673088824, 0.6002198933662637, -0.0098235445951689, -49.9867, 150.526, 10491
45.0, 900.0, 1.3159080908771277, -0.01312985823923672, 17.009644673054822, 3.6560409789391177, 4.801777614964726E-4, 1.0722453066697806E-6, 5.626508545722186E15, 0.48226025274834144, 0.10101187824036927, -0.01677524417555297, 0.6939676026864423, -0.006399236915200651, 1.3948600166995218, 390.7384637379502, 1.638566426079764E-5, 146.49216601203346, 9.351727095513003E-6, 1.595553673041957E-4, 2.7337463910697745E-5, 40.768054942956695, 0.6000691904447129, -0.009823602229990704, -49.9867, 150.526, 10491
45.0, 900.0, 1.390178823469881, -0.013871345342382092, 17.09674943401008, 3.6563276784246765, 5.07669595522701E-4, 1.0734278237532687E-6, 5.626531937455327E15, 0.4825231271744897, 0.10104852487396142, -0.016757336275411913, 0.6946893892816183, -0.14357536039103258, 1.534547229680033, 392.7701958242495, 1.635748223713026E-5, 146.49133807756817, 9.38270124190568E-6, 1.59907480801751E-4, 2.735634794328929E-5, 40.76791571723422, 0.5999099826665781, -0.009823663120598803, -49.9867, 150.526, 10491
45.0, 900.0, 1.4686414458747774, -0.01465471653551582, 17.188290959481463, 3.656630535003255, 5.367584490758334E-4, 1.074668296008228E-6, 5.626556384466859E15, 0.48279857082251465, 0.1010869828131566, -0.01673851777984023, 0.6870031487688498, 0.574905515629868, 0.8187446099642331, 394.90592213889516, 1.6328169488810143E-5, 146.49048644172504, 9.41526869331933E-6, 1.6027727819945326E-4, 2.7376297818735642E-5, 40.76776863397427, 0.5997417901183257, -0.009823727450717745, -49.9867, 150.5261, 10491
45.0, 900.0, 1.5515325511559177, -0.015482339539654513, 17.28447252077945, 3.656950457764683, 5.675397354372988E-4, 1.0759691631152598E-6, 5.626581920083606E15, 0.48308707994423, 0.10112732967574332, -0.016718746934862985, 0.6827596084359958, 0.7304487100069973, 0.6660581817881989, 397.1504652421715, 1.6297701054895776E-5, 146.48956494149357, 9.449500882546157E-6, 1.6066552940625423E-4, 2.739737369521485E-5, 40.76761324974504, 0.5995641058119325, -0.009823795415592633, -49.9867, 150.5261, 10491
45.0, 900.0, 1.6391020858481498, -0.016356716113403953, 17.38550464358493, 3.657288406781483, 6.001148674570345E-4, 1.077332885861884E-6, 5.626608577140331E15, 0.4833891507615607, 0.10116964389721313, -0.016697981178483742, 0.6971891889123071, -0.8163326070350237, 2.215886726533973, 399.50882668773795, 1.6266055280546216E-5, 146.48861445867024, 9.485477943776048E-6, 1.6107305425789743E-4, 2.7419639127624112E-5, 40.76744909609328, 0.5993763941584365, -0.009823867220033646, -49.9867, 150.5262, 10491
45.0, 900.0, 1.731614103635887, -0.017280489664505985, 17.491605198689022, 3.657645395948633, 6.345916679821131E-4, 1.0787620261249105E-6, 5.62663638776934E15, 0.4837052968364143, 0.10121400721721072, -0.01667617588765591, 0.686744962931635, 0.5475319060550694, 0.8552726687041101, 401.9861901659454, 1.6233210293323684E-5, 146.4875885327229, 9.52327694237574E-6, 1.6150067256446088E-4, 2.7443161256987406E-5, 40.76727567813274, 0.5991780893551044, -0.009823943081956247, -49.9867, 150.5262, 10491
45.0, 900.0, 1.8293475615700627, -0.018256453286230375, 17.602999481558058, 3.6580224959792713, 6.710848115777961E-4, 1.0802591629869039E-6, 5.626665383168482E15, 0.4840360301051411, 0.10126050208165145, -0.01665328561663469, 0.695063435583266, -0.31918907996080886, 1.725460759402091, 404.58792448296197, 1.6199147488521998E-5, 146.48650593313863, 9.562982023503176E-6, 1.6194924477121818E-4, 2.746801101512617E-5, 40.767092473053204, 0.5989685936821054, -0.009824023230130563, -49.9867, 150.5263, 10491
45.0, 900.0, 1.9325971612241029, -0.019287558260087514, 17.719920280234923, 3.658420837564641, 7.097163008797407E-4, 1.081826962809906E-6, 5.626695593346352E15, 0.4843818759844062, 0.10130921382150944, -0.016629262987945745, 0.6735718577076611, 0.908268360457214, 0.5017013360668775, 407.3195863723818, 1.6163850181375646E-5, 146.48538525788672, 9.60468114858569E-6, 1.6241966567343173E-4, 2.7494263335960403E-5, 40.76689892854509, 0.5987472757027441, -0.009824107907431705, -49.9867, 150.5264, 10491
45.0, 900.0, 2.041674237325303, -0.02037692304002438, 17.842607931196355, 3.6588416147069904, 7.506159798543093E-4, 1.083468142479397E-6, 5.626727046843522E15, 0.4847433648104431, 0.10136022951499996, -0.016604059209935948, 0.6958883746443033, -0.5890314700494667, 2.002945142238588, 410.1869231391244, 1.6127302589620633E-5, 146.4841795341707, 9.648459887656473E-6, 1.6291282576283019E-4, 2.7521997385219228E-5, 40.766694461135586, 0.5985134683627873, -0.009824197370489004, -49.9867, 150.5264, 10491
45.0, 900.0, 2.1569076965411567, -0.021527842744829002, 17.971310362909577, 3.659286088234581, 7.93922088156792E-4, 1.0851854390046176E-6, 5.626759770428657E15, 0.48512102472587265, 0.10141363704308315, -0.016577624501892693, 0.684373577433285, 0.5957019868527306, 0.8224173943160517, 413.19587513896965, 1.6089492771419658E-5, 146.48290698885953, 9.694411376716785E-6, 1.6342965908365276E-4, 2.755129679560336E-5, 40.76647845443105, 0.5982664669829258, -0.009824291889377055, -49.9867, 150.5265, 10491
45.0, 900.0, 2.278645009251409, -0.02274379920068306, 18.106283126970755, 3.6597555895083844, 8.397818595546451E-4, 1.0869816672480216E-6, 5.626793788768387E15, 0.4855153939471387, 0.1014695268835178, -0.016549907162776642, 0.6960710579386943, -0.7402819244204841, 2.1628854060890346, 416.35257810101666, 1.6050411269625144E-5, 146.48158564659678, 9.742632701991057E-6, 1.6397113321444648E-4, 2.7582249920946217E-5, 40.766250257260076, 0.5980055271376297, -0.009824391750630075, -49.9867, 150.5266, 10491
45.0, 900.0, 2.4072532572963903, -0.02402847155297724, 18.24778941686064, 3.66025152433054, 8.883521691103314E-4, 1.0888596818010423E-6, 5.62682912406984E15, 0.4859270118956274, 0.10152799092384726, -0.016520854109812966, 0.6815736359306593, 0.6794323161426579, 0.747951119655647, 419.663365304677, 1.6010050122671663E-5, 146.48016793059193, 9.793218586610425E-6, 1.645382099620222E-4, 2.761495010242507E-5, 40.76600918171171, 0.5977298624147216, -0.009824497257026301, -49.9867, 150.5266, 10491
45.0, 900.0, 2.543120240860966, -0.025385747479056125, 18.396100074518344, 3.6607753770650895, 9.398002326355333E-4, 1.0908223461984951E-6, 5.626865795694787E15, 0.486356411998363, 0.10158912149760857, -0.016490411310204484, 0.6872939702359175, 0.39032920974280055, 1.0421482227879184, 423.134769627484, 1.596840574161597E-5, 146.4786714279398, 9.846271497385361E-6, 1.6513189366223525E-4, 2.764949594964135E-5, 40.765754501063846, 0.5974386420495605, -0.009824608727423339, -49.9867, 150.5267, 10491
45.0, 900.0, 2.6866556478317554, -0.026819735051595007, 18.551493585110357, 3.661328714982043, 9.94304364501672E-4, 1.0928725895148155E-6, 5.626903819744402E15, 0.48680413361237895, 0.10165301313918794, -0.01645852285838678, 0.6749624970952175, 0.830353033150104, 0.6075514944532016, 426.77352548499596, 1.5925477151851207E-5, 146.47709169184077, 9.901896129565468E-6, 1.6575321113938363E-4, 2.7685991638262254E-5, 40.76548544759397, 0.5971309884249454, -0.00982472649992397, -49.9867, 150.5268, 10491
45.0, 900.0, 2.8382922891536566, -0.028334775273275013, 18.714256060556657, 3.661913192836315, 0.0010520547985500156, 1.0950133583467243E-6, 5.626943208613673E15, 0.4872707110145839, 0.10171976107920962, -0.01642513167141249, 0.6779147210129788, 0.7502395780167151, 0.6934449295420823, 430.58657068932536, 1.5881266650837183E-5, 146.4754240245166, 9.960200064007029E-6, 1.6640320745697193E-4, 2.772454722531454E-5, 40.76520121026735, 0.5968059744313994, -0.009824850931457506, -49.9867, 150.5269, 10491
45.0, 900.0, 2.9984874039107163, -0.029935455329895343, 18.884681212566047, 3.6625305576936262, 0.0011132545776655586, 1.0972476233195907E-6, 5.626983970514556E15, 0.4877566743453716, 0.10178946143400446, -0.016390179341555303, 0.6953265525670277, -0.7674545643281738, 2.217292444940265, 434.5810482583046, 1.583577994034162E-5, 146.4736634630352, 1.002129410163509E-5, 1.670829486774547E-4, 2.776527897837625E-5, 40.764900932294324, 0.5964626206782819, -0.009824982399242418, -49.9867, 150.527, 10491
45.0, 900.0, 3.16772403806664, -0.03162662260160132, 19.063070316125913, 3.6631826540159955, 0.0011781205197073312, 1.0995783739053434E-6, 5.627026108967032E15, 0.48826254798908775, 0.1018622110279678, -0.016353606169975013, 0.6941171984518115, -0.5480199091025741, 2.0044057342247132, 438.76430821291723, 1.5789026239959E-5, 146.47180476435796, 1.0085292288464424E-5, 1.6779352111081022E-4, 2.7808309729931354E-5, 40.764583708550525, 0.5960998925484917, -0.009825121301947633, -49.9867, 150.5271, 10491
45.0, 900.0, 3.3465125010223344, -0.03341339947593561, 19.249732164583847, 3.663871429020036, 0.0012468842662850968, 1.102008613052519E-6, 5.627069622257259E15, 0.4887888489172741, 0.10193810720648601, -0.01631535120409694, 0.6740013508133107, 0.7992572388821528, 0.6640928840074716, 443.14390940633234, 1.5741018379615742E-5, 146.46984238951597, 1.0152311940069018E-5, 1.6853603051872665E-4, 2.7853769245268696E-5, 40.76424858285121, 0.5957166970869814, -0.009825268060922114, -49.9867, 150.5272, 10491
45.0, 900.0, 3.535391904382538, -0.03530119900896975, 19.444983017646493, 3.6645989383218383, 0.001319793422915756, 1.1045413516672141E-6, 5.627114502862071E15, 0.4893360850063684, 0.10201724764040417, -0.016275352278457292, 0.6745612782564891, 0.7783560455608127, 0.6923970299676461, 447.7276214335817, 1.5691772868933368E-5, 146.46777048692022, 1.0222473666163038E-5, 1.6931160128296242E-4, 2.7901794613667698E-5, 40.7638945450725, 0.595311879714894, -0.009825423121495524, -49.9867, 150.5273, 10491
45.0, 900.0, 3.734931787571461, -0.03729574148347524, 19.64914654380078, 3.6653673518828205, 0.0013971127985793028, 1.1071796029878408E-6, 5.627160736839103E15, 0.48990475334253447, 0.10209973012316106, -0.016233546058710288, 0.6764463079125702, 0.7112010130131071, 0.7674163890889915, 452.52342667656086, 1.5641309599817362E-5, 146.4655610809666, 1.0295899489457074E-5, 1.70121365694217E-4, 2.7952530664539254E-5, 40.76352052811039, 0.5948842207588325, -0.009825586954355325, -49.9867, 150.5274, 10491
45.0, 900.0, 3.945733835199266, -0.03940307191326757, 19.86255375883035, 3.6661789602715484, 0.001479125756180844, 1.10992636881743E-6, 5.627208303181892E15, 0.49049533679146023, 0.10218565210895249, -0.016189868217195286, 0.6920669268229198, -0.36524140543260003, 1.8522074968082378, 457.5395225445089, 1.5589653402312758E-5, 146.4632512287065, 1.0372720258312565E-5, 1.70966499953169E-4, 2.800613040186509E-5, 40.76312540466816, 0.5944324317846319, -0.009825760056639125, -49.9867, 150.5275, 10491
45.0, 900.0, 4.168433691357858, -0.04162957856213935, 20.085542962252237, 3.6670361812571493, 0.0015661356836007164, 1.1127846701909882E-6, 5.627257173139269E15, 0.49110831012928974, 0.10227511163683077, -0.01614425290313723, 0.6779466445229526, 0.6320363923337484, 0.8637859754458745, 462.7843239753825, 1.553683147353368E-5, 146.4608122366995, 1.0453065297869718E-5, 1.7184817551687577E-4, 2.8062755466544672E-5, 40.762707983863635, 0.5939551517261283, -0.009825942954934512, -49.9867, 150.5276, 10491
45.0, 900.0, 4.403702876316743, -0.04398201250814848, 20.318459673631114, 3.667941566750572, 0.001658467597473433, 1.1157574812760622E-6, 5.627307309498432E15, 0.49174412540064366, 0.102368205222964, -0.016096633755488934, 0.6868278529046384, 0.1380475702563096, 1.367161767214657, 468.26646626848503, 1.5482874887215034E-5, 146.45821502350933, 1.0537066385373802E-5, 1.72767568888664E-4, 2.8122576624189192E-5, 40.76226700764454, 0.5934509427953114, -0.00982613620472604, -49.9867, 150.5278, 10491
45.0, 900.0, 4.652250811398479, -0.046467508339027866, 20.561656570838725, 3.6688978101106087, 0.001756469894573086, 1.1188477601542163E-6, 5.627358665831032E15, 0.4924032181455828, 0.10246502877850953, -0.01604694337969377, 0.6887503272073925, -0.09559850374606278, 1.6107484048059848, 473.9948083232978, 1.5427819501042492E-5, 146.4554954746705, 1.0624864695134661E-5, 1.7372590208848047E-4, 2.8185774280227833E-5, 40.76180114700275, 0.5929182861636337, -0.009826340393216285, -49.9867, 150.5279, 10491
45.0, 900.0, 4.914826958139459, -0.04909360604615876, 20.81549343241011, 3.6699077538322253, 0.0018605162631637924, 1.1220584672104403E-6, 5.627411185701628E15, 0.49308601089538356, 0.10256567813802532, -0.015995113015167775, 0.6904408182973373, -0.3509012171063029, 1.8765678271133561, 479.978436363621, 1.537170303767014E-5, 146.45260187055638, 1.0716597882799496E-5, 1.7472437927058175E-4, 2.825253902478796E-5, 40.76130899797529, 0.5923555774007401, -0.009826556142249586, -49.9867, 150.5281, 10491
45.0, 900.0, 5.192223078186354, -0.05186827415264845, 21.0803370862046, 3.6709743976354368, 0.0019710077749914906, 1.1253924920399274E-6, 5.627464801837795E15, 0.4937928972381491, 0.10267024671562905, -0.015941073682664078, 0.6897495323329751, -0.3056436773619227, 1.842424871048255, 486.2266682298338, 1.5314567955210476E-5, 146.4495474099778, 1.0812411878051795E-5, 1.7576423498309328E-4, 2.832307220537355E-5, 40.76078907742009, 0.5917611216568686, -0.009826784107700106, -49.9867, 150.5282, 10491
45.0, 900.0, 5.485275620742618, -0.054799934195729726, 21.356561366606126, 3.672100906973584, 0.0020883751710944246, 1.128852720879277E-6, 5.627519435261115E15, 0.4945242558366663, 0.1027788275609562, -0.0158847550706957, 0.6845505578333833, 0.15271776839656928, 1.3957967434281542, 492.74905832528145, 1.5256459440346964E-5, 146.44632301405255, 1.0912455187548336E-5, 1.76846715877755E-4, 2.8397586537527795E-5, 40.760239818554176, 0.5911331285752239, -0.009827024984075271, -49.9867, 150.5284, 10491
45.0, 900.0, 5.794868244764081, -0.05789748660280139, 21.64454708249279, 3.6732906219805734, 0.0022130813679450685, 1.1324419873529882E-6, 5.627574994378223E15, 0.49528043965169755, 0.10289151175341321, -0.015826086308173365, 0.684384905477091, 0.11925217524818439, 1.4416339181035327, 499.5554033055084, 1.5197425732540976E-5, 146.4429190914766, 1.1016879640295644E-5, 1.779730762191713E-4, 2.8476306744138797E-5, 40.75965956624099, 0.5904697069189115, -0.009827279505232194, -49.9867, 150.5286, 10491
45.0, 900.0, 6.121934483508941, -0.061170338060602944, 21.94468199817021, 3.6745470668772438, 0.0023456242003679234, 1.1361630805199007E-6, 5.627631374030946E15, 0.4960617773956223, 0.10300838858841697, -0.0157649958172007, 0.6886115023020905, -0.3348500999994086, 1.9087639283982378, 506.65574860125605, 1.51375179129693E-5, 146.43932550960716, 1.1125840817008525E-5, 1.7914458117312818E-4, 2.855947023538454E-5, 40.75904657201257, 0.5897688588968308, -0.009827548447046853, -49.9867, 150.5287, 10491
45.0, 900.0, 6.467460559476737, -0.06462843046077031, 22.257360829396447, 3.6758739598577193, 0.002486539433580506, 1.1400187410838768E-6, 5.627688454504462E15, 0.4968685725036611, 0.10312954538891006, -0.01570141136102378, 0.6870873895548979, -0.21390041193229298, 1.801513999361559, 514.0603958678822, 1.5076789669366913E-5, 146.43553156391005, 1.1239498142388755E-5, 1.803625063951147E-4, 2.8647327823317912E-5, 40.758398988811784, 0.5890284741713252, -0.009827832629854464, -49.9867, 150.5289, 10491
45.0, 900.0, 6.832488358224368, -0.06828227151372605, 22.582985256530385, 3.6772752234771904, 0.002636404066785388, 1.1440116580819027E-6, 5.627746100492266E15, 0.49770110224586045, 0.10325506732836935, -0.015635260088831038, 0.6762651464732337, 0.4621079516050781, 1.139890855682281, 521.7799114551634, 1.5015297039142892E-5, 146.43152594567633, 1.135801499112905E-5, 1.81628137742035E-4, 2.874014447948643E-5, 40.75771486543884, 0.5882463235300541, -0.009828132921036573, -49.9867, 150.5291, 10491
45.0, 900.0, 7.218118570026269, -0.07214296712834602, 22.921963956711608, 3.678754995563201, 0.002795839962088222, 1.148144466093626E-6, 5.627804160016547E15, 0.4985596169894032, 0.1033850372670601, -0.015566468576700881, 0.6706440102994263, 0.6352877007710698, 0.9817923438742169, 529.8251359923821, 1.4953097863927864E-5, 146.42727491987517, 1.148155668289804E-5, 1.8294276052477191E-4, 2.883820013540417E-5, 40.7569921406859, 0.5874200522037696, -0.009828450237762626, -49.9867, 150.5294, 10491
45.0, 900.0, 7.625514008851994, -0.07622225565527543, 23.274712656830843, 3.680317640673087, 0.002965517836936863, 1.1524197360872505E-6, 5.627862463302406E15, 0.4994443381890336, 0.10351953538531486, -0.015494962980099544, 0.6837696446502912, -0.060174739252619035, 1.6930392114458357, 538.2071951842515, 1.4890252817803857E-5, 146.42280944200726, 1.1610298891442113E-5, 1.8430769959609745E-4, 2.8941790525520847E-5, 40.75622863714191, 0.5865471728098153, -0.009828785549532265, -49.9867, 150.5296, 10491
45.0, 900.0, 8.055903118669105, -0.08053254413087621, 23.64165420887947, 3.6819677621207547, 0.0031461616528992583, 1.1568400076942344E-6, 5.627920821604125E15, 0.5003554649762894, 0.10365864011806385, -0.01542066849659851, 0.6898664078292237, -0.8800691552392516, 2.5294246517609618, 546.9375119136823, 1.4826822503930658E-5, 146.4180726030801, 1.1744413963742128E-5, 1.8572425625772236E-4, 2.9051228081026837E-5, 40.7554220546494, 0.5856250579010509, -0.009829139882714727, -49.9867, 150.5298, 10491
45.0, 900.0, 8.510583677644155, -0.0850869465758269, 24.02321868907764, 3.683710214596493, 0.0033385534518289143, 1.1614077214529455E-6, 5.627979025981504E15, 0.5012931601268551, 0.10380242594012619, -0.015343510510110236, 0.6628481171080147, 0.7664766722587817, 0.9000753027500121, 556.0278197477602, 1.4762869971853815E-5, 146.41307210508668, 1.1884083985678226E-5, 1.871937614989264E-4, 2.9166842872028183E-5, 40.754569963393806, 0.5846509320978659, -0.009829514321266285, -49.9867, 150.5301, 10491
45.0, 900.0, 8.99092671141123, -0.08989932455280346, 24.419843521977892, 3.6855501174039667, 0.0035435386826910523, 1.1661252913476563E-6, 5.628036846024013E15, 0.5022575650263319, 0.1039509655647213, -0.015263413385687055, 0.6840841321182988, -0.24643192683778076, 1.9308798542380214, 565.4901779436872, 1.4698458603653334E-5, 146.40779306694571, 1.2029494658506667E-5, 1.8871755739743493E-4, 2.9288983604724492E-5, 40.75366979660463, 0.5836218637804502, -0.009829910012746837, -49.9867, 150.5304, 10491
45.0, 900.0, 9.498380627208013, -0.09498433004786516, 24.831973630528513, 3.6874928683389037, 0.0037620320763189895, 1.1709950588787488E-6, 5.628094028520296E15, 0.5032487902349945, 0.10410432841322848, -0.01518030125784249, 0.6741744287110731, 0.3623506386547334, 1.3406811448682507, 575.336988051963, 1.4633652300133918E-5, 146.40221976767901, 1.2180836241334224E-5, 1.9029699361488607E-4, 2.9418018671671216E-5, 40.75271884284719, 0.582534756317413, -0.009830328170540536, -49.9867, 150.5307, 10491
45.0, 900.0, 10.034475581345221, -0.1003574508445954, 25.260061612863534, 3.689544158234333, 0.003995024130910738, 1.1760193071097093E-6, 5.628150296070298E15, 0.5042669184561773, 0.1042625809720614, -0.015094097815398194, 0.6713832091879292, 0.4470519911382693, 1.2752338455701624, 585.5810122148866, 1.4568515158643508E-5, 146.39633559901546, 1.2338304187645466E-5, 1.9193343248867016E-4, 2.9554337267625325E-5, 40.75171423788121, 0.5813863388038572, -0.009830770078121725, -49.9867, 150.531, 10491
45.0, 900.0, 10.600828093178963, -0.10603505853164774, 25.704567946367888, 3.691709986197425, 0.004243588272766094, 1.1812002623079601E-6, 5.628205345637034E15, 0.5053120049698153, 0.10442578675945188, -0.01500472629755091, 0.6723366261715094, 0.3722361423176534, 1.369949497084906, 596.2353932596368, 1.4503110927522896E-5, 146.3901012327744, 1.2502097096147532E-5, 1.9362823893163906E-4, 2.9698350559605788E-5, 40.75065295606323, 0.5801731562835184, -0.009831237093197338, -49.9867, 150.5313, 10491
45.0, 900.0, 11.199145919498765, -0.11203445929130937, 26.16596121935167, 3.693996675563144, 0.004508888772175984, 1.1865400900537958E-6, 5.628258847034776E15, 0.5063840769851051, 0.10459400611870168, -0.01491210958930747, 0.6850564449158549, -0.611196783151449, 2.373896155851342, 607.3136766868987, 1.4437503666031219E-5, 146.38351991751372, 1.2672423686389131E-5, 1.9538281315702757E-4, 2.985049293232015E-5, 40.7495318012667, 0.5788915594253119, -0.009831730651738613, -49.9867, 150.5316, 10491
45.0, 900.0, 11.831233204029326, -0.11837394766786986, 26.64471839046059, 3.6964108905899016, 0.004792189498850638, 1.1920409246473642E-6, 5.628310441350171E15, 0.5074831396889161, 0.1047672970616354, -0.014816169740861584, 0.6827871927468186, -0.41798414178590293, 2.201771488831434, 618.8298346583299, 1.4371756190746119E-5, 146.3765720712972, 1.2849497140900439E-5, 1.971985676713761E-4, 3.001122329665298E-5, 40.74834739729269, 0.5775376936244796, -0.00983225227374364, -49.9867, 150.532, 10491
45.0, 900.0, 12.498995917573593, -0.12507286344066995, 27.14132507575405, 3.698959653922321, 0.005094863613817561, 1.1977048388692205E-6, 5.628359739292563E15, 0.5086091703266608, 0.10494571423459907, -0.014716828522686326, 0.6740385287292384, 0.18594483769927325, 1.6194564482363127, 630.7982920892317, 1.4305930297055859E-5, 146.36923700697986, 1.3033536634224135E-5, 1.9907692895941012E-4, 3.018102647621073E-5, 40.747096177743956, 0.576107487497493, -0.009832803567102174, -49.9867, 150.5324, 10491
45.0, 900.0, 13.204447605201148, -0.13215165182226707, 27.65627586320131, 3.7016503648459214, 0.005418404305237571, 1.2035338618786047E-6, 5.628406319469583E15, 0.5097621219938084, 0.10512930940294452, -0.014614007150678468, 0.6810236677478962, -0.3540672278437536, 2.18155104555977, 643.2339549566912, 1.4240086486662666E-5, 146.3614928698294, 1.3224768141045817E-5, 2.0101934392535793E-4, 3.036041467176846E-5, 40.74577437533083, 0.574596640736015, -0.009833386233229446, -49.9867, 150.5328, 10491
45.0, 900.0, 13.949715457811752, -0.13963192717114137, 28.1900746541823, 3.7044908183581278, 0.005764436688713156, 1.2095299840785686E-6, 5.628449726583801E15, 0.5109419247953816, 0.10531813152731816, -0.014507626236202387, 0.6561113815114512, 0.759600552423165, 1.0903673994342817, 656.1522409382866, 1.4174283513132718E-5, 146.35329479456152, 1.3423422360925268E-5, 2.0302727034824685E-4, 3.054992900724764E-5, 40.74437801057923, 0.5730006112863566, -0.0098340020726631, -49.9867, 150.5332, 10491
45.0, 900.0, 14.737046726381994, -0.14753654041808967, 28.743235031435248, 3.707489225079384, 0.006134731009027816, 1.2156951568661186E-6, 5.628489469546086E15, 0.5121484860079257, 0.10551222668156095, -0.014397605828127588, 0.6649444217884126, 0.4927784155756602, 1.3799981682002052, 669.5691125022649, 1.4108579057849636E-5, 146.34464016948405, 1.3629742351089347E-5, 2.0510221243870397E-4, 3.075014116288368E-5, 40.74290287990608, 0.5713146018164528, -0.009834652990651168, -49.9867, 150.5337, 10491
45.0, 900.0, 15.568815498236312, -0.15588965047542322, 29.316280652769525, 3.7106542320273146, 0.006531217293481541, 1.2220313246839431E-6, 5.628525019501089E15, 0.513381696542591, 0.10571163899022691, -0.01428386487677491, 0.6600277219518635, 0.623790743456382, 1.2720314361044367, 683.5011125769728, 1.4043028290968261E-5, 146.33550322682726, 1.3843977571437461E-5, 2.0724569748727613E-4, 3.096165510409608E-5, 40.741344543027864, 0.5695335454318293, -0.009835341004572751, -49.9867, 150.5341, 10491
45.0, 900.0, 16.44752985577528, -0.16471679979683682, 29.909745669760287, 3.7139949442758495, 0.006956001634096456, 1.2285403968847816E-6, 5.628555807760127E15, 0.5146414256103246, 0.10591640967404166, -0.014166321770450754, 0.6625636061891189, 0.5259420775772551, 1.3930642357771919, 697.9654029352876, 1.3977684002606334E-5, 146.32583497148363, 1.4066383053912692E-5, 2.094592665272143E-4, 3.118510890249933E-5, 40.73969830966528, 0.5676520905999229, -0.009836068249575164, -49.9867, 150.5346, 10491
45.0, 900.0, 17.375839439247304, -0.17404499437397747, 30.52417517056186, 3.7175209475198847, 0.0074113842820158204, 1.2352242636035187E-6, 5.628581223636588E15, 0.5159275240402363, 0.10612657748444097, -0.014044894090983251, 0.6824259574611458, -0.8021324511966805, 2.744351914559756, 712.9798054389009, 1.3912597308887826E-5, 146.31562842091282, 1.4297227966928851E-5, 2.1174451650900523E-4, 3.142117666603734E-5, 40.73795922550455, 0.5656645852387601, -0.009836836985733838, -49.9867, 150.5352, 10491
45.0, 900.0, 18.35654343636822, -0.18390278848164038, 31.16012564591908, 3.721242331564494, 0.007899879780866374, 1.2420848290700349E-6, 5.628600612178861E15, 0.5172398308431057, 0.10634217968851285, -0.013919498041924966, 0.6621599510936584, 0.4952014199640281, 1.470139551850325, 728.5628462975524, 1.384781629521645E-5, 146.30485319364894, 1.4536789457223524E-5, 2.1410307664491653E-4, 3.167057057259657E-5, 40.73612205737512, 0.5635650599263253, -0.009837649606768889, -49.9867, 150.5357, 10491
45.0, 900.0, 19.392599022880354, -0.19432037437274524, 31.818165477419562, 3.7251697147557907, 0.008424239374344583, 1.2491239842467189E-6, 5.628613271795723E15, 0.5185781680643523, 0.10656325114874927, -0.013790048975992064, 0.6747724619554863, -0.16701334764966577, 2.1552522676950403, 744.7338035097199, 1.3783386228700825E-5, 146.2934554252751, 1.4785351859410298E-5, 2.1653659931971907E-4, 3.193404302501906E-5, 40.73418127759963, 0.5613472101810015, -0.009838508647064372, -49.9866, 150.5363, 10491
45.0, 900.0, 20.487130279502384, -0.2053296772679923, 32.49887544701416, 3.7293142693683246, 0.008987475971886268, 1.2563436246213965E-6, 5.628618451769024E15, 0.5199423443501434, 0.10678982482634966, -0.013656461104916445, 0.6584631185926937, 0.582319847992405, 1.4284504634375639, 761.5127576638395, 1.3719350298451125E-5, 146.28142297973966, 1.5043215806974165E-5, 2.1904680443505232E-4, 3.2212388919736845E-5, 40.73213104747108, 0.5590043777645741, -0.009839416790309988, -49.9866, 150.5369, 10491
45.0, 900.0, 21.643437612157808, -0.21696445601631462, 33.20284926683604, 3.733687747961301, 0.009592891977473726, 1.2637456844726683E-6, 5.628615349648499E15, 0.5213321614890147, 0.10702193280227984, -0.013518646891625657, 0.6698327286722785, 0.08608133916172248, 1.946700121256862, 778.9206462928207, 1.3655748340161117E-5, 146.2687200357074, 1.5310691850917682E-5, 2.216354553602208E-4, 3.250644805278743E-5, 40.729965199808916, 0.5565295309543505, -0.00984037687980312, -49.9866, 150.5376, 10491
45.0, 900.0, 22.86500770388742, -0.22926040966794062, 33.93069412836949, 3.738302510712949, 0.01024411032720834, 1.2713321098605363E-6, 5.628603108523546E15, 0.5227474093248571, 0.10725960537729441, -0.013376517571790134, 0.6620908535098178, 0.42358479711714664, 1.6305235755453527, 796.979321989457, 1.359261712609718E-5, 146.25528698747794, 1.5588099717284388E-5, 2.2430435003692424E-4, 3.281710765546434E-5, 40.72767722054329, 0.5539152437289294, -0.009841391927166897, -49.9866, 150.5383, 10491
45.0, 900.0, 24.155524028454376, -0.2422552903771833, 34.68303127005591, 3.7431715537389536, 0.010945109144526824, 1.2791048780035898E-6, 5.628580814166822E15, 0.5241878694445999, 0.1075028716308456, -0.013229982818484823, 0.6504639119321997, 0.7658981746052224, 1.3086793057255917, 815.711614506233, 1.3529991136035947E-5, 146.24110562258682, 1.587577803205539E-5, 2.2705536762578806E-4, 3.3145305076116796E-5, 40.725260229274404, 0.5511536738100431, -0.009842465122812765, -49.9866, 150.539, 10491
45.0, 900.0, 25.51887795734414, -0.25598902308985944, 35.460496562474525, 3.748308538397058, 0.011700260440681523, 1.2870660321768797E-6, 5.6285474920446E15, 0.5256533215809399, 0.1077517604646369, -0.013078950099280923, 0.676863259924165, -0.5099218931633509, 2.603928519042017, 835.1413970800038, 1.3467901210667614E-5, 146.2261119474282, 1.6174074700845744E-5, 2.2989043065164093E-4, 3.3492030613237975E-5, 40.722706958750244, 0.5482365394985567, -0.009843599848195423, -49.9866, 150.5398, 10491
45.0, 900.0, 26.95918049365098, -0.27050383228480107, 36.263741110296756, 3.7537278215756134, 0.012514373380240215, 1.2952176500039846E-6, 5.62850210418894E15, 0.52714353762341, 0.10800629956269361, -0.012923325284992793, 0.6721870206626676, -0.15831219869117474, 2.2705183102542037, 855.2936572400004, 1.3406375847444618E-5, 146.21028310546924, 1.6483357970896392E-5, 2.328115476733158E-4, 3.385833050871644E-5, 40.72000973320421, 0.5451550952414141, -0.00984479968626138, -49.9866, 150.5406, 10491
45.0, 900.0, 28.4807746682328, -0.2858443763921785, 37.09343187028489, 3.759444486959079, 0.013392742676268507, 1.3035618942391644E-6, 5.628443545926887E15, 0.5286582907962917, 0.10826651693178338, -0.012763011692480841, 0.6716324418172642, -0.13592639640312182, 2.264906610184514, 876.1945723765673, 1.3345440040252309E-5, 146.19357195909424, 1.6804010199863554E-5, 2.3582079384544023E-4, 3.424531011269201E-5, 40.71716044548976, 0.5419001058612967, -0.009846068435620263, -49.9866, 150.5415, 10491
45.0, 900.0, 30.088248635513313, -0.3020578901985941, 37.95025228468435, 3.7654743772581436, 0.014341202755824976, 1.312100985408597E-6, 5.628370642462078E15, 0.5301973504147104, 0.10853243999962026, -0.0125979106069702, 0.6730258679871292, -0.25519142246975923, 2.399320207053024, 897.8715903679166, 1.3285115543586776E-5, 146.17588520845197, 1.7136424043922737E-5, 2.389202883834326E-4, 3.4654137223281746E-5, 40.71415053294646, 0.5384618193786754, -0.009847410123025948, -49.9866, 150.5424, 10491
45.0, 900.0, 31.78644950841998, -0.3191943357887959, 38.83490292944401, 3.77183412738631, 0.015366188435779634, 1.3208372187490817E-6, 5.628282145304428E15, 0.531760484750854, 0.10880409609819255, -0.01242792096057227, 0.6611809426677552, 0.3898070922872812, 1.7676421611066764, 920.3535155829202, 1.3225422570819764E-5, 146.15723550453154, 1.748102583622317E-5, 2.4211229894718027E-4, 3.5086045620005545E-5, 40.710970951929085, 0.534829938352472, -0.009848829017515348, -49.9866, 150.5434, 10491
45.0, 900.0, 33.580497974175145, -0.33730656279555565, 39.7481021767877, 3.7785411985583766, 0.016474802928497047, 1.329773029316011E-6, 5.628176728543837E15, 0.533347472291196, 0.10908151443825888, -0.012252938052924892, 0.6707950158824417, -0.11376916085560368, 2.2825081322027536, 943.6706005995328, 1.3166376527420288E-5, 146.13750202509627, 1.7838244239946563E-5, 2.453991161098454E-4, 3.554233879394374E-5, 40.70761215092614, 0.5309935896611453, -0.009850329648467788, -49.9866, 150.5444, 10491
45.0, 900.0, 35.475803735012164, -0.3564504780033044, 40.690586871751364, 3.7856139132793043, 0.017674894132230747, 1.3389108921962585E-6, 5.628052984964193E15, 0.5349580835145095, 0.10936472295793362, -0.01207285548363217, 0.6746035479696377, -0.4070595225216055, 2.584857151309986, 967.8546440007513, 1.3107991730608737E-5, 146.11666955612387, 1.820854225955324E-5, 2.487831720978533E-4, 3.6024393892436726E-5, 40.70406404219219, 0.5269412926427348, -0.009851916818165335, -49.9866, 150.5455, 10491
45.0, 900.0, 37.47808182037589, -0.3766852256083517, 41.66311302239313, 3.79307149118444, 0.01897514025084176, 1.3482534543151263E-6, 5.627909421994393E15, 0.5365921038219973, 0.10965375236214644, -0.01188756255266371, 0.6711555261597388, -0.14708219037503548, 2.3315124840562884, 992.9390946330534, 1.305027856104359E-5, 146.09465432872832, 1.859239760115605E-5, 2.5226697997576315E-4, 3.653366588279348E-5, 40.70031597181342, 0.522660925509542, -0.00985359562354744, -49.9866, 150.5466, 10491
45.0, 900.0, 39.593369819794674, -0.39807337817230287, 42.6664565034747, 3.800934085684011, 0.020385145978177113, 1.3578034466042944E-6, 5.627744457493545E15, 0.5382493174251053, 0.10994863334188432, -0.011696945959658797, 0.6614496252671431, 0.38054377193807487, 1.8079067183687443, 1018.9591627359155, 1.2993245280666179E-5, 146.07141255617023, 1.8990316682425623E-5, 2.558531753121492E-4, 3.7071691957455274E-5, 40.69635668812159, 0.5181396899467199, -0.009855371472270353, -49.9865, 150.5478, 10491
45.0, 900.0, 41.82804608838716, -0.42068113943091856, 43.70141377350441, 3.8092228213561787, 0.021915550610498918, 1.3675637526882003E-6, 5.627556415368042E15, 0.5399295187852144, 0.11024939864206514, -0.011500888416700203, 0.6722818935771145, -0.21035371447508144, 2.400037457786997, 1045.9519383752606, 1.293689675463373E-5, 146.04683154363, 1.9402821296998287E-5, 2.595444718172825E-4, 3.764009618343506E-5, 40.692174308368095, 0.5133640738025513, -0.009857250104861295, -49.9865, 150.5491, 10491
45.0, 900.0, 44.18884897990008, -0.4445785593364311, 44.7688026051196, 3.817959832023851, 0.023578149660256734, 1.3775373715288928E-6, 5.627343521018825E15, 0.5416325054454684, 0.11055608184557614, -0.011299269359890146, 0.6558892607498807, 0.5975287168675388, 1.5904426223499128, 1073.9565176384585, 1.2881236471323096E-5, 146.02088162881748, 1.9830472775316232E-5, 2.6334375428340047E-4, 3.824059442027974E-5, 40.687756283564475, 0.5083198117721643, -0.009859237614667579, -49.9865, 150.5504, 10491
45.0, 900.0, 46.68289716527154, -0.46983976264115923, 45.869462828872145, 3.827168299440817, 0.025386031761569325, 1.387727494860032E-6, 5.627103896617831E15, 0.5433580905278945, 0.11086871968858768, -0.011091963347943781, 0.660130688002963, 0.4603195149252618, 1.722854850982492, 1103.0141370737033, 1.2826264269054016E-5, 145.993463818479, 2.0273851861148187E-5, 2.672540077839542E-4, 3.887499951254319E-5, 40.68308936139148, 0.5029918439731746, -0.009861340473756156, -49.9865, 150.5519, 10491
45.0, 900.0, 49.31771109798763, -0.4965431912806291, 47.00425709056235, 3.836872492502785, 0.027353732888744358, 1.3981374331597722E-6, 5.626835556213345E15, 0.5451060892412674, 0.11118734971082166, -0.010878841512569098, 0.6751684083858972, -0.37713451523429475, 2.5523125197388437, 1133.1683168822044, 1.2771978131818974E-5, 145.96451821161563, 2.0733574891701667E-5, 2.712783687111979E-4, 3.954522677928827E-5, 40.67815954707395, 0.49736427230600766, -0.009863565555381638, -49.9865, 150.5534, 10491
45.0, 900.0, 52.101235690958106, -0.5247718620457814, 48.17407162234464, 3.847097806888497, 0.029497410223355315, 1.4087706849324924E-6, 5.626536400664862E15, 0.5468763297709602, 0.1115120123060295, -0.010659770105604927, 0.667047030419077, 0.19208252541607718, 1.9718134652719266, 1164.4650133975442, 1.271837296339456E-5, 145.9339151357249, 2.1210279470670976E-5, 2.754200781215427E-4, 4.0253299813831004E-5, 40.67295206211275, 0.4914203144880229, -0.009865920162666339, -49.9865, 150.5549, 10490
45.0, 900.0, 55.04186427329007, -0.5546136400476307, 49.37981702790145, 3.85787080502547, 0.03183503830738514, 1.4196308976165242E-6, 5.626204212408969E15, 0.5486686457600677, 0.11184274944260078, -0.01043461124756552, 0.6633842250248443, 0.38912003831832476, 1.7601552356809198, 1196.9527814127277, 1.2665442456745709E-5, 145.90158521535074, 2.1704647090571628E-5, 2.796825647571152E-4, 4.100135661293353E-5, 40.667451300761826, 0.4851422556460063, -0.00986841205558984, -49.9865, 150.5566, 10490
45.0, 900.0, 58.148463899198035, -0.5861615296480188, 50.62242908205118, 3.8692192562640635, 0.03438663051324909, 1.4307219412421906E-6, 5.625836650058775E15, 0.5504828874864852, 0.11217960681982642, -0.010203221348605684, 0.6788166219338096, -0.5819448883216018, 2.713245524990292, 1230.6829469418217, 1.2613177545067355E-5, 145.86743220604387, 2.2217393059448027E-5, 2.8406941662851887E-4, 4.1791656052633185E-5, 40.661640784129666, 0.4785113973450561, -0.0098710494841314, -49.9865, 150.5584, 10490
45.0, 900.0, 61.430402085365756, -0.6195139834455156, 51.902869545220206, 3.8811721771327496, 0.037174489286043236, 1.4420478562393665E-6, 5.625431242840547E15, 0.5523189120797725, 0.11252263217799624, -0.009965452123800109, 0.6798680521711733, -0.6232585443705145, 2.733258002638551, 1265.70979102958, 1.2561566975001584E-5, 145.8313544266487, 2.274926973872449E-5, 2.8858438141558915E-4, 4.2626584731939004E-5, 40.65550311178221, 0.4715080039294923, -0.009873841220052786, -49.9865, 150.5603, 10490
45.0, 900.0, 64.89757505738264, -0.654775230859588, 53.22212699326919, 3.8937598715366546, 0.04022348910658212, 1.4536128782974713E-6, 5.624985384872403E15, 0.5541765865130369, 0.11287187595500123, -0.009721150018559763, 0.6671166412811189, 0.3284976790577236, 1.7569486262399818, 1302.0907452490385, 1.251059736610628E-5, 145.7932444513299, 2.3301069608839664E-5, 2.9323138172904765E-4, 4.350866420665534E-5, 40.64901991071546, 0.46411124604369913, -0.009876796592997766, -49.9864, 150.5622, 10490
45.0, 900.0, 68.56043759042794, -0.6920556275944578, 54.58121766321912, 3.907013970750974, 0.04356139672151409, 1.4654214440617608E-6, 5.624496329291239E15, 0.5560557873372481, 0.11322739135059108, -0.009470156025360846, 0.6653218007122761, 0.44606753114692715, 1.6116998009652694, 1339.8865995536933, 1.2460253191842396E-5, 145.75296709607892, 2.3873623198955514E-5, 2.980145060200558E-4, 4.4440558628785335E-5, 40.64217178156153, 0.4562991411976265, -0.009879925528914995, -49.9864, 150.5643, 10490
45.0, 900.0, 72.43003453418311, -0.7314720273555831, 55.98118631547427, 3.9209674730507946, 0.04721923380878334, 1.477478193194721E-6, 5.623961182235464E15, 0.5579563997929367, 0.11358923427504812, -0.009212305576441704, 0.6776092309950613, -0.18817341226932421, 2.2153177668841364, 1379.1617231775115, 1.2410517479258081E-5, 145.71042415082897, 2.4467814445366466E-5, 3.029380668304694E-4, 4.5425082823712914E-5, 40.634938241884754, 0.4480484912357201, -0.009883238591025387, -49.9864, 150.5665, 10490
45.0, 900.0, 76.51803411703126, -0.7731481776929253, 57.4231071131861, 3.9356547828094857, 0.051231688040514534, 1.4897879983908521E-6, 5.623376896692619E15, 0.5598783212468884, 0.11395746412799869, -0.008947427834300442, 0.6639016005901415, 0.5886913861010497, 1.4051269778949436, 1419.9842993026712, 1.236137076384647E-5, 145.66548892752678, 2.50845717227101E-5, 3.080065690289206E-4, 4.64652108242695E-5, 40.627297666418464, 0.4393348165636617, -0.009886747025404841, -49.9864, 150.5688, 10490
45.0, 900.0, 80.83676312996798, -0.817215141162128, 58.90808451944631, 3.9511117488893204, 0.05563757937432974, 1.5023559259863566E-6, 5.622740266222569E15, 0.5618214536789522, 0.11433214248988774, -0.008675346468657058, 0.6660027282942702, 0.561405874133175, 1.3966866959585773, 1462.4265742415748, 1.2312791571682669E-5, 145.61800590688512, 2.5724867883231918E-5, 3.1322469924491064E-4, 4.756408488794601E-5, 40.61922722408532, 0.43013228698005257, -0.0098904628077752, -49.9864, 150.5713, 10490
45.0, 900.0, 85.3992440963155, -0.863811743872531, 60.43725421303689, 3.967375702140656, 0.06048038939676217, 1.515187255260081E-6, 5.622047918568622E15, 0.5637857054715391, 0.11471333357456993, -0.008395879185600794, 0.6678138609051771, 0.5531531519518736, 1.367181314270704, 1506.56512190638, 1.2264757076479452E-5, 145.56785534973494, 2.6389737904339744E-5, 3.185973946854511E-4, 4.872502502509933E-5, 40.61070281163781, 0.4204136489574828, -0.009894398695085266, -49.9864, 150.5739, 10490
45.0, 900.0, 90.21923453932051, -0.9130850536880127, 62.01178402350243, 3.984485491820055, 0.06580886275635739, 1.5282875055069223E-6, 5.621296309170735E15, 0.5657709942010504, 0.11510110489665505, -0.008108837074323763, 0.6810507470703675, -0.06678248654914037, 1.9477593028968063, 1552.4811243660927, 1.2217241987990037E-5, 145.5148661816876, 2.7080264331467276E-5, 3.241297901719345E-4, 4.995153907192571E-5, 40.601698983748015, 0.4101501492108399, -0.009898568282186715, -49.9863, 150.5766, 10490
45.0, 900.0, 95.31126846604134, -0.9651908894946089, 63.63287488634426, 4.002481520733504, 0.07167769105258004, 1.5416623897977424E-6, 5.620481714596754E15, 0.5677772382454885, 0.11549552575991122, -0.007814025557229778, 0.6856312865940772, -0.36503262096536954, 2.2055502262664106, 1600.2606693182845, 1.2170219635962763E-5, 145.45888054911654, 2.7797592059771247E-5, 3.298272608032142E-4, 5.124733332595786E-5, 40.59218887936884, 0.39931145438600923, -0.009902986060263531, -49.9863, 150.5795, 10490
45.0, 900.0, 100.69070019261355, -1.0202943645956593, 65.30176181916764, 4.021405778908612, 0.07814829109721258, 1.5553178577148215E-6, 5.619600225909607E15, 0.5698043619706314, 0.11589666838249248, -0.00751124340188615, 0.6809054757955998, 0.16680459180603152, 1.6327136496214574, 1649.9950653298679, 1.2123661463687315E-5, 145.39973166235416, 2.8542929124504516E-5, 3.3569543039010973E-4, 5.261632379438428E-5, 40.58214414418041, 0.38786556669716177, -0.00990766748251168, -49.9863, 150.5826, 10490
45.0, 900.0, 106.37375064304275, -1.078570466278717, 67.01971491964335, 4.041301875599719, 0.08528969131074814, 1.5692600718012682E-6, 5.618647741990236E15, 0.5718522908456152, 0.11630460705501172, -0.00720028318661714, 0.6799588021902577, 0.3355176810939134, 1.423082557275068, 1701.7811757292684, 1.207753702242007E-5, 145.33724328565336, 2.9317548851953558E-5, 3.4174017016512986E-4, 5.4062648072941854E-5, 40.57153484892843, 0.3757787353360986, -0.009912629033415055, -49.9863, 150.5858, 10490
45.0, 900.0, 112.37755626113236, -1.1402046743817669, 68.788040386173, 4.062215069432401, 0.09317954214514867, 1.5834954030650198E-6, 5.617619962838096E15, 0.5739209495476514, 0.11671941786697437, -0.006880931360573314, 0.6910868640542658, -0.5164008235219764, 2.234840709692212, 1755.721772061038, 1.2031813956889595E-5, 145.2712291972844, 3.0122793159298982E-5, 3.479676056864342E-4, 5.559067789820169E-5, 40.56032940345326, 0.3630153634719626, -0.009917888303867632, -49.9863, 150.5892, 10490
45.0, 900.0, 118.72022068303308, -1.2053936218021648, 70.60808156217415, 4.084192296499329, 0.10190526874394927, 1.5980304247612E-6, 5.616512382872969E15, 0.5760102598813293, 0.11714117838530548, -0.006552968351220004, 0.6922548318283639, -0.4855065837220494, 2.1652673294026488, 1811.9259080437323, 1.1986457981716573E-5, 145.20149261783084, 3.096007593327384E-5, 3.543841232322464E-4, 5.7205032415613906E-5, 40.54849446620043, 0.3495379106565495, -0.009923464072225989, -49.9862, 150.5928, 10490
45.0, 900.0, 125.42086932622585, -1.2743458001476466, 72.48122000492722, 4.107282196227945, 0.11156538705753118, 1.6128719043171429E-6, 5.615320284263792E15, 0.5781201385154976, 0.11756996728324942, -0.006216168724097665, 0.6850687589230536, 0.38107763632735064, 1.2622461246934065, 1870.509315003096, 1.1941432848628635E-5, 145.1278256046732, 3.18308864757034E-5, 3.6099637558048916E-4, 5.891059219090563E-5, 40.5359948489954, 0.3353067904447471, -0.009929376391770226, -49.9862, 150.5966, 10490
45.0, 900.0, 132.49970705954334, -1.3472823140102648, 74.40887657995121, 4.131535134852342, 0.12227100775996488, 1.6280267932613222E-6, 5.614038730312116E15, 0.5802504945422394, 0.11800586391811324, -0.005870301399873032, 0.6901490111587333, 0.14542706379037768, 1.4644877557030627, 1931.5948197857083, 1.1896700272978852E-5, 145.049986826951, 3.27367869396856E-5, 3.67811265756341E-4, 6.071251402037544E-5, 40.52279341685746, 0.320280263037684, -0.00993564668509571, -49.9862, 150.6006, 10490
45.0, 900.0, 139.97807912812604, -1.4244376874838889, 76.39251258190036, 4.157003226337117, 0.1341475561826356, 1.643502213568472E-6, 5.612662558919555E15, 0.5824012266642187, 0.11844894781521922, -0.005515129967133214, 0.6920231002338605, 0.11533102266019922, 1.4649986194870874, 1995.3127861936803, 1.1852220418639625E-5, 144.96774408927965, 3.3679427373654526E-5, 3.7483599194893875E-4, 6.261624657236338E-5, 40.508850982619286, 0.30441432275085, -0.009942297845617563, -49.9862, 150.6049, 10490
45.0, 900.0, 147.8785355170237, -1.506060727608732, 78.43363088299893, 4.183740350620041, 0.14733674097322233, 1.6593054681008442E-6, 5.611186376170288E15, 0.5845722238344895, 0.11889929884936007, -0.005150412453612266, 0.6968557880790271, -0.40169309976698836, 1.9570490134986325, 2061.8015810193715, 1.1807951351580627E-5, 144.88087355324612, 3.4660551659563655E-5, 3.820780641304581E-4, 6.46275469173614E-5, 40.49412619611107, 0.2876625801091559, -0.009949354348261835, -49.9862, 150.6094, 10489
45.0, 900.0, 156.22489894752135, -1.5924154488733318, 80.53377711005675, 4.211802169063264, 0.1619988092274043, 1.6754440023114625E-6, 5.609604550061124E15, 0.5867633592507079, 0.11935699604100691, -0.004775902229187362, 0.6972434176519732, -0.2745543197650803, 1.8103071592470297, 2131.2080658009936, 1.176384839791581E-5, 144.78907272599787, 3.56819743418514E-5, 3.895452086085616E-4, 6.675249798201419E-5, 40.478575427660274, 0.2699761383666899, -0.009956842368131541, -49.9861, 150.6141, 10489
45.0, 900.0, 165.04233671122358, -1.683782062836048, 82.6945408511351, 4.241246137029293, 0.1783151319285692, 1.6919253574724977E-6, 5.607911204412935E15, 0.5889744836243734, 0.11982211614850861, -0.004391349142030418, 0.6965021445582152, -0.00931655401279601, 1.5315446996135362, 2203.6881154660823, 1.1719865660924388E-5, 144.6921105700442, 3.674562711951244E-5, 3.9724551051578075E-4, 6.899752699565575E-5, 40.462152645650015, 0.2513034642463041, -0.009964789907079736, -49.9861, 150.6191, 10489
45.0, 900.0, 174.35743655850237, -1.7804580407377755, 84.9175568929605, 4.272131513528301, 0.1964911704808573, 1.7087572243179451E-6, 5.606100212998217E15, 0.5912054321714137, 0.12029473511691563, -0.00399649833368651, 0.6984901146039825, -0.2822901997529473, 1.7977029714602195, 2279.4071650808824, 1.167595383934904E-5, 144.58965423268205, 3.785351502699499E-5, 4.051872696685152E-4, 7.13694249636155E-5, 40.444809287872516, 0.23159025269906008, -0.00997322693445467, -49.9861, 150.6244, 10489
45.0, 900.0, 184.19828687013987, -1.8827592513741973, 87.20450649021423, 4.304519367917069, 0.21675988326507828, 1.7259473183700418E-6, 5.604165193920208E15, 0.5934560079224522, 0.12077492451782565, -0.003591093235431525, 0.6974540043344466, -0.040292664663051196, 1.5561266251886248, 2358.5407859805005, 1.1632062185976657E-5, 144.4813974304617, 3.9007752567848026E-5, 4.133790860862808E-4, 7.387536724072434E-5, 40.42649412640587, 0.2107792854732078, -0.009982185533149793, -49.9861, 150.6299, 10489
45.0, 900.0, 194.59456135391218, -1.9910211843006405, 89.55711866785795, 4.338472583666926, 0.23938564054567596, 1.7435034511741894E-6, 5.602099504279263E15, 0.5957259914623416, 0.12126275353371074, -0.0031748740062295944, 0.6959114198330809, 0.16760433934433236, 1.3562827877405739, 2441.2752926180106, 1.1588137388655912E-5, 144.3670378426894, 4.021056803728414E-5, 4.218298827781255E-4, 7.65229352506257E-5, 40.40715312573641, 0.18881028329407323, -0.009991700062491622, -49.986, 150.6358, 10489
45.0, 900.0, 205.57760852150503, -2.10560026352925, 91.97717155769267, 4.374055859257923, 0.26466872728661744, 1.7614334513821979E-6, 5.599896235162028E15, 0.5980151309737166, 0.12175828674834842, -0.002747579509535858, 0.6988403159874814, -0.4442077267606585, 1.9840153085895222, 2527.8083815414534, 1.1544122933408941E-5, 144.2461901315346, 4.146427392369355E-5, 4.3054878006643186E-4, 7.932013942308258E-5, 40.38672929384329, 0.16561975145038765, -0.010001807331015472, -49.986, 150.642, 10489
45.0, 900.0, 217.1805462155663, -2.2268752585247364, 94.46649377038759, 4.411335706298886, 0.29295052607387906, 1.7797451036649369E-6, 5.597548206988276E15, 0.600323135330826, 0.1222615825049751, -0.002308948924326523, 0.6937624046814344, 0.23282974279859125, 1.3308132566970012, 2618.3498039866527, 1.149996050969311E-5, 144.11853523214043, 4.2771319641040105E-5, 4.3954524437549684E-4, 8.22754434050325E-5, 40.36516252595572, 0.1411408185853924, -0.01001254678146736, -49.986, 150.6486, 10489
45.0, 900.0, 229.43836147192874, -2.355248804613943, 97.02696580426232, 4.450380445017132, 0.3246194876096844, 1.7984461888307933E-6, 5.595047965249038E15, 0.6026496803484545, 0.12277269408885645, -0.0018587209610747002, 0.6926998126547974, 0.21237014029789214, 1.3828580168691709, 2713.122073661866, 1.1455587851190226E-5, 143.98364739954192, 4.413423896620777E-5, 4.4882891777736774E-4, 8.539778961564821E-5, 40.342389440688606, 0.11530306850076055, -0.010023960694126758, -49.986, 150.6555, 10489
45.0, 900.0, 242.38801601812324, -2.491149036926155, 99.66052149215699, 4.491260197307046, 0.36011801359096973, 1.8175443391712082E-6, 5.592387776667905E15, 0.6049943921509741, 0.12329166587655878, -0.0013966375324502567, 0.6956376514739008, -0.3447711701234547, 1.9789342533968286, 2812.361211398271, 1.1410940617292237E-5, 143.84112178377154, 4.555569026493914E-5, 4.584097017514005E-4, 8.869662621646408E-5, 40.31834320826002, 0.08803236477474652, -0.010036094399682165, -49.986, 150.6628, 10489
45.0, 900.0, 256.06855772629865, -2.6350313534234164, 102.36914948778546, 4.534046877572577, 0.3999503974690871, 1.837047098276256E-6, 5.589559625814786E15, 0.6073568566090078, 0.12381853514091519, -9.224425453950719E-4, 0.6888791509148584, 0.25916124595112194, 1.4206355928432326, 2916.3175284490253, 1.1365951223754212E-5, 143.69053013215284, 4.70384508145683E-5, 4.6829774326201043E-4, 9.218193556442987E-5, 40.292953370489684, 0.0592506680142586, -0.010048996513370868, -49.986, 150.6705, 10488
45.0, 900.0, 270.5212383566192, -2.7873803151592944, 105.15489479303673, 4.578814181644117, 0.4446919923407848, 1.8569618207345863E-6, 5.586555212198358E15, 0.6097366092298074, 0.12435332952465382, -4.358845714155096E-4, 0.6871010540927043, 0.25171748252324255, 1.4795007066495254, 3025.256450339775, 1.13205486864482E-5, 143.53141936437453, 4.8585414201505935E-5, 4.7850338907254303E-4, 9.586426422650701E-5, 40.26614565227808, 0.028875845556304736, -0.010062719183090143, -49.986, 150.6787, 10488
45.0, 900.0, 285.78963794617766, -2.9487116970816167, 108.01986032777154, 4.625637574094515, 0.4949998033524318, 1.8772956196593073E-6, 5.58336594785943E15, 0.6121331316701163, 0.12489606589632922, 6.32815908004486E-5, 0.6871420025918468, 0.10288193272129063, 1.6843733873158582, 3139.4593833057365, 1.1274658469145663E-5, 143.36328871518555, 5.0199581421276845E-5, 4.890371332674857E-4, 9.975475462531628E-5, 40.23784176426481, -0.003178526554029837, -0.010077318356088607, -49.986, 150.6873, 10488
45.0, 900.0, 301.9197962185021, -3.1195747026655294, 110.96620854375854, 4.674594274321005, 0.5516247346087142, 1.898055310828269E-6, 5.579982955482845E15, 0.6145458484077652, 0.12544674918209475, 5.752932363613517E-4, 0.6817247477457635, 0.35435113464849083, 1.4921352128944199, 3259.224625495448, 1.1228202786725895E-5, 143.18565215343187, 5.1884087816864796E-5, 4.999096730215709E-4, 1.0386517840567037E-4, 40.20795919636867, -0.0370033694741867, -0.010092854063953483, -49.986, 150.6964, 10488
45.0, 900.0, 318.9603514099032, -3.3005543595981433, 113.99616308450983, 4.725763241798866, 0.6154257588589375, 1.919247379071111E-6, 5.576397067040065E15, 0.6169741265188791, 0.12600537185169267, 0.0011003785951123335, 0.6868604402483524, -0.16383800378040841, 2.071100320744035, 3384.868325279366, 1.1181099478320834E-5, 142.9979086945623, 5.364214761045075E-5, 5.111317189591578E-4, 1.0820797158602274E-4, 40.17641100191399, -0.07269431551913641, -0.010109390728523888, -49.986, 150.706, 10488
45.0, 900.0, 336.96268693127325, -3.492274108288075, 117.11201049291456, 4.779225160947697, 0.687386322965624, 1.940877860508647E-6, 5.572598822968361E15, 0.619417266365186, 0.12657191125529, 0.0016387535586804836, 0.6862048711457405, -0.23988942564136082, 2.207633080125233, 3516.7254891732186, 1.1133263742952643E-5, 142.79953233724171, 5.547713311917898E-5, 5.227141890949463E-4, 1.1279627159259642E-4, 40.143105572056605, -0.1103519303144358, -0.01012699748449506, -49.986, 150.7161, 10488
45.0, 900.0, 355.9810863075752, -3.6953986105924206, 120.3161019687362, 4.83506242608146, 0.7686333544143163, 1.9629523839256616E-6, 5.568578471885538E15, 0.6218745110241235, 0.12714633122108562, 0.002190622326569386, 0.6830353003780573, -0.05926170598202259, 2.0852132142373243, 3655.1510420715776, 1.1084605473531214E-5, 142.58989956614766, 5.7392504152563354E-5, 5.346679943953788E-4, 1.1764395624298213E-4, 40.10794640023064, -0.15008194327613023, -0.01014574852823553, -49.986, 150.7268, 10487
45.0, 900.0, 376.07289686222015, -3.9106367882105855, 123.6108551782424, 4.893359126938168, 0.8604592955234364, 1.9854759556455E-6, 5.564325970831328E15, 0.6243450273768053, 0.12772857701518991, 0.002756171638553101, 0.682274453504697, -0.08466917586640804, 2.164502037271576, 3800.520942686791, 1.1035030575211178E-5, 142.36835118760553, 5.939181907953472E-5, 5.470039996116616E-4, 1.2276568477272425E-4, 40.07083183634948, -0.19199548656391086, -0.010165723481042721, -49.986, 150.7381, 10487
45.0, 900.0, 397.2987026399005, -4.138745120766511, 126.99875611848286, 4.954201035303587, 0.9643476634824101, 2.0084529679084823E-6, 5.559830986018154E15, 0.6268279132398609, 0.1283185762554718, 0.003335570531602855, 0.6831051213643788, -0.2308026975419821, 2.3581426224898148, 3953.233357302328, 1.0984440698206965E-5, 142.13423229536716, 6.147875847750594E-5, 5.597330796439084E-4, 1.2817694097560129E-4, 40.03165483051168, -0.23620934262163873, -0.010187007777412056, -49.9861, 150.75, 10487
45.0, 900.0, 419.72250708930346, -4.380531227696006, 130.48236103903335, 5.017675593255037, 1.082002718406961, 2.0318871133177197E-6, 5.555082894064679E15, 0.6293221944410012, 0.12891623744126196, 0.0039289677397982, 0.6741698954169248, 0.36072702624705016, 1.805793945378424, 4113.709895177824, 1.0932732103263003E-5, 141.8867626954013, 6.365705026114426E-5, 5.728658658963557E-4, 1.3389407854272475E-4, 39.99030266597914, -0.2828462004286414, -0.010209693073451055, -49.9861, 150.7625, 10487
45.0, 900.0, 443.411926056559, -4.636857754764278, 134.0642984243953, 5.083871903555972, 1.2153839195922145, 2.055781239680742E-6, 5.550070783675822E15, 0.631826816451678, 0.1295214470775149, 0.004536487545639706, 0.6748933176407204, 0.3031685827057204, 1.8924511331530032, 4282.396909185714, 1.087979733458147E-5, 141.62520350304266, 6.593054382439974E-5, 5.864129019839564E-4, 1.399343686720487E-4, 39.946656681221974, -0.3320349205872608, -0.010233877671982432, -49.9862, 150.7758, 10486
45.0, 900.0, 468.4383916713673, -4.908646607628853, 137.74727104069814, 5.152880722729241, 1.3667459657124679, 2.0801373727343516E-6, 5.544783457722389E15, 0.6343406545135796, 0.13013407116747297, 0.005158229864301311, 0.6812034351396639, -0.14775404847729678, 2.360933242986948, 4459.766865516431, 1.0825522977630073E-5, 141.3487482221863, 6.83031538434975E-5, 6.003844745798021E-4, 1.463160500203194E-4, 39.900591980849086, -0.3839108093560335, -0.010259666971366085, -49.9862, 150.7898, 10486
45.0, 900.0, 494.8773677405951, -5.196883553312778, 141.53405805091805, 5.224794457326732, 1.538685348358968, 2.1049564913498246E-6, 5.539209435662524E15, 0.6368624984577628, 0.1307539505260052, 0.005794264018721962, 0.6764256736416622, 0.22212701317769168, 1.9960169766580087, 4646.3197865607945, 1.0769789966564358E-5, 141.05649868942416, 7.077881853206416E-5, 6.147904178749764E-4, 1.5305838105802018E-4, 39.85197713528184, -0.4386159017729918, -0.01028717392569707, -49.9863, 150.8045, 10486
45.0, 900.0, 522.8085772988312, -5.502623230056689, 145.4275172035283, 5.299707163895634, 1.7341945073017824, 2.130238451706384E-6, 5.533336956235625E15, 0.6393910542914174, 0.1313809000143507, 0.0064446262574243685, 0.6823522954679824, -0.18463881737119173, 2.3945936091527344, 4842.584803582656, 1.0712474246485358E-5, 140.747545752944, 7.336153406356702E-5, 6.296401718351933E-4, 1.6125628994191792E-4, 39.80067386906365, -0.49629925401530084, -0.010316519519967898, -49.9864, 150.8201, 10485
45.0, 900.0, 552.3162430020471, -5.826994611351391, 149.43058710036917, 5.37771455311719, 1.9567248594209277, 2.1559819366060867E-6, 5.527153980347327E15, 0.6419249487447862, 0.13201470847084393, 0.007109317922147751, 0.6782235160753635, 0.19523180477100735, 1.9933956638524157, 5049.121998186257, 1.0653445428395633E-5, 140.42090225953592, 7.605530231861574E-5, 6.449426093082414E-4, 1.785237497561427E-4, 39.74653673774705, -0.5571172451646715, -0.010347833256633052, -49.9866, 150.8366, 10485
45.0, 900.0, 583.4893410892369, -6.171206960189899, 153.54628955061156, 5.458913998562966, 2.2102601900237056, 2.182184295512989E-6, 5.520648194051592E15, 0.6444627235417926, 0.13265513602814863, 0.007788300797439612, 0.6839587190718922, -0.1663039403465779, 2.321112939928162, 5266.52336788979, 1.0592567166247789E-5, 140.07554073469967, 7.886412912875772E-5, 6.607059682357564E-4, 1.9659369270028055E-4, 39.68941279335218, -0.6212338886075988, -0.010381253643715128, -49.9867, 150.8539, 10485
45.0, 900.0, 616.4218696778213, -6.536556325763136, 157.77773201904503, 5.543404550477017, 2.499402148694759, 2.208841347628447E-6, 5.513807011522794E15, 0.647002827377992, 0.13330191069660838, 0.008481491461069579, 0.6851597528769467, -0.15347744514896935, 2.2632804229014654, 5495.415280848883, 1.052969614972909E-5, 139.71034686950512, 8.179196022983779E-5, 6.769376059716178E-4, 2.155085629814947E-4, 39.629141238452334, -0.6888211533438202, -0.010416928682292808, -49.9869, 150.8722, 10484
45.0, 900.0, 651.2131322018249, -6.92443263252208, 162.12811017861387, 5.631286954950777, 2.8294698875744984, 2.235947290327065E-6, 5.50661757789682E15, 0.6495436191644052, 0.1339547276695242, 0.00918875834158156, 0.6819625144397926, 0.23935056033206628, 1.8162072866556833, 5736.460160499833, 1.046468232371033E-5, 139.32411463811562, 8.484264945917005E-5, 6.936438767190104E-4, 2.3531367019949707E-4, 39.56555306901197, -0.7600592955644041, -0.010455016341231574, -49.9871, 150.8915, 10484
45.0, 900.0, 687.9680368474924, -7.336327419671962, 166.600710579246, 5.722663678811797, 3.2066162276843873, 2.263494548807935E-6, 5.499066771845453E15, 0.6520833663082051, 0.13461324730239363, 0.009909917252736516, 0.6870621801440977, -0.006835736368088364, 2.001448904024423, 5990.358493109252, 1.0397368942404385E-5, 138.91560293739613, 8.801996531539362E-5, 7.108300880893694E-4, 2.562200697173141E-4, 39.498470706181685, -0.8351372009660434, -0.010495685010569347, -49.9874, 150.9118, 10484
45.0, 900.0, 726.7974128892517, -7.773842298266074, 171.19891344767572, 5.817638940498673, 3.637963144562783, 2.2914736386975514E-6, 5.491141207732426E15, 0.6546202450384259, 0.13527709352749018, 0.01064472726353427, 0.6874623386280506, 0.14647196894947043, 1.783529616649515, 6257.851046614235, 1.03275911269461E-5, 138.48346685898593, 9.132750373520371E-5, 7.285002209300736E-4, 2.794138146727653E-4, 39.42770761734468, -0.9142527384021828, -0.010539113920379156, -49.9877, 150.9333, 10483
45.0, 900.0, 767.818344879891, -8.238698181642983, 175.92619563629185, 5.916318747143782, 4.131759839877086, 2.3198729184459195E-6, 5.482827237181941E15, 0.657152331663468, 0.1359458497895357, 0.011392883670199, 0.6884629042250774, 0.25350914873468966, 1.611598640642989, 6539.720596920402, 1.0255176035822957E-5, 138.0262715368531, 9.476864218229128E-5, 7.466567235338863E-4, 3.026229147284877E-4, 39.35306792681165, -0.997613125672089, -0.010585493504782861, -49.988, 150.956, 10483
45.0, 900.0, 811.1545257026517, -8.732745366099907, 180.78613374322518, 6.018810938033585, 4.697567221255637, 2.348678364568536E-6, 5.474110949870833E15, 0.6596775973833108, 0.1366190557272418, 0.012154011538655085, 0.6947926437558285, -0.14955493632809602, 1.9530438472937814, 6836.794787320813, 1.017994221358388E-5, 137.54246388181187, 9.834645689018623E-5, 7.653002232217223E-4, 3.258374678634365E-4, 39.27434601667322, -1.08543530846047, -0.010635025694495651, -49.9884, 150.9798, 10482
45.0, 900.0, 856.9366295498182, -9.25602622442064, 185.7824042131218, 6.125225234564681, 5.3430934864950785, 2.377873398158914E-6, 5.464978215283786E15, 0.6621939087163567, 0.13729620521669014, 0.012927660596997653, 0.6949659261282198, 0.0861460144953432, 1.6625190784384771, 7149.9484475326835, 1.0102152451826085E-5, 137.07604488228534, 1.0206385598831665E-4, 7.844294779788962E-4, 3.4910329080958406E-4, 39.19431169080544, -1.1835095078133402, -0.010645367937733045, -49.9889, 151.005, 10482
45.0, 900.0, 905.3027059524693, -9.801698717469161, 190.91877953718986, 6.235673296763119, 6.068380928773614, 2.4074746280850223E-6, 5.45541478510352E15, 0.6647020459293859, 0.1379775681180453, 0.013714255856727559, 0.6952691659899104, 0.2727831420409689, 1.4310632801891092, 7480.106306640549, 1.002353534111814E-5, 136.77428878663738, 1.059283921427727E-4, 8.040651015382975E-4, 3.728214153600325E-4, 39.12247816290179, -1.3102367390230532, -0.010478051558275707, -49.9894, 151.0315, 10481
45.0, 900.0, 956.398596049531, -10.370255633483008, 196.199165873226, 6.350268786386012, 6.900321149218057, 2.437618148730248E-6, 5.445405790093084E15, 0.6672125876720179, 0.13866612488381183, 0.01451741208780466, 0.6998798639893677, -0.13665065198800386, 1.8083722205096087, 7828.245594945975, 9.943931076513131E-6, 136.45394736963058, 1.0996313098177922E-4, 8.243091573154324E-4, 3.96906356559186E-4, 39.04671155180875, -1.4437602124436348, -0.010302927144294148, -49.99, 151.0595, 10481
45.0, 900.0, 1010.3783723513336, -10.962135618562973, 201.62757228415478, 6.469127436578762, 7.855499711127498, 2.46829440382511E-6, 5.434936279562796E15, 0.6697235479327605, 0.13936147539748403, 0.015336882417401193, 0.6982674827999121, 0.2503602448797527, 1.4043058954000371, 8195.399087565718, 9.86317044163478E-6, 136.11368253197887, 1.1417343687910629E-4, 8.451684766001973E-4, 4.2138139725193374E-4, 38.96680641007543, -1.584427056904449, -0.010119660167452813, -49.9907, 151.089, 10480
45.0, 900.0, 1067.4048033237184, -11.577711038518952, 207.20812634748282, 6.5923671280191805, 8.953180030787607, 2.499491462657243E-6, 5.423991021688184E15, 0.6722328460720703, 0.14006317689238387, 0.016172349135535335, 0.6991604614106013, 0.18187249083720072, 1.472360349416173, 8582.658197659419, 9.781076808503373E-6, 135.75214933557996, 1.1856454583977672E-4, 8.66648390395923E-4, 4.4627318009176893E-4, 38.88254802937797, -1.7326006264447011, -0.009927895463984137, -49.9915, 151.1201, 10479
45.0, 900.0, 1127.6498441935817, -12.217273989171627, 212.94507900399122, 6.7201079714419505, 10.215744754965279, 2.53119500525361E-6, 5.412554501819484E15, 0.6747383209687818, 0.14077074572717083, 0.017023422863239934, 0.6995256645584808, 0.07883111662744277, 1.5921399077834453, 8991.17627393946, 9.697462910594646E-6, 135.3678016715727, 1.2314133192265113E-4, 8.887521686137964E-4, 4.716117917095894E-4, 38.79371225726952, -1.8886611757815057, -0.009727253553223318, -49.9924, 151.1529, 10479
45.0, 900.0, 1191.2951554558115, -12.881020062700117, 218.84280993513164, 6.852472396403693, 11.66921000881556, 2.563387855698598E-6, 5.400610911146915E15, 0.6772377097281842, 0.14148364914252567, 0.01788962964096577, 0.697827478380735, 0.18019397016360236, 1.5241123436156505, 9422.172096406577, 9.612132197303858E-6, 134.95902078724654, 1.279083354464363E-4, 9.114809083501152E-4, 4.974308220499251E-4, 38.70006535400815, -2.053006571566552, -0.009517326076598236, -49.9935, 151.1875, 10478
45.0, 900.0, 1258.5326506451033, -13.56902953279709, 224.90583358285886, 6.989585246120768, 13.343824243651685, 2.59604987499333E-6, 5.388144132048292E15, 0.6797286565402465, 0.14220130529170005, 0.01877040765672014, 0.6991698213875396, -0.20016322241442397, 1.9526623467692117, 9876.93358451905, 9.52487649428848E-6, 134.5240193582141, 1.3286959751604362E-4, 9.348331108430787E-4, 5.237673957638684E-4, 38.601363899291684, -2.2260530452322436, -0.009297670186395187, -49.9947, 151.2239, 10477
45.0, 900.0, 1329.5650750243828, -14.281245427765693, 231.13880595329192, 7.131573878188997, 15.274765163120119, 2.629157508927915E-6, 5.375137719522128E15, 0.6822086957689645, 0.14292307579449803, 0.019665094718885556, 0.6951225930466537, 0.13440067924517046, 1.6782951266874622, 10356.821733495817, 9.43547561466201E-6, 134.06084480379408, 1.3802853929646933E-4, 9.588042419483508E-4, 5.50662171156353E-4, 38.49735476045978, -2.4082359946711316, -0.009067801654929817, -49.9962, 151.2623, 10477
45.0, 900.0, 1404.60661693479, -15.017447916463775, 237.5465323798166, 7.278568270976792, 17.502950165745666, 2.6626834680287734E-6, 5.3615743506695E15, 0.6846752471591793, 0.14364826148817836, 0.020572919278641855, 0.6960985694046248, -0.19480193006272697, 2.0758809494246733, 10863.274796220801, 9.343696251623221E-6, 133.5673401926487, 1.43387798991038E-4, 9.833862547509325E-4, 5.781593017741195E-4, 38.38777513568719, -2.6000108435597697, -0.008827186450133877, -49.9978, 151.3027, 10476
45.0, 900.0, 1483.8835536506665, -15.777224261588207, 244.13397646344603, 7.430701135470749, 20.07597791670905, 2.6965963050594467E-6, 5.347428671384059E15, 0.6871256049102893, 0.1443760961801494, 0.021492988700935606, 0.6917415783576522, 0.1229643155776473, 1.8301496936170243, 11397.812730319949, 9.249290954469917E-6, 133.04120201956522, 1.4894916990149736E-4, 0.0010085672961446348, 6.063063544769656E-4, 38.272352688000545, -2.8018539690648523, -0.008575230466487874, -49.9996, 151.3453, 10475
45.0, 900.0, 1567.634933687028, -16.55776199669464, 250.90656890629677, 7.588108032345248, 23.19420180813991, 2.730859953225617E-6, 5.332683565761852E15, 0.6895569257693499, 0.14510573983598948, 0.0224242764797542, 0.6928379351113437, -0.14999743324285444, 2.1738743018645885, 11962.044537262107, 9.152043278052301E-6, 132.48443702093226, 1.5471351240558192E-4, 0.0010343308521096057, 6.365580460398789E-4, 38.15139305166637, -3.0173271568841487, -0.008285339622352327, -50.0018, 151.3902, 10474
45.0, 900.0, 1656.1132976169292, -17.357213779958606, 257.8701392374575, 7.75092749402503, 27.119953152853558, 2.76543806271446E-6, 5.317319891341212E15, 0.6919665503009758, 0.1458363730395782, 0.023365740226371945, 0.6895659161739344, 0.07364814039771923, 2.014800303587745, 12557.667360127276, 9.051731497633545E-6, 131.89548695928934, 1.6068089305574433E-4, 0.0010606591133409935, 6.679155750116369E-4, 38.02438939354325, -3.2444973295660144, -0.007974872408779551, -50.0042, 151.4375, 10474
45.0, 900.0, 1749.5854395722408, -18.173649559274637, 265.03198265699484, 7.919301151511421, 32.5570981438059, 2.8002898651342E-6, 5.301316259179907E15, 0.694351715459142, 0.146567110081164, 0.024316209710760456, 0.69068486059364, -0.12514184274231846, 2.2674510140585227, 13186.476143707197, 8.948121549617972E-6, 131.2722210407272, 1.668501564988421E-4, 0.0010875293621589119, 7.00202570074035E-4, 37.891025714911066, -3.483314814665982, -0.007646974127240969, -50.0069, 151.4872, 10473
45.0, 900.0, 1848.333211724041, -19.004636020351022, 272.3973931232622, 8.093373865748736, 39.15803895185601, 2.8353694263700702E-6, 5.284649970975946E15, 0.6967095225818623, 0.14729698616209322, 0.02527436649303788, 0.6881714987083203, 0.07801447648100394, 2.103709084452504, 13850.369025032924, 8.840974618292704E-6, 130.61298850493077, 1.7321868739041357E-4, 0.0011149133761113013, 7.33485999473576E-4, 37.75107712331749, -3.7342700566627753, -0.00730029537863282, -50.01, 151.5396, 10472
45.0, 900.0, 1952.6543741684168, -19.84714601806417, 279.97325400863735, 8.273293863316788, 47.150645300610904, 2.870625943463338E-6, 5.267294849980893E15, 0.699036977120808, 0.14802496656030975, 0.02623875209104265, 0.6878219310318712, 0.10101995300341443, 2.103048486275314, 14551.353195657644, 8.730048004795002E-6, 129.91620360314928, 1.7978234059419702E-4, 0.0011427775243502628, 7.678345099268059E-4, 37.6043280866014, -3.9978571830871505, -0.00693330517395252, -50.0135, 151.5948, 10471
45.0, 900.0, 2062.86349278039, -20.69745086308782, 287.76703472127525, 8.459212876247998, 56.80150609261544, 2.9060033726436224E-6, 5.249222931691601E15, 0.7013309810861114, 0.14874994160379135, 0.027207758027052997, 0.6904040289938016, -0.12371634325050272, 2.331780778640259, 15291.551607823212, 8.615094529113913E-6, 129.18023327554127, 1.865349926872235E-4, 0.001171081754398431, 8.033174981245836E-4, 37.45057651143942, -4.274570807735862, -0.006544258372891305, -50.0175, 151.6528, 10470
45.0, 900.0, 2179.292887743318, -21.550991732981043, 295.78691485408416, 8.6512862857828, 68.42082818636916, 2.9414398822843426E-6, 5.23040325376435E15, 0.7035883147827496, 0.14947071816710888, 0.02817961111847961, 0.691077862044822, -0.12776833589376205, 2.321652411253479, 16073.210210396634, 8.49586677913408E-6, 128.4036009576778, 1.9346856421221343E-4, 0.0011997794605389286, 8.400039154435826E-4, 37.28963860194413, -4.564902197330826, -0.006131157218822494, -50.0219, 151.7139, 10469
45.0, 900.0, 2302.2936356139276, -22.40222588589713, 304.0419331027082, 8.849673269894462, 82.36736659155684, 2.9768678022209114E-6, 5.210789145629204E15, 0.705805650567165, 0.15018602134090953, 0.029152372424987916, 0.6919759488216171, -0.11880930189194426, 2.281930475516681, 16898.705779896813, 8.37211542001373E-6, 127.58484911469182, 2.0057252393954208E-4, 0.0012288165464947529, 8.779607430068224E-4, 37.121354622125395, -4.869334713971969, -0.005691705999209025, -50.027, 151.7782, 10469
45.0, 900.0, 2432.2366279445723, -23.24444197728768, 312.5421617233561, 9.054536954433452, 99.05310745058685, 3.0122128706980153E-6, 5.190348577381966E15, 0.707979521422926, 0.15089448177652695, 0.03012391699548772, 0.6914137790596068, 0.0758604683273047, 2.0427620390047116, 17770.55442225621, 8.243595817931772E-6, 126.72277446137244, 2.078339037843549E-4, 0.0012581312013266862, 9.172510571425351E-4, 36.94559570370024, -5.18833843809397, -0.0052232577102639165, -50.0327, 151.8458, 10468
45.0, 900.0, 2569.513689654834, -24.069537975436916, 321.2989045839878, 9.266044567762057, 118.94729404240469, 3.047394400822585E-6, 5.169058768067716E15, 0.7101063465651898, 0.15159464154034177, 0.031091938915883327, 0.6929633664784863, 0.08206373494557823, 1.9821346186625732, 18691.42083196982, 8.110068249957794E-6, 125.81629000388523, 2.1523676964493613E-4, 0.001287653034138205, 9.579315875344564E-4, 36.76227186006339, -5.522363869802027, -0.004722751476960918, -50.0391, 151.9168, 10467
45.0, 900.0, 2714.5387605247665, -24.867753147115142, 330.3250825284422, 9.484367598771001, 142.6062623715876, 3.0823246837767122E-6, 5.146880403291829E15, 0.7121824078712508, 0.1522849443769158, 0.03205393546545621, 0.6948748458309598, 0.0659376394879233, 1.9383081411047742, 19664.12840604248, 7.97130386454021E-6, 124.86465845655194, 2.227622339370693E-4, 0.0013173029306888955, 0.001000049643628068, 36.57134138953931, -5.871834600981181, -0.00418663930924755, -50.0463, 151.9916, 10466
45.0, 900.0, 2867.749143372412, -25.594375173100648, 339.6093812158661, 9.709681958191755, 166.8933199549498, 3.1169090602657642E-6, 5.123916473032116E15, 0.7142038653284006, 0.1529637390839447, 0.033007209705843366, 0.6980860488737934, -0.10637241570168843, 2.049699360965845, 20691.23231172166, 7.855192701260285E-6, 126.52558607465136, 2.3039845082527274E-4, 0.0013469938806806047, 0.001013677690806255, 36.45197454960996, -6.177200164655011, -0.003395612551198314, -50.0544, 152.0701, 10465
45.0, 900.0, 3029.6068226792854, -26.21980861672574, 349.1695571294963, 9.942168143139996, 193.59547772876468, 3.1547903914333385E-6, 5.100062300329845E15, 0.7163801494262609, 0.15370201768797323, 0.03405220314326887, 0.6993627901997621, -0.008782254495955606, 1.8885377006229644, 21776.084709082847, 7.765246744945749E-6, 128.6379516461604, 2.389601900090915E-4, 0.001379902677118293, 0.0010233188430550505, 36.33724615367944, -6.4887885196383674, -0.0024841607628916787, -50.0634, 152.1529, 10465
45.0, 900.0, 3200.5998576399656, -26.711869286883356, 359.0178051287776, 10.182011404847612, 223.32460712913706, 3.1966944607092013E-6, 5.075277975735035E15, 0.7187426473292832, 0.1545124684014148, 0.03520910110033079, 0.7001631978206374, 0.16878785158278556, 1.650352557108838, 22922.024406446304, 7.70157465759017E-6, 130.90001244242652, 2.4867273443087844E-4, 0.0014167783411289953, 0.001032355136273129, 36.21747070610345, -6.814003447750024, -0.0014608612470933234, -50.0734, 152.24, 10464
45.0, 900.0, 3381.243853836337, -27.0310290496542, 369.16549441611454, 10.429401919561881, 256.47515432981913, 3.2429003937348993E-6, 5.049530351423528E15, 0.7212946176035346, 0.1553987140261251, 0.03648578377757902, 0.7022705020788427, 0.14580505281507306, 1.6247740139683353, 24132.532880748728, 7.664361711794168E-6, 133.3270431980728, 2.5968076545557954E-4, 0.0014580143463977413, 0.001040566541185767, 36.09255858524591, -7.153043302833677, -3.0875727380224666E-4, -50.0845, 152.3318, 10464
45.0, 900.0, 3572.0835179741102, -27.128788467674504, 379.62561066085533, 10.68453496261145, 293.5684615884006, 3.293687632531976E-6, 5.022779269409662E15, 0.7240374665228448, 0.1563640994531494, 0.03789013082623535, 0.7046101926868995, -0.04717152003540635, 1.792264647785187, 25411.287370187165, 7.653869137578547E-6, 135.9365265547345, 2.721469585145245E-4, 0.0015040347290010408, 0.0010476812228684324, 35.962443691971636, -7.506036198607, 9.917806025917413E-4, -50.0967, 152.4285, 10464
45.0, 900.0, 3773.6943003697093, -26.94567418076922, 390.4135974943025, 10.947611085658659, 335.3138403329449, 3.3493356806305365E-6, 4.994975412701078E15, 0.7269706992497958, 0.15741167511333434, 0.03943000106057612, 0.7047485154636076, -0.03292174347525344, 1.7864459942440296, 26762.169962416927, 7.670432371241567E-6, 138.74827761345423, 2.8625419722305587E-4, 0.001555296829928732, 0.0010533657884540901, 35.82708923646828, -7.873024252155444, 0.002463542903317062, -50.1104, 152.5302, 10464
45.0, 900.0, 3986.684130140219, -26.408779626171057, 401.5486531609898, 11.218836297177035, 382.69539264167264, 3.410121340727948E-6, 4.966055326569342E15, 0.7300917769445823, 0.15854413774940765, 0.04111314021428292, 0.7042715165349486, -0.12675542252732222, 1.9296128515536992, 28189.276104325767, 7.714461002936025E-6, 141.78497450015558, 3.0220834557491053E-4, 0.0016122935422845663, 0.001057214181468047, 35.686494561795634, -8.25394490724589, 0.0041330140038859505, -50.1255, 152.6374, 10465
45.0, 900.0, 4211.695248328613, -25.42873919385804, 412.95435173126396, 11.498422246210913, 427.4081899480519, 3.4763162601213715E-6, 4.935933980980609E15, 0.7333960459600536, 0.15976378418237627, 0.04294709464335866, 0.7011058077854007, 0.09456507325322498, 1.7968121518718807, 29696.92209049984, 7.78642862554265E-6, 145.07237270280325, 3.20240431505642E-4, 0.0016755543974804514, 0.0010587352006940114, 35.54070316183468, -8.648608619004015, 0.0060310145396653145, -50.1422, 152.7502, 10466
45.0, 900.0, 4449.406144491795, -23.895993980284842, 424.63672358205525, 11.78658640949135, 469.94969791269904, 3.548183115037934E-6, 4.905060435671153E15, 0.7368766599785482, 0.1610724481772283, 0.044939085168505144, 0.6992891534667395, 0.04476368784552588, 1.9594535966584354, 31289.650978772126, 7.886940495757623E-6, 148.64128454652987, 3.406105158841569E-4, 0.001745646543756359, 0.0010573386957573306, 35.38978144122448, -9.05634980831459, 0.008193487301497167, -50.1607, 152.869, 10467
45.0, 900.0, 4700.533602590965, -21.67617722245986, 436.573812008334, 12.083552281998573, 507.84770057627725, 3.6259838910358797E-6, 4.873722170227745E15, 0.7405251316489013, 0.1624716635521386, 0.04709621476698159, 0.6984969414154404, -0.0701466689382804, 2.1823742743370143, 32972.236273201335, 8.016646080555377E-6, 152.5208408270482, 3.636077631472391E-4, 0.0018231869363957273, 0.0010523201408137797, 35.23397813267665, -9.477565777586022, 0.010662441992187981, -50.1811, 152.994, 10469
45.0, 900.0, 4965.834862353401, -18.14061024620924, 448.80441375094966, 12.389549571076143, 544.1255057256911, 3.7099650129971164E-6, 4.841737163728521E15, 0.7443308088042864, 0.1639624123272436, 0.04942503376986887, 0.6974831651711382, -0.007914939201910626, 2.1855190069506008, 34749.635989475086, 8.155571428539732E-6, 154.7049078921299, 3.895592364892772E-4, 0.001908864690764098, 0.0010421360338114913, 35.14585470630422, -9.679151036030762, 0.015235230409521681, -50.2038, 153.1255, 10473
45.0, 900.0, 5246.109902622958, -13.167282679523932, 461.22052773427174, 12.704814394216054, 567.3334330438918, 3.797149191778E-6, 4.808851609108181E15, 0.7481434522066391, 0.16548935912395532, 0.05184256621082539, 0.6983686049644028, -0.008598495693049671, 2.178599007568191, 36626.88870461917, 8.30215592574915E-6, 156.93714321460922, 4.177727695521587E-4, 0.0019999986574110004, 0.001023495829133226, 35.05663860615335, -9.870252707250431, 0.019744089528736006, -50.2282, 153.2642, 10478
45.0, 900.0, 5542.203853584376, -12.313392519245172, 472.0451050410838, 13.02958948064675, 339.74634408200757, 3.887344955938833E-6, 4.786695615846859E15, 0.7519474912078781, 0.1670478409015072, 0.05434301038961348, 0.7009216524503824, -0.045444012638106906, 2.1354277305637472, 38591.416781072156, 8.523814958536439E-6, 166.07002233366845, 4.4494653315165075E-4, 0.0020962067602378178, 7.568892697054499E-4, 33.97762884359453, -12.787963623256159, 0.004979989961358432, -50.2545, 153.4063, 10479
45.0, 900.0, 5855.00954513516, -10.732121241050573, 485.24851654775506, 13.36412437686797, 372.1680921501378, 3.9905340542086516E-6, 4.750261568453005E15, 0.7561342713430447, 0.1688055555112759, 0.05720233841175598, 0.704713649930063, -0.07371244359751737, 2.0288174338385443, 40686.46185314, 8.733017377997805E-6, 166.4399803350544, 4.815655593565973E-4, 0.002209098526601903, 7.691415781034541E-4, 33.89215025773802, -13.051594684357385, 0.007264094021000981, -50.2905, 153.5561, 10480
45.0, 900.0, 6185.470199089264, -8.103901062345152, 498.77201478842073, 13.708675656287259, 397.837889866913, 4.094436992630956E-6, 4.714087598620007E15, 0.7601821171156607, 0.17054943002290235, 0.060079428835374565, 0.7075181827163223, 0.05176962394219524, 1.7896078384903225, 42900.01352984305, 8.92936947943129E-6, 167.0222354287527, 5.204243081477887E-4, 0.002325857547538061, 7.780657773157278E-4, 33.80400285944362, -13.322143887632246, 0.010278835851521348, -50.3293, 153.7142, 10483
45.0, 900.0, 6534.582273330549, -4.013373144727699, 512.5523760004794, 14.06350713312298, 402.8988858738626, 4.19838424455831E-6, 4.677223619646883E15, 0.7640730955260724, 0.1722691733965926, 0.06295516635500373, 0.7096798280827523, -0.06721472399030169, 1.8722015773904865, 45238.544082541885, 9.114648583356817E-6, 167.85895248897833, 5.613376603158499E-4, 0.0024458172028781876, 7.815317760894824E-4, 33.71364752778784, -13.599765492003883, 0.014162399433482674, -50.3711, 153.8809, 10487
45.0, 900.0, 6903.39846649217, 2.387328295233071, 526.4800556893551, 14.4288900807479, 355.977948004666, 4.302679118440738E-6, 4.640236554745457E15, 0.7678269580048345, 0.17397081924628258, 0.06583743108294518, 0.7092068843398766, -0.09407280776653001, 1.9536057201652761, 47707.858270716446, 9.287062824960394E-6, 168.6404184031124, 6.045000368668019E-4, 0.0025694437446711245, 7.702538514325185E-4, 33.66796701768777, -13.77587636595683, 0.019923562024834394, -50.4163, 154.0567, 10493
45.0, 900.0, 7293.030892222075, 11.918620449261969, 540.5933284913136, 14.805103454655852, 216.1316572140733, 4.407025302199326E-6, 4.603414481199514E15, 0.7714407964269782, 0.17565047818937127, 0.06871757353170177, 0.7073993446111696, -0.0786061782783082, 2.0520328302275184, 50313.16587814428, 9.439100741915522E-6, 168.79138187908208, 6.498235066772162E-4, 0.0026965198452598314, 7.325488776054044E-4, 33.721484610525806, -13.72907058004325, 0.027157846654390135, -50.4646, 154.2424, 10503
45.0, 900.0, 7704.654432606167, 24.415108534655342, 555.3950852492886, 15.19243412024181, 84.19865067434156, 4.510176435709474E-6, 4.564604095469631E15, 0.7748815889038206, 0.17728945191531056, 0.0715608634430181, 0.7059871087431989, -0.08602271224861069, 2.173543803350716, 53062.708257837156, 9.569869102889395E-6, 168.98946010077802, 6.967887987217848E-4, 0.002825518213847558, 6.786381569567299E-4, 33.771228861154874, -13.6664514425904, 0.03318324889096906, -50.5154, 154.4391, 10515
45.0, 900.0, 8139.510280860919, 39.56940705854881, 570.8048088423411, 15.59117708559283, -13.701114605309462, 4.61198528036826E-6, 4.522984479994073E15, 0.7781562615530707, 0.17888708292095745, 0.07436305112417974, 0.7050726798724595, 0.012645019765068497, 2.1372720309914497, 55964.076324824906, 9.678548904379914E-6, 169.2299361609165, 7.452992339083422E-4, 0.0029561590650996213, 6.080085961481215E-4, 33.8147892487203, -13.587727875170934, 0.03780353583812795, -50.5689, 154.6474, 10531
45.0, 900.0, 8598.909683977923, 56.887260576024445, 586.7706647418306, 16.001635739494, -143.3437086189835, 4.712260661232735E-6, 4.4794352700017185E15, 0.7812700099332865, 0.18044201689191566, 0.07711876256714414, 0.7058516616342332, 0.04106719197481086, 2.0974171090740508, 59025.74099761566, 9.764867049177408E-6, 169.50507435583785, 7.952264490274658E-4, 0.0030880628474717316, 5.211896328176894E-4, 33.84930014976912, -13.492745727910581, 0.04078283040074478, -50.6251, 154.868, 10548
45.0, 900.0, 9084.237896605802, 74.17772486672123, 603.3991889692246, 16.42412209485971, -313.3899501992402, 4.810889370699701E-6, 4.433686246284523E15, 0.7842301266801801, 0.18195409706359353, 0.07982484537629611, 0.7077633271139638, 0.06209942215992327, 2.0037007308696357, 62257.61073651742, 9.829374307528044E-6, 169.78013688644785, 8.464949632298353E-4, 0.0032207247833698923, 4.215434031592164E-4, 33.875283794011246, -13.26910078738605, 0.038845015926777415, -50.684, 155.1016, 10565
45.0, 900.0, 9596.958358091866, 88.92238116234961, 620.8462716494615, 16.858957037806434, -534.0096046566001, 4.907898250114431E-6, 4.3851835430281815E15, 0.7870473905782653, 0.1834252322392891, 0.08248204457971706, 0.7103966557181802, 0.048200798978836515, 1.919505410395458, 65671.35211441804, 9.873800309373126E-6, 170.01499581129403, 8.991141781356787E-4, 0.003353736951412693, 3.170570226902929E-4, 33.87939840900493, -12.882605256627222, 0.03210961295858224, -50.7453, 155.3488, 10580
45.0, 900.0, 10138.617105278781, 112.61002489603521, 637.1498453658893, 17.306470582588496, -200.45324387765692, 5.00352654981897E-6, 4.342291084597211E15, 0.7897374881439131, 0.18486037214042136, 0.08509694050268732, 0.7130521580757917, -0.03168478645685903, 1.9165047677701594, 69294.23206653248, 9.898780739122279E-6, 170.39264133102077, 9.461460713109305E-4, 0.0034887355202758903, 3.3079486821940883E-4, 34.00552013597776, -15.135931232027728, 0.04721737642259871, -50.8081, 155.6098, 10604
45.0, 900.0, 10710.847434362446, 135.23552072961252, 655.2539879407348, 17.76700213262381, -403.6853560126019, 5.098186354815229E-6, 4.2914157685327765E15, 0.7923191778550682, 0.186266780428339, 0.08768081184238169, 0.7145332637019505, -0.05999660305648333, 1.9068264726618098, 73106.4915558028, 9.90244433115946E-6, 170.75415447902046, 0.0010012784712285512, 0.003625003635794821, 2.4633135808108656E-4, 34.12806744023834, -14.790362420079108, 0.043161129586319354, -50.886, 155.8871, 10626
45.0, 900.0, 11315.374825868234, 155.22453625962905, 674.4675310811378, 18.240900747841287, -716.606060141037, 5.190655745913528E-6, 4.23736640062301E15, 0.7947666891335783, 0.1876274780944858, 0.0902003987955273, 0.7146818714271441, -0.028147182947855173, 1.8915963724131468, 77133.04336809526, 9.886819063601637E-6, 171.07407061299693, 0.0010572704843419764, 0.0037604615318284893, 1.4087353516509978E-4, 34.24004604614702, -14.27027746122031, 0.03682321957853227, -50.9665, 156.1815, 10646
45.0, 900.0, 11954.022147596195, 170.93394982503514, 695.3543357427319, 18.728525418586692, -1161.3512989670583, 5.281473769254452E-6, 4.1774990660554165E15, 0.7971020246917209, 0.18895163222075526, 0.09267055476012434, 0.7141553877837857, -0.0617343293819532, 1.9849693574008265, 81391.4290518869, 9.854116861867696E-6, 171.32581852951645, 0.0011144135282572568, 0.0038954568518549657, 1.901617872856325E-5, 34.32091209781089, -13.56852106813805, 0.02849115005275103, -51.0485, 156.494, 10662
45.0, 900.0, 12628.715151223962, 181.87879392825718, 718.145419691666, 19.230245346328388, -1695.1070761927847, 5.370996920552825E-6, 4.111371037591362E15, 0.7993404769875951, 0.19024541336611922, 0.09510109411227397, 0.7129974013462499, 0.014708298724947687, 1.9879073817187192, 85900.36282372786, 9.806665210562404E-6, 171.50140708610758, 0.0011729255569202506, 0.004030261968298695, -9.178573581110562E-5, 34.34215748927608, -12.809709141434539, 0.02025059702827566, -51.1309, 156.8253, 10673
45.0, 900.0, 13341.488279141591, 190.2690944886834, 741.1419231306932, 19.746440231409103, -2122.9926100571797, 5.459609219233156E-6, 4.046003669489585E15, 0.8014965512059723, 0.1915151431621504, 0.09750252073922533, 0.7122149189264052, 0.04431687042799803, 2.030623008312063, 90667.9312275815, 9.747174107496522E-6, 171.63613879224468, 0.001232943762247358, 0.0041656337883113495, -1.5032602188957817E-4, 34.242717582802456, -11.929906017092252, 0.01593569193027237, -51.213, 157.1758, 10681
45.0, 900.0, 14094.490799028066, 209.65639178258007, 756.569667456493, 20.277500568094677, -1608.481006132468, 5.54753757773217E-6, 4.011145795744873E15, 0.8035797324330051, 0.19276468925173165, 0.09988102811271335, 0.7124519612529446, -0.03803656252920094, 2.1564945180841177, 95688.35219783048, 9.679088110897242E-6, 171.9473367951464, 0.001285179876330336, 0.004303968106970577, -8.252692086358339E-5, 35.621552679855014, -12.497147379489741, 0.030047547987680275, -51.2939, 157.5594, 10701
45.0, 900.0, 14889.993284667378, 229.49309085501716, 780.3449457729603, 20.82382794717526, -2065.1427701922726, 5.634913872440814E-6, 3.938746873425113E15, 0.8055965165741551, 0.19399644560698734, 0.10224021029581318, 0.7126084665279921, 0.049463519074077714, 2.072571471524023, 101013.72147830045, 9.595848224131111E-6, 172.26656678531765, 0.0013477120472104153, 0.004443872091859283, -1.572413564220255E-4, 35.69879565849446, -11.456726501289324, 0.02937667652850763, -51.3833, 157.9666, 10720
45.0, 900.0, 15730.394462546212, 246.93219996181853, 802.8770802718735, 21.385835366379425, -2281.2258966340087, 5.721071250412677E-6, 3.8766293142769935E15, 0.807535131078334, 0.19520159034829063, 0.1045621375552909, 0.7136851212933715, 0.059848085687648475, 2.0278561905118404, 106631.8605415314, 9.500092462617909E-6, 172.54760868167182, 0.0014113429727780355, 0.004583760691154304, -1.7015906114733418E-4, 35.62887756099114, -10.280402446285015, 0.02533173755826956, -51.47, 158.3983, 10738
45.0, 900.0, 16618.22844487818, 260.9576552664482, 825.1461629254884, 21.9639475488664, -2399.3939663432016, 5.805786337700138E-6, 3.815033363039382E15, 0.8093946727168024, 0.19637768641240458, 0.10684094001532665, 0.7152229963929491, 0.0561889671866393, 1.9725493048579077, 112559.063979526, 9.394165405537408E-6, 172.7739405838363, 0.0014760018171183762, 0.004722967184625178, -1.5402124982531685E-4, 35.50733771525185, -9.065865741865297, 0.020517899415349358, -51.5521, 158.8541, 10752
45.0, 900.0, 17556.172370864788, 271.7460778926793, 843.8923715994733, 22.55860127006666, -1921.8273057416973, 5.889372189183289E-6, 3.7670004538788945E15, 0.8111857801691406, 0.19752971361505953, 0.10908518796909814, 0.717098847055985, -0.028276582434091913, 1.9915887115255204, 118800.88384844887, 9.281994052691547E-6, 172.94817616814126, 0.0015417729093864696, 0.004861882553599562, -4.742534871897317E-5, 35.22799143356245, -7.871325682838842, 0.01636214342382101, -51.6287, 159.3345, 10763
45.0, 900.0, 18547.054479234266, 279.34356500297, 862.551979803456, 23.170245693146242, -869.6136281686469, 5.972320354309917E-6, 3.717153324941028E15, 0.8129218956280985, 0.19866492735576868, 0.1113081732733201, 0.7183722372659405, 0.04747956940213268, 1.8615600800968688, 125432.34210047513, 9.164342470424263E-6, 173.07100478075213, 0.001609050488405073, 0.005001209298666151, 1.1490330292114574E-4, 34.869443200133, -6.642216748300698, 0.012667197833161451, -51.6988, 159.8387, 10770
45.0, 900.0, 19593.862636399903, 303.83335887268817, 885.6338741273313, 23.799342713375523, -389.0757133897337, 6.055635458512406E-6, 3.6503203844611345E15, 0.8146257038941617, 0.19979732215640367, 0.11353680556373164, 0.7195116251542578, 0.006387311949462086, 1.8727469256679594, 132429.9363254312, 9.038949326529183E-6, 173.46666920691925, 0.001665780819353447, 0.005146386111705913, 1.2784710837417413E-4, 37.201634894054145, -6.90628142690354, 0.028536448069340373, -51.7614, 160.4061, 10795
45.0, 900.0, 20699.753345953326, 318.2672348442553, 910.5545370234189, 24.446367311688523, 629.1650642632343, 6.137961357972813E-6, 3.5793695580692375E15, 0.8162712778230348, 0.20090874678817988, 0.11573482505704352, 0.7199794031252834, -0.0033065358650534865, 1.8837027343728665, 139874.85497181147, 8.902390974544908E-6, 173.70053221702395, 0.0017356972370053685, 0.005290102061309994, 2.1547823473370628E-4, 36.92164133437089, -5.990930330280078, 0.01833907722253998, -51.8301, 161.0029, 10809
45.0, 900.0, 21868.061266659624, 320.2092220090328, 942.9014021412829, 25.111807917724715, 2583.2799360342146, 6.219252846857356E-6, 3.481739881119708E15, 0.8178603640305997, 0.20199904660694348, 0.11790115022221262, 0.7198585324744006, 0.034949529485187314, 1.8751141573165766, 147879.67742950877, 8.754618272793322E-6, 173.73209548408667, 0.001807230403939628, 0.005431547687384588, 3.636345036766443E-4, 36.5765877548894, -5.3450546028305315, 0.007093376792331031, -51.8931, 161.6294, 10811
45.0, 900.0, 23102.30926765446, 316.07451640207057, 997.7530134161464, 25.796166782651035, 5961.48833027289, 6.300446753863343E-6, 3.3050768294013105E15, 0.8194132032165635, 0.20308110559715878, 0.12006080761659407, 0.7196289590185886, -0.027681098636025785, 1.9869901732908406, 156704.56420692313, 8.585919242151245E-6, 173.6651417125439, 0.001880948912624798, 0.005573438488328838, 5.820407836353419E-4, 36.208523216858836, -4.81925769861274, 0.0022243142892905982, -51.9525, 162.2859, 10807
45.0, 900.0, 24406.219051163243, 316.6025533083534, 1109.276463054635, 26.499960362068077, 11568.461699332902, 6.3818352880003055E-6, 2.9340644870272375E15, 0.820936450899844, 0.20415896859615423, 0.12222154084586245, 0.7191521787862011, 0.011522822011203023, 2.003855948603828, 166982.31387870433, 8.360147971121644E-6, 173.66772529376283, 0.0019565324728104357, 0.005718476036457772, 8.998365957868052E-4, 35.795861897813765, -4.493583486444979, 0.006123327064564822, -52.0091, 162.9729, 10808
45.0, 900.0, 25783.72237477368, 339.1368028359643, 1277.0033131065788, 27.22371970931079, 18252.163456910555, 6.460769628708136E-6, 2.3955868368347575E15, 0.8223829292939103, 0.20519798466362785, 0.12431317876882539, 0.7190445147519423, -0.03731326775307354, 2.1002812357107143, 179519.29959471186, 8.026338499733335E-6, 173.19779046375217, 0.0020301681604260238, 0.005865720858823105, 0.001282264687462247, 35.773217082812494, -4.616672287008573, 0.02221957226263683, -52.0648, 163.6907, 10830
45.0, 900.0, 27238.972907100877, 362.8265705787187, 1468.2146208439794, 27.967990879460668, 25009.36479355139, 6.52928533790427E-6, 1.8109630805033175E15, 0.8236146097465983, 0.20609490276213172, 0.12612558075219238, 0.7189930885693705, -0.002086293998664388, 2.092549939021414, 194110.79217080827, 7.5766348766467735E-6, 170.74207216674606, 0.0020955218198420228, 0.005996075337687017, 0.0016151956519994332, 35.94492368792259, -4.824094596823743, 0.022269615421249944, -52.1252, 164.4493, 10854
45.0, 900.0, 28776.35875259413, 371.95269727318674, 1639.6901938502017, 28.733335344393367, 30856.723416384342, 6.574026588552124E-6, 1.315961998709816E15, 0.8244072318514102, 0.20667815449728333, 0.12730750328267937, 0.7190653694549118, 0.02573627782014683, 2.073430255597612, 209914.0856778664, 7.061724603862069E-6, 163.25706877764674, 0.002140013938033613, 0.006080598899030713, 0.0018476953996857987, 36.28409058122165, -5.002059573963265, 0.01201466475232597, -52.192, 165.2556, 10863
45.0, 900.0, 30313.74459808738, 367.58845967085495, 1296.3710024138027, 29.478816227812384, 17462.897547999386, 6.591337689525112E-6, 2.684884265198355E15, 0.8247114773993873, 0.20690331234149356, 0.12776447039684846, 0.7193347324502417, -0.04478788685694895, 2.145195814615849, 208501.39611323326, 7.088262305933161E-6, 166.1453052876941, 0.0021428682399891237, 0.006111662461511099, 8.908399372590118E-4, 40.19655271088685, -3.9209748546278744, 0.0032739253311082272, -52.2612, 166.1493, 10859
45.0, 900.0, 31851.130443580634, 344.2520803800353, 1410.7287192331887, 30.205904263453274, 22135.31340993518, 6.58474597175986E-6, 2.070364458418623E15, 0.8245957856861134, 0.2068176102565653, 0.1275904887628807, 0.7190666991046535, 0.048213031021395424, 2.0518636086238615, 221085.51123982022, 6.796365926691863E-6, 157.55294180851854, 0.002139521847864612, 0.006094150548821859, 0.0010210178166698246, 40.7292654926329, -3.752123123327083, -0.009079815339938603, -52.3154, 167.0546, 10835
45.0, 900.0, 33388.51628907389, 301.36804605697944, 1477.1844142188359, 30.915897181752214, 24632.859454517624, 6.621175834914337E-6, 1.9075325926781442E15, 0.8252327401438913, 0.20729073959963434, 0.12855167565004588, 0.7194472978868136, -0.014198365366272137, 2.1139395083029733, 233297.5167022741, 6.507963012557321E-6, 147.7360059836609, 0.0021795541087252976, 0.006151959738456152, 0.001081336433544409, 41.23241894062263, -3.568008457674205, -0.021732357491012908, -52.3673, 167.9732, 10792
45.0, 900.0, 34925.902134567135, 253.75538155925398, 1465.6904978743528, 31.609946927074144, 23724.934562021168, 6.644176691853768E-6, 1.9946845405240335E15, 0.8256318631581238, 0.20758881925160647, 0.12915811335685326, 0.7195392824942313, 0.024439208342978535, 2.072409584369901, 244752.92818197832, 6.249287185483796E-6, 135.73885414017693, 0.002206952135736184, 0.006183853249244999, 0.0010790105792570133, 41.83447387681244, -3.663868315223702, -0.024775110346387574, -52.4167, 168.9046, 10745
45.0, 900.0, 36463.287980060384, 196.63237592325385, 1406.0914686614271, 32.289081605276635, 20133.626704681716, 6.660531743764761E-6, 2.2080249528419482E15, 0.8259142503741101, 0.20780047245676742, 0.129589125736699, 0.7197893362464178, -0.02150712223473014, 2.1150867929348145, 256673.40789906328, 5.982792142397499E-6, 118.46419772202294, 0.0022285081684889274, 0.0062012263314439485, 0.0010945388740364655, 42.51628576867704, -3.963895328513151, -0.030941598514231866, -52.4674, 169.851, 10688
45.0, 900.0, 38000.67382555363, 148.2760450610766, 1371.4252883059037, 32.95422335743908, 17137.701822867428, 6.669363265754452E-6, 2.3039257120995575E15, 0.8260662502183203, 0.20791465925609767, 0.12982179684365133, 0.719710291666204, 0.043549858697173496, 2.047861654967569, 271205.4960611207, 5.657254218535251E-6, 102.63761497893569, 0.002242011431774505, 0.00620660753313689, 0.0012081062969652343, 43.268142234976814, -4.459714117619763, -0.02523592518883005, -52.5222, 170.8139, 10639
45.0, 900.0, 39538.05967104688, 114.27567997114807, 1333.7235370166927, 33.60620304752909, 12920.4666634431, 6.667415235586344E-6, 2.4235975212982895E15, 0.8260327517480333, 0.207889478492562, 0.12977047919097334, 0.719834944618932, -0.0131090920480853, 2.1050225901027364, 271205.4960611207, 5.657254218535251E-6, 98.26932938230499, 0.0022438178536044752, 0.006195227952083043, 5.71950169352474E-4, 43.94261830162159, -4.947018532830367, -0.015912718284213475, -52.5839, 171.7946, 10605
