angle, time_diff, t, z, eps, Dh, Dv, sigmah, sigmav, sigmas, rice, Nice, g_t, Qabs_t, Qsca_t, g_s, Qabs_s, Qsca_s, distance_between_contrails, state_indicator, CCS, CCS_esti, V_inter, IWC, RHice, Re, v_sed, windshear_s, wind_u, wind_v, wind_w, lat, lon, altitude
0.0, 900.0, 1.0, -0.009996159329846434, 0.06128343632734898, 20.0, 0.014097418373135336, 16.63405206982474, 3.6543183549590306, 3.727033054858625E-4, 1.2581312538966414E-6, 6.030411553770902E14, 0.5202788066036078, 0.10684589817082508, -0.013623256877050086, 0.6768221082700927, -0.3794604714389832, 2.3956508453880296, 112.4819013528114, 1.0, 3.5917127488080447, 3.5917127488080447, 150636.4326850094, 3.0623348831491485E-5, 146.60242728343795, 1.5124923002271484E-5, 2.1975094862181692E-4, 2.793889324962604E-5, 40.76508262244645, 0.5979810710775277, -0.009833352524044065, -49.987, 150.5269, 10491
0.0, 900.0, 1.0563896734925413, -0.01056370963339501, 0.06128343632734898, 20.0, 0.014097418373135336, 16.70171473839024, 3.6545358853113994, 3.9394542835505296E-4, 1.2910218771975095E-6, 5.581153325490699E14, 0.5263777931484457, 0.10787532357826293, -0.013003550788671353, 0.6521435916869041, 0.7147551876324749, 1.3883023951624545, 112.48169374787099, 1.0, 3.745575803905735, 3.745575803905735, 157089.44921580653, 2.9365384167254206E-5, 146.60181439693278, 1.6342412605942814E-5, 2.3139078525945898E-4, 2.7953229620168174E-5, 40.764976920802475, 0.5978601990195584, -0.00983340066318978, -49.987, 150.5269, 10491
0.0, 900.0, 1.1159591422616781, -0.011162921773614765, 0.06128343632734898, 20.0, 0.014097418373135336, 16.772896409227904, 3.6547656680662555, 4.1641156475724205E-4, 1.27476070905712E-6, 5.797473224452434E14, 0.5233839878707744, 0.10736694254662246, -0.013311993851058773, 0.6727702409896775, -0.13850297742338183, 2.201817764721324, 112.48147443881015, 1.0, 3.909794693023672, 3.909794693023672, 163976.7894254128, 2.8131981129017865E-5, 146.60114514429478, 1.573263047051033E-5, 2.2559848014734008E-4, 2.796837442379576E-5, 40.76486525895207, 0.5977325111312726, -0.009833449415062685, -49.987, 150.527, 10491
0.0, 900.0, 1.1788877139248306, -0.011795563987565028, 0.06128343632734898, 20.0, 0.014097418373135336, 16.847765336172632, 3.6550083925047967, 4.401737768195306E-4, 1.2583784298479902E-6, 6.026857948011954E14, 0.5203252883655191, 0.1068536505483665, -0.01361866177406186, 0.6701137721729107, 0.0893920109124004, 1.9275426656878074, 112.4812427643356, 1.0, 4.085090380905647, 4.085090380905647, 171328.69057518282, 2.6924807107472556E-5, 146.60046119916132, 1.5133841554419935E-5, 2.198372901241062E-4, 2.798437324600119E-5, 40.76474730083216, 0.5975976231124962, -0.009833500919055414, -49.987, 150.527, 10491
0.0, 900.0, 1.2453648071974204, -0.012463503925323555, 0.06128343632734898, 20.0, 0.014097418373135336, 16.92649640520292, 3.655264786588338, 4.653085437777049E-4, 1.2418937331194568E-6, 6.270056361812074E14, 0.5172033837588911, 0.10633617604710269, -0.013923001174118474, 0.6592212748789196, 0.5912813835618767, 1.3734259376546507, 112.48099802882501, 1.0, 4.272233384736123, 4.272233384736123, 179177.468155833, 2.5745379668500894E-5, 146.5997386923888, 1.4546842886520542E-5, 2.1411530033167911E-4, 2.8001274249136945E-5, 40.76462269143277, 0.5974551289997514, -0.009833555331409624, -49.987, 150.527, 10491
0.0, 900.0, 1.3155905220543846, -0.013168714287905503, 0.06128343632734898, 20.0, 0.014097418373135336, 17.00927127044338, 3.655535619117733, 4.918970520424285E-4, 1.2253255422309845E-6, 6.527851881216858E14, 0.5140201405768482, 0.10581528406958501, -0.014224464694437361, 0.6682260038049354, 0.3205752195678936, 1.58704705651395, 112.4807394950025, 1.0, 4.472046890203898, 4.472046890203898, 187557.64657515148, 2.4595061516757143E-5, 146.59895363920717, 1.397236360747374E-5, 2.0844034307709454E-4, 2.801912830712667E-5, 40.76449105572912, 0.5973045999456055, -0.009833612816083212, -49.987, 150.5271, 10491
0.0, 900.0, 1.3897762420429134, -0.013913278787595821, 0.06128343632734898, 20.0, 0.014097418373135336, 17.09627848255876, 3.655821702012073, 5.20025506608401E-4, 1.2086929338121545E-6, 6.801062929628509E14, 0.5107776017563946, 0.1052917748603486, -0.014522513893034106, 0.6690183751873651, 0.3659664330270804, 1.4808791488906103, 112.48046638562711, 1.0, 4.685409981126631, 4.685409981126631, 196506.09460845092, 2.3475057425804947E-5, 146.5981473641156, 1.3411070015708098E-5, 2.0281999724181983E-4, 2.8037989160992366E-5, 40.76435199755312, 0.5971455829290191, -0.009833673546333006, -49.987, 150.5271, 10491
0.0, 900.0, 1.4681452705594045, -0.014699398449211303, 0.06128343632734898, 20.0, 0.014097418373135336, 17.187713608745153, 3.656123892713079, 5.49785465497961E-4, 1.1920150678757922E-6, 7.090543197681098E14, 0.5074779861276639, 0.10476648252151184, -0.014816621959241896, 0.6806551868587808, -0.2154987442618876, 1.9991871488913289, 112.48017787923084, 1.0, 4.9132610438901, 4.9132610438901, 206062.1681807508, 2.2386407933065188E-5, 146.5972738197935, 1.2863545889707234E-5, 1.9726147282440954E-4, 2.8057913588266527E-5, 40.76420509840203, 0.5969775993937323, -0.009833737706324338, -49.987, 150.5272, 10491
0.0, 900.0, 1.550933503005868, -0.015529398259976476, 0.06128343632734898, 20.0, 0.014097418373135336, 17.283779343556954, 3.6564430967219734, 5.812741987469706E-4, 1.175311036024344E-6, 7.397181777115475E14, 0.5041236704439435, 0.104240270820575, -0.015106277776514937, 0.6783001678497397, 0.11223612512028522, 1.6073319270028592, 112.47987310801302, 1.0, 5.156601317539598, 5.156601317539598, 216267.85925761075, 2.1329992224925746E-5, 146.5963740639374, 1.2330309424796124E-5, 1.9177165191000295E-4, 2.807896156477591E-5, 40.76404991617915, 0.5968001438091464, -0.009833805489163837, -49.987, 150.5272, 10491
0.0, 900.0, 1.6383901368490124, -0.01640573420450253, 0.06128343632734898, 20.0, 0.014097418373135336, 17.38468560985421, 3.656780270275938, 6.145950745736156E-4, 1.1585998339701436E-6, 7.721903104902291E14, 0.5007171944133141, 0.10371403264063317, -0.015390987654869112, 0.6822223051349451, -0.007168019702993982, 1.6631317373959522, 112.4795511552208, 1.0, 5.41649860235634, 5.41649860235634, 227167.9513828249, 2.0306524839630603E-5, 146.5954017684025, 1.1811795250754457E-5, 1.863569867638257E-4, 2.810119644975017E-5, 40.76388598386444, 0.5966126821511635, -0.009833877100375765, -49.987, 150.5272, 10491
0.0, 900.0, 1.7307784217193283, -0.01733100068758176, 0.06128343632734898, 20.0, 0.014097418373135336, 17.49064964921597, 3.6571364231716252, 6.498579746071901E-4, 1.1419002032102253E-6, 8.0656667185745E14, 0.4972612379940012, 0.1031886850224464, -0.015670279200081058, 0.688664846165384, -0.4330175288768274, 2.0273854832859057, 112.47921105265388, 1.0, 5.694091126459034, 5.694091126459034, 238810.18184369188, 1.9316561848031532E-5, 146.59439769314153, 1.130837107875224E-5, 1.8102354117130166E-4, 2.8124685171744337E-5, 40.76371280810945, 0.5964146502966994, -0.009833952755639636, -49.987, 150.5273, 10491
0.0, 900.0, 1.8283764518080172, -0.018307938385912575, 0.06128343632734898, 20.0, 0.014097418373135336, 17.601896101241394, 3.6575126217435883, 6.871797411979109E-4, 1.1252306141782972E-6, 8.429466804625115E14, 0.4937586255923085, 0.10266516836005128, -0.01594370258589134, 0.678639905995563, 0.5093759134856901, 1.0268612185018835, 112.47885177705531, 1.0, 5.99059157778363, 5.99059157778363, 251245.41077224544, 1.836050064773717E-5, 146.59331519662038, 1.0820322844317387E-5, 1.757769035101634E-4, 2.8149498439490922E-5, 40.76352986775369, 0.5962054523282467, -0.009834032684335805, -49.987, 150.5274, 10491
0.0, 900.0, 1.9314780029469225, -0.01933944253254568, 0.06128343632734898, 20.0, 0.014097418373135336, 17.71865707125199, 3.6579099920058593, 7.266846588864256E-4, 1.1086091108663445E-6, 8.814331535033868E14, 0.4902122999333403, 0.10214444092819198, -0.01621083397589118, 0.691574316129539, -0.27691141396058344, 1.7598535955682288, 112.47847224744696, 1.0, 6.307291294466711, 6.307291294466711, 264527.7968899339, 1.743858851469329E-5, 146.5921728969484, 1.0347869309873653E-5, 1.7062222155938018E-4, 2.8175710946401397E-5, 40.76333661225704, 0.5959844587429317, -0.009834117127356455, -49.987, 150.5274, 10491
0.0, 900.0, 2.040393416891125, -0.02042857167781837, 0.06128343632734898, 20.0, 0.014097418373135336, 17.841172186015946, 3.6583297229653335, 7.685049736552394E-4, 1.0920532983513707E-6, 9.221322167499095E14, 0.4866253237488223, 0.1016274775867936, -0.016471276370339516, 0.6882905400962872, 0.30377595068648144, 1.131947027116414, 112.47807132393511, 1.0, 6.645564612400708, 6.645564612400708, 278714.9798440857, 1.6550927414243917E-5, 146.59098923159019, 9.891159363223409E-6, 1.6556417724250557E-4, 2.8203401596684954E-5, 40.76313246004403, 0.5957510045606891, -0.009834206340368995, -49.987, 150.5275, 10491
0.0, 900.0, 2.1554505354659463, -0.021578556940363987, 0.06128343632734898, 20.0, 0.014097418373135336, 17.96968863723834, 3.6587730701160366, 8.127814531747596E-4, 1.07558024396941E-6, 9.651531896096178E14, 0.4830008615948889, 0.1011152654513214, -0.016724661679036273, 0.6880007812364272, 0.5047658323940196, 0.8908818370586093, 112.47764779991836, 1.0, 7.0068734085620115, 7.0068734085620115, 293868.27075509075, 1.569747985520244E-5, 146.58971701949523, 9.450268730227521E-6, 1.6060694214625797E-4, 2.823265374605265E-5, 40.76291679675512, 0.5955043873264896, -0.009834300593513182, -49.987, 150.5275, 10491
0.0, 900.0, 2.2769956873901944, -0.02279281177499866, 0.06128343632734898, 20.0, 0.014097418373135336, 18.104461212698915, 3.659241359123792, 8.596639915686526E-4, 1.0592063780518465E-6, 1.0106084499271609E15, 0.47934215900037974, 0.10060879925618647, -0.016970652514762263, 0.6972965399343805, -0.4594107779687623, 1.8229899602323152, 112.47720040214493, 1.0, 7.392771776660782, 7.392771776660782, 310052.8483131532, 1.4878080099324782E-5, 146.58837430731253, 9.025213612520653E-6, 1.557542226273117E-4, 2.826355545190144E-5, 40.76268897339897, 0.5952438649995107, -0.009834400171143697, -49.987, 150.5276, 10491
0.0, 900.0, 2.4053947307460524, -0.024074942300145338, 0.06128343632734898, 20.0, 0.014097418373135336, 18.24575231507082, 3.6597359897112702, 9.093122627657079E-4, 1.0429474980321012E-6, 1.0586132685688522E15, 0.475652542513956, 0.10010907962494872, -0.017208942177193584, 0.697509820403944, -0.24765182338616543, 1.5878023075483627, 112.47672778482166, 1.0, 7.804910899468189, 7.804910899468189, 327337.96312369587, 1.409244107227562E-5, 146.58695711993332, 8.615948471558122E-6, 1.5100924045299854E-4, 2.829619973562062E-5, 40.762448304401005, 0.594968653723936, -0.009834505374867141, -49.987, 150.5277, 10491
0.0, 900.0, 2.5410341542335018, -0.02542875820131818, 0.06128343632734898, 20.0, 0.014097418373135336, 18.393831968618063, 3.660258439753881, 9.618964270624082E-4, 1.0268186733192032E-6, 1.1092856228344018E15, 0.47193539602470314, 0.09961710796114813, -0.01743925593109917, 0.6863694921119973, 0.8448515667981504, 0.4808974758087947, 112.47622852730014, 1.0, 8.245044076327542, 8.245044076327542, 345797.1485611771, 1.334016434299271E-5, 146.58546125810216, 8.222370801294355E-6, 1.4637473463833048E-4, 2.8330684863517786E-5, 40.762194065542054, 0.5946779254744472, -0.009834616523021674, -49.987, 150.5278, 10491
0.0, 900.0, 2.684322240524125, -0.02685828425072365, 0.06128343632734898, 20.0, 0.014097418373135336, 18.54897781414409, 3.6608102695974516, 0.0010175978958449454, 1.0108342104585537E-6, 1.1627459826072045E15, 0.4681941484493855, 0.09913388294037734, -0.017661351117348595, 0.681683133360049, 0.9605835524858448, 0.3599276987863256, 112.4757011279316, 1.0, 8.715031943484174, 8.715031943484174, 365508.43970972626, 1.2620750412241753E-5, 146.58390409412223, 7.844327134189949E-6, 1.418529814326155E-4, 2.8367114647003203E-5, 40.76192549178102, 0.594370805569262, -0.009834733952013086, -49.987, 150.5278, 10491
0.0, 900.0, 2.835690295216047, -0.02836777247803345, 0.06128343632734898, 20.0, 0.014097418373135336, 18.711475092747424, 3.661393126609161, 0.0010766101595237213, 9.950076265467294E-7, 1.2191170749210452E15, 0.46443226174774216, 0.09866039698633633, -0.017875016934244994, 0.6945216045978877, 0.3543037122058743, 0.9700227835207484, 112.47514400085167, 1.0, 9.216847857976388, 9.216847857976388, 386554.5991635297, 1.1933606835885284E-5, 146.58223732487602, 7.481611873036297E-6, 1.374457763542057E-4, 2.8405598751965143E-5, 40.76164177495457, 0.5940463700430394, -0.00983485801770841, -49.987, 150.5279, 10491
0.0, 900.0, 2.995593945089248, -0.029961715020224065, 0.06128343632734898, 20.0, 0.014097418373135336, 18.88161661912902, 3.6620087499737233, 0.001139139684930632, 9.793515675696033E-7, 1.2785236233594808E15, 0.46065320403068694, 0.09819763088253206, -0.01808007471939417, 0.6967392221979156, -0.19784387021717037, 1.5346941357302306, 112.4745554723379, 1.0, 9.752583464421168, 9.752583464421168, 409023.3504978238, 1.127806128105026E-5, 146.580477808519, 7.133979629982057E-6, 1.3315448525639327E-4, 2.844625302762045E-5, 40.76134206134776, 0.5937036428727129, -0.009834989095085157, -49.987, 150.528, 10491
0.0, 900.0, 3.1645145095690648, -0.03164485770702173, 0.06128343632734898, 20.0, 0.014097418373135336, 19.05970274538787, 3.662658975747361, 0.0012054068887011405, 9.638778596261408E-7, 1.3410920660061152E15, 0.45686045271357645, 0.09774655216019751, -0.018276376220021096, 0.6973847878675079, -0.7418660414155372, 2.0993912081758883, 112.47393377246884, 1.0, 10.32445447215981, 10.32445447215981, 433007.6205623824, 1.0653369564856432E-5, 146.57862031548754, 6.801145539148843E-6, 1.2898004926489653E-4, 2.8489199853434082E-5, 40.7610254491279, 0.5933415930470063, -0.009835127581550968, -49.987, 150.5281, 10491
0.0, 900.0, 3.342960449526074, -0.03342221440546301, 0.06128343632734898, 20.0, 0.014097418373135336, 19.2460413164322, 3.663345742182661, 0.0012756471943749063, 9.48597439737011E-7, 1.4069502569429402E15, 0.453057467654399, 0.09730810971428774, -0.018463803284930386, 0.672056417731381, 0.9144034302007248, 0.4712050587592763, 112.47327703265076, 1.0, 10.934806594135699, 10.934806594135699, 458605.7885580512, 1.005872556580595E-5, 146.57663751406702, 6.482788972240037E-6, 1.249229913975316E-4, 2.8534568515268792E-5, 40.76069098563369, 0.5929591314713818, -0.009835273896723251, -49.987, 150.5282, 10491
0.0, 900.0, 3.5314688977733284, -0.03529908217376823, 0.06128343632734898, 20.0, 0.014097418373135336, 19.44094761832029, 3.6640710953380062, 0.0013501121803585433, 9.335203430566239E-7, 1.4762271460746858E15, 0.4492476761302846, 0.09688323001134991, -0.018642266569998053, 0.6951484925878603, -0.9131058022231562, 2.3333105018780085, 112.47258328077223, 1.0, 11.586121695587028, 11.586121695587028, 485921.94391291996, 9.493272729825742E-6, 146.57456718314936, 6.178562919363906E-6, 1.2098346722481736E-4, 2.8582495588895502E-5, 40.760337664511994, 0.5925551076990572, -0.00983542848372288, -49.987, 150.5283, 10491
0.0, 900.0, 3.7306072758678313, -0.03728105727928967, 0.06128343632734898, 20.0, 0.014097418373135336, 19.64474432102379, 3.664837194985849, 0.0014290708284228346, 9.18655756990883E-7, 1.5490524457827242E15, 0.4454344738639388, 0.09647281506138541, -0.018811703305919747, 0.6777972340274729, 0.5793741808811621, 0.8809267346637188, 112.47185042955441, 1.0, 12.281024187097666, 12.281024187097666, 515066.1544068761, 8.956110306841127E-6, 146.5723813501483, 5.888092177412994E-6, 1.171612591905281E-4, 2.8633125351631624E-5, 40.759964422693436, 0.5921283064784548, -0.009835591811986937, -49.987, 150.5284, 10491
0.0, 900.0, 3.9409750020829173, -0.039374052108295504, 0.06128343632734898, 20.0, 0.014097418373135336, 19.857761417273085, 3.6656463208347128, 0.0015128108826697928, 9.040119322482502E-7, 1.6255562909120835E15, 0.4416211888620081, 0.09607773631860168, -0.01897207659524687, 0.6753558870554617, 0.5465304997159619, 0.9582736432610091, 112.47107627817819, 1.0, 13.022287561075927, 13.022287561075927, 546154.7403115244, 8.446304122694847E-6, 146.5700735024127, 5.61098073798831E-6, 1.1345580697881169E-4, 2.8686610222432402E-5, 40.75957013719797, 0.5916774441070101, -0.009835764376552378, -49.987, 150.5286, 10491
0.0, 900.0, 4.163205295692641, -0.04158431303998916, 0.06128343632734898, 20.0, 0.014097418373135336, 20.08033615929561, 3.6665008790804166, 0.0016016403286690884, 8.89596250058975E-7, 1.7058688806983688E15, 0.4378110838967693, 0.09569883298266121, -0.019123372724192317, 0.632433961232866, 1.1130753838351661, 0.43950257076879606, 112.47025850072787, 1.0, 13.812841227732822, 13.812841227732822, 579310.5610911145, 7.962893816019936E-6, 146.56761495413437, 5.346814795018937E-6, 1.0986623455829585E-4, 2.874311120744034E-5, 40.75915362176063, 0.5912011645798838, -0.009835946701033048, -49.987, 150.5287, 10491
0.0, 900.0, 4.397967082999168, -0.04391843932629374, 0.06128343632734898, 20.0, 0.014097418373135336, 20.312812995390154, 3.667403409302669, 0.0016958890072188962, 8.754152006784588E-7, 1.79012012583425E15, 0.4340073357690826, 0.09533690787237027, -0.019265599393508026, 0.6690464705396832, 0.5358641449340705, 1.0666135683801463, 112.46939463997877, 1.0, 14.655777562800733, 14.655777562800733, 614663.3109838627, 7.504902456684777E-6, 146.5650420497412, 5.0951699277618195E-6, 1.0639139289328703E-4, 2.8802798398689144E-5, 40.758713623267425, 0.5906980355228444, -0.009836139338522149, -49.987, 150.5288, 10491
0.0, 900.0, 4.645967010840436, -0.04638340304971898, 0.06128343632734898, 20.0, 0.014097418373135336, 20.555543508389782, 3.668356591723794, 0.0017959103740334105, 8.614744697487806E-7, 1.8784392910379075E15, 0.43021304287879464, 0.09499272616003998, -0.019398782763455025, 0.672730876081737, 0.27980338284229644, 1.3735791622422853, 112.46848210067586, 1.0, 15.554359213341144, 15.554359213341144, 652349.8254075276, 7.071340243670349E-6, 146.56230350018689, 4.8556089016572244E-6, 1.0302985781145551E-4, 2.8865851483422144E-5, 40.75824881799087, 0.5901665438966903, -0.009836342874754387, -49.987, 150.529, 10491
0.0, 900.0, 4.907951573638846, -0.04898657019250867, 0.06128343632734898, 20.0, 0.014097418373135336, 20.808886358150318, 3.6693632548470254, 0.001902083420908537, 8.477788347618219E-7, 1.970954641516373E15, 0.4264311813404277, 0.0946670094333516, -0.01952296631667512, 0.6804418433592522, -0.37425582140576347, 2.078479971808614, 112.46751814156721, 1.0, 16.512026683484226, 16.512026683484226, 692514.3991053285, 6.66121491580374E-6, 146.5594348056505, 4.627690532958905E-6, 9.97799753712144E-5, 2.8932460280544314E-5, 40.75775780761389, 0.589605091461006, -0.009836557927400047, -49.987, 150.5291, 10491
0.0, 900.0, 5.184709360393545, -0.05173572292030483, 0.06128343632734898, 20.0, 0.014097418373135336, 21.073207230257868, 3.670426383492436, 0.0020148147755070112, 8.3433233608285E-7, 2.0677930981327282E15, 0.4226646354712396, 0.09436043674448959, -0.019638207038904565, 0.6766567648148522, -0.22272197090573628, 1.9767321001638765, 112.46649986847486, 1.0, 17.532406205758324, 17.532406205758324, 735309.1162695041, 6.273533735596609E-6, 146.55638378848124, 4.410967845066995E-6, 9.663987369969565E-5, 2.9002825314794453E-5, 40.75723911503006, 0.589011989983276, -0.009836785150879473, -49.987, 150.5293, 10491
0.0, 900.0, 5.47707342837986, -0.054639083105618144, 0.06128343632734898, 20.0, 0.014097418373135336, 21.34887879317589, 3.6715491272492478, 0.0021345409976483228, 8.211381517439647E-7, 2.1690799037639312E15, 0.4189161470644803, 0.09407363870613485, -0.019744574346661367, 0.6650557870394622, 0.3208690713882665, 1.4809744374654945, 112.46542422314664, 1.0, 18.619317952521374, 18.619317952521374, 780894.1949287464, 5.907312201993697E-6, 146.553163202942, 4.20499453185024E-6, 9.360749284288635E-5, 2.9077158420710818E-5, 40.7566911799077, 0.5883854561794006, -0.00983702523551715, -49.987, 150.5294, 10491
0.0, 900.0, 5.785923810700875, -0.05770533720520793, 0.06128343632734898, 20.0, 0.014097418373135336, 21.636280666048634, 3.672734809363899, 0.0022617310926505837, 8.081987661293985E-7, 2.2749383091120175E15, 0.4151883464559352, 0.09380719869892784, -0.01984214642915194, 0.6526564697245983, 0.640493824839268, 1.2064423728862494, 112.46428797681736, 1.0, 19.776784556123246, 19.776784556123246, 829438.344283809, 5.561576759971554E-6, 146.54976348781938, 4.0093261270389384E-6, 9.068061723738783E-5, 2.9155683379974338E-5, 40.756112354005, 0.5877236063712052, -0.009837278912230626, -49.987, 150.5296, 10491
0.0, 900.0, 6.112190165239018, -0.06094366253645606, 0.06128343632734898, 20.0, 0.014097418373135336, 21.935799399343257, 3.673986936083916, 0.0023968892648352897, 7.955159231724076E-7, 2.3854892750161545E15, 0.41148372386317367, 0.09356164935912425, -0.019931008523078858, 0.6049783798768116, 1.2324003363562774, 0.6562180306136076, 112.46308771670215, 1.0, 21.00904003916943, 21.00904003916943, 881119.139242766, 5.235369404958858E-6, 146.54617454278824, 3.823521811214649E-6, 8.7856885795677E-5, 2.923863659847947E-5, 40.755500896221385, 0.5870244508437406, -0.009837546953377263, -49.987, 150.5298, 10491
0.0, 900.0, 6.456854572981168, -0.06436375504787022, 0.06128343632734898, 20.0, 0.014097418373135336, 22.247828470447597, 3.675309206478255, 0.002540557935505655, 7.830906812725144E-7, 2.5008512042582375E15, 0.4078046296059878, 0.09333747170091294, -0.02001125037885783, 0.6784017781712591, -0.9312661288744137, 2.857609016100242, 112.4618198409948, 1.0, 22.320539083253724, 22.320539083253724, 936123.4091516612, 4.927751246109584E-6, 146.5423856980198, 3.6471466794338594E-6, 8.513381838417705E-5, 2.9326267811925367E-5, 40.75485496737136, 0.5862858878875428, -0.009837830175542154, -49.987, 150.53, 10491
0.0, 900.0, 6.820954494140398, -0.06797585866648516, 0.06128343632734898, 20.0, 0.014097418373135336, 22.57276829624605, 3.676705522755424, 0.0026933210556966468, 7.709234505120361E-7, 2.6211396939708265E15, 0.4041532700472218, 0.09313509412546, -0.020082963986559343, 0.6360407956354303, 0.886025856973554, 1.0736598622184415, 112.46048054365447, 1.0, 23.715966790680003, 23.715966790680003, 994647.6472011193, 4.6378055241597055E-6, 146.53838568206604, 3.479773439172549E-6, 8.250883661449902E-5, 2.9418840848214636E-5, 40.75417262466433, 0.5855056975066923, -0.009838129442110693, -49.987, 150.5302, 10491
0.0, 900.0, 7.205585890972458, -0.07179079631264679, 0.06128343632734898, 20.0, 0.014097418373135336, 22.91102626457367, 3.6781800011012793, 0.0028558077418388353, 7.590140302158328E-7, 2.7464673265267695E15, 0.40053170434878527, 0.09295489176006909, -0.020146241419493047, 0.6780048996439825, -1.094834716158409, 3.083177458735161, 112.45906580687868, 1.0, 25.200248854924766, 25.200248854924766, 1056898.4369755448, 4.364639674140935E-6, 146.53414078698825, 3.3209832404990005E-6, 7.997927860065372E-5, 2.9516634409009975E-5, 40.753451815874676, 0.5846815347751, -0.009838445665994263, -49.987, 150.5304, 10491
0.0, 900.0, 7.611906526686857, -0.0758200026738077, 0.06128343632734898, 20.0, 0.014097418373135336, 23.263016786301602, 3.679736983058981, 0.003028696273720944, 7.473616209912886E-7, 2.876943487178585E15, 0.39694183409425066, 0.09279718581541309, -0.020201172924872723, 0.6699814331152398, -0.3659831595847994, 2.3781068399693868, 112.45757138617016, 1.0, 26.778562278919484, 26.778562278919484, 1123092.9019778832, 4.107389314423646E-6, 146.52968203701892, 3.1703690501510653E-6, 7.754243031129355E-5, 2.9619942923482068E-5, 40.75269037318467, 0.583810922821296, -0.009838779812158582, -49.987, 150.5307, 10491
0.0, 900.0, 8.041139450382474, -0.08007555885988754, 0.06128343632734898, 20.0, 0.014097418373135336, 23.62916136963793, 3.6813810474741318, 0.003212718488809428, 7.359649724206696E-7, 3.012674222558546E15, 0.39338543574005097, 0.09266224505139449, -0.020247844552434086, 0.675043910912376, -0.8803689552159679, 2.9113123969649055, 112.45599279839207, 1.0, 28.45634661024791, 28.45634661024791, 1193459.1768337972, 3.865216487396728E-6, 146.52495254341466, 3.0275337176864482E-6, 7.519553248261796E-5, 2.9729077420742366E-5, 40.751886006681374, 0.5828912454208908, -0.009839132902132678, -49.987, 150.5309, 10491
0.0, 900.0, 8.494576678497534, -0.0845702290006975, 0.06128343632734898, 20.0, 0.014097418373135336, 24.009888718041072, 3.6831170230286085, 0.00340866462197984, 7.248222293251559E-7, 3.1537621331044645E15, 0.3898641007156081, 0.09255028367717948, -0.02028633730422373, 0.6236663605946753, 1.0349442387862413, 1.0098680990611362, 112.45432531000931, 1.0, 30.239315753145767, 30.239315753145767, 1268236.9026869335, 3.6373143486426573E-6, 146.51996007048538, 2.892092607814212E-6, 7.293578839411451E-5, 2.9844366481228205E-5, 40.751036297488774, 0.5819197391749236, -0.009839506014729757, -49.987, 150.5312, 10491
0.0, 900.0, 8.973583083855367, -0.08931749895972527, 0.06128343632734898, 20.0, 0.014097418373135336, 24.405634852941777, 3.6849500013870746, 0.003617388634182235, 7.139311686312311E-7, 3.300306302427556E15, 0.38637929766141627, 0.09246146451455062, -0.020316724746172438, 0.6546608488484187, 0.35800986890918696, 1.6958145916398428, 112.45256392090313, 1.0, 32.1334704368392, 32.1334704368392, 1347677.7501210358, 3.4229060815699852E-6, 146.51468979014163, 2.7636743098810542E-6, 7.076040068645756E-5, 2.9966157216922143E-5, 40.75013869051482, 0.5808934852519068, -0.009839900292021295, -49.987, 150.5314, 10491
0.0, 900.0, 9.479600504012163, -0.09433161723629116, 0.06128343632734898, 20.0, 0.014097418373135336, 24.81684326225922, 3.686885350980512, 0.003839814087553968, 7.032891235706904E-7, 3.452402267618348E15, 0.3829323384603811, 0.09239589862231927, -0.020339072136835556, 0.5738025273986669, 1.4314258429583757, 0.626720172603427, 112.45070335035896, 1.0, 34.145111339369535, 34.145111339369535, 1432045.9695731583, 3.2212459851779413E-6, 146.50912603824983, 2.6419202822113137E-6, 6.866656532652664E-5, 3.00948163159542E-5, 40.74919048679145, 0.5798094006685677, -0.009840316941548476, -49.987, 150.5317, 10491
0.0, 900.0, 10.014152081273139, -0.09962763820563922, 0.06128343632734898, 20.0, 0.014097418373135336, 25.243965075480464, 3.688928731451453, 0.00407694062843688, 6.928930507582162E-7, 3.6101420246166255E15, 0.3795243896993849, 0.09235364699358554, -0.020353435126005626, 0.6756862440632888, -1.0376587867498206, 3.095662047188239, 112.44873802290188, 1.0, 36.28085293233419, 36.28085293233419, 1521618.971982096, 3.0316197751792675E-6, 146.50325226747853, 2.526485549107577E-6, 6.66514893687491E-5, 3.023073115682722E-5, 40.748188835385136, 0.5786642290841209, -0.009840757240562558, -49.987, 150.532, 10491
0.0, 900.0, 10.578846847440785, -0.10522146782755477, 0.06128343632734898, 20.0, 0.014097418373135336, 25.687459265856177, 3.6910861087858136, 0.0043298511433899735, 6.827395676748983E-7, 3.7736140694421225E15, 0.3761564759659676, 0.0923347221635602, -0.020359858765248956, 0.6353474324889082, 0.8499699972161794, 1.2037007392774537, 112.44666204923536, 1.0, 38.54763813703618, 38.54763813703618, 1616687.9434672974, 2.8533441584051407E-6, 146.49702920206656, 2.417038452980931E-6, 6.471239778502322E-5, 3.0374310971139773E-5, 40.74713072485423, 0.577454531081727, -0.009841222540142403, -49.987, 150.5323, 10491
0.0, 900.0, 11.175384567095572, -0.11112991195992675, 0.06128343632734898, 20.0, 0.014097418373135336, 26.14779288005184, 3.6933637711563505, 0.0045997196656499635, 6.728249516201531E-7, 3.9429034775898195E15, 0.37282947116838433, 0.09233909012889685, -0.020358376680560272, 0.678428882496439, -1.3732231493799616, 3.4186831577989976, 112.44446921156118, 1.0, 40.95275377363274, 40.95275377363274, 1717558.4932661573, 2.685768117737247E-6, 146.49046017351523, 2.3132617331882958E-6, 6.284654733751021E-5, 3.0525988071868766E-5, 40.74601297422728, 0.5761766739078165, -0.009841714269203642, -49.987, 150.5327, 10491
0.0, 900.0, 11.805560853987677, -0.11737072745430595, 0.06128343632734898, 20.0, 0.014097418373135336, 26.625441295388118, 3.6957683455028065, 0.0048878201189458854, 6.631452855948009E-7, 4.1180920116111625E15, 0.36954414015975645, 0.09236667243667446, -0.020349010440675552, 0.6796331877961564, -1.5289260417703339, 3.562635346212234, 112.44215294219592, 1.0, 43.503846949238564, 43.503846949238564, 1824551.3410510654, 2.5282710749687777E-6, 146.48352567494186, 2.21485224821518E-6, 6.105124405303819E-5, 3.068621916185058E-5, 40.74483222347633, 0.574826820640784, -0.0098422339402236, -49.987, 150.533, 10491
0.0, 900.0, 12.47127257594037, -0.1239626761564926, 0.06128343632734898, 20.0, 0.014097418373135336, 27.12088850460928, 3.6983068148736775, 0.005195535991791719, 6.536963825271038E-7, 4.299258263405351E15, 0.36630110739152844, 0.09241734828838494, -0.02033176915607013, 0.6676588282425686, -0.2229526427153168, 2.241726600784068, 112.4397063056688, 1.0, 46.20894236263825, 46.20894236263825, 1938003.042689048, 2.380262879851242E-6, 146.4762050996261, 2.1215201825404927E-6, 5.932383354800596E-5, 3.0855486708693024E-5, 40.74358492345695, 0.5734009187567666, -0.009842783153086397, -49.987, 150.5334, 10491
0.0, 900.0, 13.174523564534132, -0.13092558200668883, 0.06128343632734898, 20.0, 0.014097418373135336, 27.634627427938188, 3.700986536554293, 0.005524371050549215, 6.444738538333101E-7, 4.486477819486303E15, 0.36310087437277544, 0.09249095708712796, -0.02030664914378935, 0.6081659347910521, 1.2097091170567864, 0.7913088376654727, 112.4371219820559, 1.0, 49.07646060261008, 49.07646060261008, 2058266.7576734666, 2.241183160966046E-6, 146.46847667900548, 2.032989259255619E-6, 5.7661714220414746E-5, 3.1034300399739644E-5, 40.74226732528495, 0.5718946880598317, -0.00984336360068127, -49.987, 150.5338, 10491
0.0, 900.0, 13.917430646758003, -0.13828039141355725, 0.06128343632734898, 20.0, 0.014097418373135336, 28.167160252013012, 3.70381526100548, 0.005875961210361337, 6.354731403796537E-7, 4.679823447474792E15, 0.3599438256199717, 0.09258730100570445, -0.02027363377954472, 0.5079733634836062, 1.6120094542236927, 0.368797108348613, 112.43439223595261, 1.0, 52.11523764318298, 52.11523764318298, 2185713.066755094, 2.1105000850316534E-6, 146.46029562718203, 1.948996132626314E-6, 5.606233932344342E-5, 3.1223198675671715E-5, 40.74087546911876, 0.5703036079413941, -0.00984397707446711, -49.987, 150.5343, 10491
0.0, 900.0, 14.702230016783776, -0.14604923708409967, 0.06128343632734898, 20.0, 0.014097418373135336, 28.718998795156573, 3.706801151636481, 0.006252087700524655, 6.266894943475807E-7, 4.879365313129917E15, 0.35683021799375686, 0.09270614836161838, -0.02023269324301674, 0.6739210911517787, -0.5659054657108527, 2.5244053994727658, 112.43150890419625, 1.0, 55.33454531372438, 55.33454531372438, 2320730.8304576003, 1.98771096017661E-6, 146.45165944425642, 1.8692907757597326E-6, 5.452322308274227E-5, 3.142275035796013E-5, 40.7394051723148, 0.5686229039328481, -0.009844625470026996, -49.987, 150.5347, 10491
0.0, 900.0, 15.531283967042453, -0.154255505547932, 0.06128343632734898, 20.0, 0.014097418373135336, 29.290664898305522, 3.709952805434988, 0.006654691672466684, 6.181181464935517E-7, 5.085171195730592E15, 0.35376023656795896, 0.0928472345437247, -0.020183785253025957, 0.6768644001886156, -0.7889879198999672, 2.7234361696386875, 112.42846336548122, 1.0, 58.744113136786176, 58.744113136786176, 2463728.104956812, 1.8723398300125976E-6, 146.44254246834873, 1.7936362643281348E-6, 5.30419587549477E-5, 3.163355635776947E-5, 40.737852016920925, 0.5668475335125795, -0.009845310794440483, -49.9869, 150.5352, 10491
0.0, 900.0, 16.40708799886392, -0.1629239085385229, 0.06128343632734898, 20.0, 0.014097418373135336, 29.882690840824502, 3.713279274476116, 0.007085890424153256, 6.097541939486402E-7, 5.297306728660355E15, 0.3507339527302313, 0.09301026630722853, -0.02012685477185544, 0.6793122378394099, -1.0063630093384774, 2.9153502190118985, 112.42524651744198, 1.0, 62.35415138243326, 62.35415138243326, 2615133.108979251, 1.7639370015357308E-6, 146.43291759073549, 1.7218075070405265E-6, 5.1616200488256336E-5, 3.185625149245415E-5, 40.73621133647078, 0.5649721711262523, -0.00984603517189034, -49.9869, 150.5357, 10491
0.0, 900.0, 17.33227833408325, -0.17208055849361148, 0.06128343632734898, 20.0, 0.014097418373135336, 30.495619780350445, 3.7167900883308715, 0.007547995429861901, 6.015926699384824E-7, 5.51583563909397E15, 0.3477513467900476, 0.09319492411936521, -0.020061834477245105, 0.5988168592001286, 1.2944866340724999, 0.5879482344341702, 112.42184874939029, 1.0, 66.17537552006063, 66.17537552006063, 2775395.249311343, 1.662077554762782E-6, 146.42273438985535, 1.6535909625624815E-6, 5.0243670790710406E-5, 3.209150640225461E-5, 40.73447820204125, 0.5629911923783633, -0.009846800851139896, -49.9869, 150.5362, 10491
0.0, 900.0, 18.309639850224052, -0.18175304839628104, 0.06128343632734898, 20.0, 0.014097418373135336, 31.130006215753916, 3.72049527739309, 0.008043532387363432, 5.936285097060042E-7, 5.740819992301517E15, 0.3448122937719203, 0.09340086646098449, -0.019988644619845883, 0.681501124523264, -1.0816986123204917, 2.936787641372976, 112.41825991584938, 1.0, 70.21903209986297, 70.21903209986297, 2944986.206268253, 1.5663617539915868E-6, 146.4119844015746, 1.5887847004150096E-6, 4.8922161718074E-5, 3.2340029561774556E-5, 40.73264740753177, 0.5608986573497892, -0.009847610212747548, -49.9869, 150.5368, 10491
0.0, 900.0, 19.34211446314421, -0.19197053626123095, 0.06128343632734898, 20.0, 0.014097418373135336, 31.78641647226752, 3.7244053971419704, 0.008575263532190937, 5.858567389570857E-7, 5.972320431737175E15, 0.3419166319355148, 0.09362772829662216, -0.019907195005298223, 0.672530245495664, -0.07026818142283747, 1.8974943408512772, 112.41446930183459, 1.0, 74.49692623626986, 74.49692623626986, 3124401.0863491576, 1.4764120372339896E-6, 146.40061388766122, 1.5271980769351315E-6, 4.764955201622898E-5, 3.2602569426577685E-5, 40.730713454122665, 0.5586882929940629, -0.009848465778214303, -49.9869, 150.5373, 10491
0.0, 900.0, 20.432809982376273, -0.20276383445520998, 0.06128343632734898, 20.0, 0.014097418373135336, 32.46542920781483, 3.728531553355137, 0.009146212483761977, 5.782722650504569E-7, 6.210396418204173E15, 0.3390640853085045, 0.09387512965071847, -0.019817383418728796, 2.467448141281845, 1.8276630978546349, -0.028563485524844, 112.41046559998037, 1.0, 79.02145058104037, 79.02145058104037, 3314159.637368833, 1.391874391271947E-6, 146.38863265327663, 1.4686509061599084E-6, 4.6423784092145005E-5, 3.287991668611828E-5, 40.72867053386743, 0.5563534745626924, -0.009849370217127137, -49.9869, 150.538, 10491
0.0, 900.0, 21.58500946581761, -0.21416550425714198, 0.06128343632734898, 20.0, 0.014097418373135336, 33.167635939575746, 3.7328854282846184, 0.00975969193539175, 5.708701982443649E-7, 6.455106446764406E15, 0.33625438406081465, 0.0941426686376872, -0.01971909966384852, 0.6715931592627055, 0.15741588459734704, 1.6135244048139552, 112.40623686899869, 1.0, 83.80561618113263, 83.80561618113263, 3514807.542636703, 1.312413414751622E-6, 146.37593969842638, 1.4129731228995803E-6, 4.5242891499070344E-5, 3.317290665125907E-5, 40.7265125123712, 0.5538872060073312, -0.009850326358116378, -49.9869, 150.5386, 10491
0.0, 900.0, 22.80218110192848, -0.22620995578141895, 0.06128343632734898, 20.0, 0.014097418373135336, 33.89364158984375, 3.737479307805192, 0.010419334531068254, 5.636453569745043E-7, 6.706508263199465E15, 0.333487077710265, 0.09442994174879164, -0.019612219653251065, 0.6840814013469642, -0.8863654925598776, 2.629320240177156, 112.40177050624304, 1.0, 88.86308498724443, 88.86308498724443, 3726917.7843650314, 1.2377166440213866E-6, 146.36256268852694, 1.3600034791803635E-6, 4.410494667978172E-5, 3.348242176972923E-5, 40.72423291050477, 0.5512820993031964, -0.009851337195715907, -49.9869, 150.5393, 10491
0.0, 900.0, 24.087988649184023, -0.2389335538770828, 0.06128343632734898, 20.0, 0.014097418373135336, 34.64406505026629, 3.742326109541226, 0.011129127325527252, 5.565930074790494E-7, 6.96465904832902E15, 0.33076181734675564, 0.09473651919198664, -0.019496616021644916, 0.6892632893666704, -1.828140293622567, 3.543468673080967, 112.39705320658328, 1.0, 94.20820439588613, 94.20820439588613, 3951092.092363464, 1.1674881379722834E-6, 146.34841827417668, 1.3095915473602648E-6, 4.30081462874735E-5, 3.380939429654187E-5, 40.72182488510229, 0.5485303526376026, -0.009852405904737549, -49.9869, 150.5401, 10491
0.0, 900.0, 25.44630246420355, -0.2523747300052435, 0.06128343632734898, 20.0, 0.014097418373135336, 35.41953976360803, 3.7474394119743484, 0.01189345025848884, 5.497081291766252E-7, 7.229615590101555E15, 0.32807807584201915, 0.0950619762705181, -0.01937214795790325, 0.5709272123462109, 1.4011548552245845, 0.28706839351771674, 112.3920709264852, 1.0, 99.8560437355596, 99.8560437355596, 4187962.4742693696, 1.1014509468023868E-6, 146.33346442152103, 1.2615936379816246E-6, 4.195071088793734E-5, 3.4154809092301294E-5, 40.719281208585876, 0.5456237274009577, -0.009853535847384496, -49.9869, 150.5408, 10491
0.0, 900.0, 26.88121115175244, -0.26657410075534643, 0.06128343632734898, 20.0, 0.014097418373135336, 36.220714322238, 3.7528334845300417, 0.012717119158447018, 5.429859098074416E-7, 7.501434424056543E15, 0.32543533879805603, 0.09540587628505684, -0.01923866900183689, 0.8123040955125387, 1.966805930768796, -0.3050250125634628, 112.3868088425308, 1.0, 105.82243291990414, 105.82243291990414, 4438192.83666078, 1.039345609880712E-6, 146.31767849590148, 1.215875594694455E-6, 4.093095704124221E-5, 3.451970661072008E-5, 40.71659424745896, 0.5425535239181261, -0.009854730587615249, -49.9869, 150.5416, 10491
0.0, 900.0, 28.39703387168382, -0.28157459326994394, 0.06128343632734898, 20.0, 0.014097418373135336, 37.04825308261156, 3.7585233186365423, 0.013605433824324302, 5.364216997068246E-7, 7.780171948151634E15, 0.32283309016881484, 0.09576777290828117, -0.019096027694972234, 0.6893599083466142, -1.121274823933343, 2.7573981872775892, 112.38125130831806, 1.0, 112.12400334348825, 112.12400334348825, 4702480.700225897, 9.809282393057474E-7, 146.3010135831867, 1.1723114062532335E-6, 3.9947281378988945E-5, 3.4905186032820976E-5, 40.71375593960695, 0.5393105558529938, -0.009855993903415414, -49.9869, 150.5425, 10491
0.0, 900.0, 29.998333339864708, -0.29742157796557855, 0.06128343632734898, 20.0, 0.014097418373135336, 37.9028367950965, 3.764524659744162, 0.014564231829859189, 5.300108639484525E-7, 8.065884505782886E15, 0.3202707559694959, 0.09614721977122392, -0.018944065266405796, 0.6791886982864311, 0.30117585520724377, 1.3101777382085977, 112.37538181204157, 1.0, 118.7782311149047, 118.7782311149047, 4981559.012959103, 9.259696424914799E-7, 146.28339836030108, 1.1307817666407872E-6, 3.899813555313318E-5, 3.531240858001186E-5, 40.710757770339235, 0.5358851232153072, -0.009857329799563618, -49.9869, 150.5434, 10491
0.0, 900.0, 31.689929562220097, -0.31416300902859173, 0.06128343632734898, 20.0, 0.014097418373135336, 38.78516324857664, 3.7708540402874013, 0.015599948777786291, 5.237487761046875E-7, 8.358628432554767E15, 0.3177477024134877, 0.09654377437025922, -0.018782615286266596, 0.6912953906473558, -1.0906372593957077, 2.678194189540613, 112.36918292701321, 1.0, 125.80348284512598, 125.80348284512598, 5276198.070524584, 8.742554286912022E-7, 146.26478048175306, 1.0911740876912064E-6, 3.808202786960704E-5, 3.5742601025055785E-5, 40.70759074710513, 0.5322669838973941, -0.009858742522044625, -49.9869, 150.5444, 10491
0.0, 900.0, 33.47691434323532, -0.3318495732160486, 0.06128343632734898, 20.0, 0.014097418373135336, 39.695947929354126, 3.777528813565902, 0.016719685816165467, 5.176309969842277E-7, 8.658460069388846E15, 0.31526330940192465, 0.09695698928713908, -0.018611508434114438, 0.6877218510375189, -0.15156451780931615, 1.7163675525305175, 112.3626362633345, 1.0, 133.21906403412743, 133.21906403412743, 5587207.545591304, 8.255851464942914E-7, 146.24512640896378, 1.0533831886072158E-6, 3.719754668600083E-5, 3.619705939258448E-5, 40.70424537281119, 0.5284453236630382, -0.009860236574177898, -49.9869, 150.5454, 10491
0.0, 900.0, 35.36466661258814, -0.35053484742948043, 0.06128343632734898, 20.0, 0.014097418373135336, 40.63592469396256, 3.7845671885134258, 0.01793128535347197, 5.116532957917526E-7, 8.965435740450259E15, 0.3128169826928069, 0.09738641045854722, -0.018430574627627885, 0.7342144224546004, 2.1095652358571955, -0.5664179416051589, 112.3557224142367, 1.0, 141.045270275362, 141.045270275362, 5915438.635348681, 7.797700320018766E-7, 146.2243559635253, 1.017310354945185E-6, 3.634335341739758E-5, 3.667715287836467E-5, 40.70071161766435, 0.5244087245079361, -0.009861816733090322, -49.9869, 150.5465, 10491
0.0, 900.0, 37.35886861604456, -0.3702754655025677, 0.06128343632734898, 20.0, 0.014097418373135336, 41.60584645559445, 3.791988265316621, 0.019243416016104496, 5.058113634916932E-7, 9.279611687335576E15, 0.310408039020549, 0.09783159883961513, -0.01823963511434007, 0.6919898564183499, -0.4044853298400947, 1.927116429128843, 112.34842090383628, 1.0, 149.30344134918795, 149.30344134918795, 6261786.330184943, 7.36634206146255E-7, 146.20242918896076, 9.828620119643988E-7, 3.551814756821967E-5, 3.7184327974503365E-5, 40.69697888946145, 0.5201451313072245, -0.00986348806625402, -49.9868, 150.5476, 10491
0.0, 900.0, 39.465523019354066, -0.3911312949906252, 0.06128343632734898, 20.0, 0.014097418373135336, 42.60648588393836, 3.79981207183738, 0.020665668061738956, 5.001012125811083E-7, 9.601043961724882E15, 0.30803587210343736, 0.09829210265168488, -0.01803851531843606, 0.6809253998903025, 0.8047217346539831, 0.6985628397902145, 112.34071012797645, 1.0, 158.01601846788066, 158.01601846788066, 6627191.814542915, 6.960119925706541E-7, 146.1792591392151, 9.499510024116693E-7, 3.472071271562741E-5, 3.772011284713245E-5, 40.69303600224095, 0.5156418166612968, -0.00986525595179576, -49.9868, 150.5488, 10490
0.0, 900.0, 41.69097097662782, -0.413165624320911, 0.06128343632734898, 20.0, 0.014097418373135336, 43.638636118310835, 3.8080596007840706, 0.022208660595910253, 4.94518765731862E-7, 9.929788280530168E15, 0.30569978532943687, 0.09876748973998169, -0.017827031996457965, 0.6967490022225856, -1.5463143336605363, 3.031440711113583, 112.33256729309892, 1.0, 167.20660478464643, 167.20660478464643, 7012645.004668071, 6.577487124833512E-7, 146.1547769506044, 9.184943907126785E-7, 3.394986230228664E-5, 3.828612194884958E-5, 40.68887114320942, 0.5108853438474039, -0.009867126097246165, -49.9868, 150.5501, 10490
0.0, 900.0, 44.04191121758688, -0.4364453611944183, 0.06128343632734898, 20.0, 0.014097418373135336, 44.70311149405656, 3.816752847567918, 0.023884162149770204, 4.890601738023895E-7, 1.0265899837499808E16, 0.30339912544545394, 0.09925732383232756, -0.017605004441881927, 0.6887068428224875, 0.7413855933842975, 0.7267803955715225, 112.3239683527966, 1.0, 176.90002935107438, 176.90002935107438, 7419187.230984059, 6.216995295285473E-7, 146.12890987632912, 8.884148122119638E-7, 3.320447990759696E-5, 3.888406089923266E-5, 40.68447183784992, 0.5058615277802954, -0.009869104562263378, -49.9868, 150.5514, 10490
0.0, 900.0, 46.5254202111341, -0.46104124280683106, 0.06128343632734898, 20.0, 0.014097418373135336, 45.800748282275045, 3.825914848771307, 0.025705226374207794, 4.83721713330242E-7, 1.0609433071591064E16, 0.3011332428591261, 0.09976117262157817, -0.017372252010203107, 0.6949927456799971, 0.29840316641700926, 1.1540012872342105, 112.31488794281847, 1.0, 187.1224147035822, 187.1224147035822, 7847914.072668238, 5.877293101883566E-7, 146.10160280399552, 8.596397166334731E-7, 3.2483504249153684E-5, 3.951573163376928E-5, 40.67982491311553, 0.5005553938805858, -0.009871197781461696, -49.9868, 150.5528, 10490
0.0, 900.0, 49.148973465943236, -0.487028058722316, 0.06128343632734898, 20.0, 0.014097418373135336, 46.93240544301356, 3.8355697211448607, 0.0276863448671983, 4.784999168056538E-7, 1.0960441391329628E16, 0.2989015498905556, 0.1002785948925793, -0.0171286011710904, 0.7135386354395205, 1.7340490718453214, -0.2962133045761164, 112.30529931095411, 1.0, 197.90124832981692, 197.90124832981692, 8299978.354952522, 5.557101099792575E-7, 146.07273107281978, 8.321011206868634E-7, 3.1785936706548334E-5, 4.018303785178313E-5, 40.67491645860602, 0.4949511347453588, -0.009873412589641806, -49.9868, 150.5543, 10490
0.0, 900.0, 51.920468032181354, -0.514484886950481, 0.06128343632734898, 20.0, 0.014097418373135336, 48.098965392143654, 3.8457427010398817, 0.02984361942600449, 4.733910544544084E-7, 1.1318976858157488E16, 0.29670330127777317, 0.10080919266176273, -0.0168738617374022, 0.6986210843434927, 0.5136416892259101, 0.9108047213198451, 112.295174238058, 1.0, 209.26545828772183, 209.26545828772183, 8776593.320587054, 5.255240388575182E-7, 146.0422523897236, 8.057337435509989E-7, 3.111078339001059E-5, 4.0887990779640504E-5, 40.66973178562, 0.4890320645096553, -0.009875756247019255, -49.9868, 150.5559, 10490
0.0, 900.0, 54.84824627209599, -0.5434953446479793, 0.06128343632734898, 20.0, 0.014097418373135336, 49.3013347822118, 3.856460184172164, 0.03219495631582031, 4.6839205558424713E-7, 1.1685089832065068E16, 0.294537991321369, 0.10135251817477021, -0.016607871867932777, 0.7003271563009907, -1.4081789197559702, 2.8203976607290135, 112.2844829699213, 1.0, 221.24549293403996, 221.24549293403996, 9279035.973653635, 4.970593020179764E-7, 146.01005441809227, 7.804784656262253E-7, 3.045716253771507E-5, 4.163271523626157E-5, 40.66425538397145, 0.48278057078579595, -0.009878236470396073, -49.9868, 150.5576, 10490
0.0, 900.0, 57.94112097101798, -0.5741478536347703, 0.06128343632734898, 20.0, 0.014097418373135336, 50.54044529762344, 3.867749765602472, 0.034760285573802285, 4.634995669252331E-7, 1.2058828564573722E16, 0.2924049518960716, 0.10190817010587835, -0.016330452989942998, 0.7010140776131957, -1.547120160727701, 2.9482494411012645, 112.27319412781442, 1.0, 233.87340545336525, 233.87340545336525, 9808650.624714138, 4.7021122283088687E-7, 145.976019729163, 7.562776910727922E-7, 2.9824183464657462E-5, 4.241945607098567E-5, 40.658470876451986, 0.47617806405888263, -0.009880861461371541, -49.9867, 150.5593, 10490
0.0, 900.0, 61.20840186436553, -0.6065359222288671, 0.06128343632734898, 20.0, 0.014097418373135336, 51.81725446458403, 3.8796402798081835, 0.03756180872575783, 4.587103420001693E-7, 1.2440238765659224E16, 0.29030352032005524, 0.1024757561569894, -0.016041427782847492, 0.693101598094014, 2.0183831060179527, -0.62723251509116, 112.26127463006077, 1.0, 247.1829429985344, 247.1829429985344, 1.0366852629358532E7, 4.44883214531126E-7, 145.94009065400755, 7.330776158112031E-7, 2.9211002175363973E-5, 4.32505849455833E-5, 40.652360970815565, 0.46920492441431616, -0.009883639940462458, -49.9867, 150.5612, 10490
0.0, 900.0, 64.65992366049736, -0.6407584445449804, 0.06128343632734898, 20.0, 0.014097418373135336, 53.13274647628062, 3.8921618407098966, 0.04062427883771524, 4.540217247373932E-7, 1.282936312030219E16, 0.28823325555926804, 0.10305483222675195, -0.015740652585562828, 0.7018967575956302, -2.1214833031976372, 3.5037361358213506, 112.24868959989215, 1.0, 261.20964106965283, 261.20964106965283, 1.095513234646124E7, 4.209829340060662E-7, 145.90211694687343, 7.108293135049039E-7, 2.8616868521087672E-5, 4.41286075120426E-5, 40.6459074091565, 0.4618404454682601, -0.009886581183696045, -49.9867, 150.5632, 10490
0.0, 900.0, 68.30607564376545, -0.6769200176630843, 0.06128343632734898, 20.0, 0.014097418373135336, 54.48793303384261, 3.905345881506347, 0.0439753173522453, 4.494305427500886E-7, 1.3226240775890572E16, 0.28619345356231496, 0.10364503521554552, -0.015427949992247905, 0.8873007852317524, 1.3329911476137783, 0.041410987719017855, 112.23540227290621, 1.0, 275.99092324170783, 275.99092324170783, 1.1575059320757227E7, 3.984253224280505E-7, 145.86200748329898, 6.894842026262012E-7, 2.8040995482217115E-5, 4.50561709892181E-5, 40.63909091454562, 0.45406277536519823, -0.009889695058246759, -49.9867, 150.5652, 10490
0.0, 900.0, 72.15783294687422, -0.715131278917153, 0.06128343632734898, 20.0, 0.014097418373135336, 55.88385420367202, 3.9192251941609575, 0.047645772838673266, 4.4493423328679747E-7, 1.3630906791981524E16, 0.2841836454735081, 0.10424594519241843, -0.015103180766404545, 0.7037903985652393, -1.1597891049294509, 2.527352444606504, 112.22137390116389, 1.0, 291.56620659864814, 291.56620659864814, 1.2228286704747302E7, 3.771302398734556E-7, 145.81964305159335, 6.689986928667026E-7, 2.748269387852314E-5, 4.603607217872543E-5, 40.63189113478165, 0.4458488547030939, -0.009892992066046184, -49.9867, 150.5674, 10490
0.0, 900.0, 76.2267895866778, -0.755509263800046, 0.06128343632734898, 20.0, 0.014097418373135336, 57.32157929178045, 3.933833968373972, 0.051670127500340224, 4.4053018687054613E-7, 1.4043391557186298E16, 0.28220331024601136, 0.10485716496793629, -0.014766203490629584, 0.6388214455801713, 1.5386929467046309, -0.17699374683573055, 112.2065636498659, 1.0, 307.9770132772071, 307.9770132772071, 1.2916555936846066E7, 3.5702261521771686E-7, 145.7748977100931, 6.493310301182152E-7, 2.6941289243659208E-5, 4.707126592268791E-5, 40.62428658311106, 0.4371743512414743, -0.009896483386530102, -49.9867, 150.5697, 10490
0.0, 900.0, 80.5251933628552, -0.7981777862822703, 0.06128343632734898, 20.0, 0.014097418373135336, 58.80220773581366, 3.949207829865603, 0.05608695818772129, 4.3621590848083615E-7, 1.446372017900297E16, 0.2802519474994765, 0.1054782998539068, -0.014416885740587415, 0.7037247666008467, -1.9375378961309073, 3.294309026760302, 112.19092849405156, 1.0, 325.26708837002116, 325.26708837002116, 1.3641701686238687E7, 3.3803163728197957E-7, 145.72761672446163, 6.304417992491983E-7, 2.6416139430137753E-5, 4.8164874052183375E-5, 40.616254575760216, 0.42801359124145133, -0.009900180924587942, -49.9867, 150.5722, 10490
0.0, 900.0, 85.06598272451036, -0.8432678428823931, 0.06128343632734898, 20.0, 0.014097418373135336, 60.326870015484914, 3.9653838777882346, 0.060939459623589584, 4.3198881128230207E-7, 1.4891911844069456E16, 0.2783289852889323, 0.10610898811113104, -0.014055087186716594, 0.7077036183358356, -0.4388484955816453, 1.7915878997651018, 112.17442310507988, 1.0, 343.4825247387855, 343.4825247387855, 1.4405657087544665E7, 3.200914244109457E-7, 145.67765954885087, 6.122931469904898E-7, 2.5906611688498497E-5, 4.932019483480229E-5, 40.60777116611811, 0.4183394872823789, -0.009904097361452932, -49.9866, 150.5748, 10490
0.0, 900.0, 89.86282571566767, -0.8909180424743963, 0.06128343632734898, 20.0, 0.014097418373135336, 61.896728582174944, 3.9824007210796895, 0.06627603872762407, 4.2784660333770454E-7, 1.53279791600703E16, 0.2764339567104583, 0.10674884463649009, -0.013680691826277583, 0.7061546407260786, -1.0812923820106783, 2.430856311473489, 112.15699973643247, 1.0, 362.6718950076584, 362.6718950076584, 1.5210459276621193E7, 3.0314070791974604E-7, 145.6248993641839, 5.948503263131011E-7, 2.541212836834221E-5, 5.0540712961065654E-5, 40.598811075400924, 0.40812346239561714, -0.009908246210653828, -49.9866, 150.5775, 10490
0.0, 900.0, 94.93016111689131, -0.9412750634509863, 0.06128343632734898, 20.0, 0.014097418373135336, 63.51297880849104, 4.000298513565222, 0.0721509902511175, 4.237873190999043E-7, 1.577192747598924E16, 0.2745665185746258, 0.10739744998233734, -0.013293616754873255, 0.7392528851829774, 0.9375518597013701, 0.40965252037744615, 112.13860810356071, 1.0, 382.88639126946185, 382.88639126946185, 1.605825524984123E7, 2.871215808868578E-7, 145.56917927030278, 5.780813931609874E-7, 2.4932165316433988E-5, 5.183011010042117E-5, 40.58934761962172, 0.39733537034908384, -0.009912641877537386, -49.9866, 150.5804, 10490
0.0, 900.0, 100.28324190686716, -0.99449413987831, 0.06128343632734898, 20.0, 0.014097418373135336, 65.17684995860924, 4.019118987613466, 0.07862526544774034, 4.19808889216074E-7, 1.6223754188976146E16, 0.2727262562959017, 0.1080544156116772, -0.012893774917522013, 0.705555719531094, -1.7094852867898545, 3.0551053982080423, 112.11919525963275, 1.0, 404.1799729591747, 404.1799729591747, 1.6951308065907788E7, 2.7197879345733103E-7, 145.51029019878573, 5.61955190793158E-7, 2.446619812344648E-5, 5.319227604148136E-5, 40.57935263268142, 0.3859434119120304, -0.009917299722716228, -49.9866, 150.5834, 10490
0.0, 900.0, 105.93818117476894, -1.0507395787659828, 0.06128343632734898, 20.0, 0.014097418373135336, 66.88960618025367, 4.038905486151373, 0.08576734735400288, 4.159088552134418E-7, 1.6683448041105448E16, 0.27091254981987606, 0.10871943776513684, -0.012481040327055923, 0.5558892558819692, 1.47422902267011, -0.12945849132351417, 112.09870546305298, 1.0, 426.60952348715927, 426.60952348715927, 1.789200341505146E7, 2.576619545702419E-7, 145.4480786983447, 5.464407340236861E-7, 2.4013676512090388E-5, 5.463132048144703E-5, 40.56879638538951, 0.3739140469247664, -0.00992223613091607, -49.9866, 150.5866, 10490
0.0, 900.0, 111.91200062160786, -1.1101853117309681, 0.06128343632734898, 20.0, 0.014097418373135336, 68.65254751919484, 4.0597029928455335, 0.09365424823829936, 4.120855540272197E-7, 1.7150988414003022E16, 0.2691251243866937, 0.10939209802189064, -0.012055371065098283, 0.6701115853134139, 2.005385342192406, -0.6607696814341302, 112.0770800455352, 1.0, 450.23501604359114, 450.23501604359114, 1.8882856572868213E7, 2.441238001913492E-7, 145.38238137422826, 5.315115299163704E-7, 2.3574156975598727E-5, 5.6151585469701255E-5, 40.5576475002157, 0.36121190199552533, -0.009927468587461208, -49.9865, 150.59, 10490
0.0, 900.0, 118.22268179655741, -1.1730154823324739, 0.06128343632734898, 20.0, 0.014097418373135336, 70.46701095717575, 4.081558160262383, 0.10237264723041858, 4.08337442875738E-7, 1.7626344620400946E16, 0.26736374247224726, 0.11007196754993229, -0.011616749108160032, 0.7055053433749567, -2.262740532438993, 3.6078563556118595, 112.0542572689386, 1.0, 475.1196893828226, 475.1196893828226, 1.992651977271558E7, 2.31318554742139E-7, 145.31295945822086, 5.171423787377553E-7, 2.3147217553311527E-5, 5.77576585580013E-5, 40.54587286156491, 0.34779967363803, -0.009933015757741021, -49.9865, 150.5936, 10490
0.0, 900.0, 124.88922022247789, -1.23942507150863, 0.06128343632734898, 20.0, 0.014097418373135336, 72.33437147419986, 4.1045193358280105, 0.11202018890000516, 4.0466226202657113E-7, 1.8109475206746688E16, 0.26562780896078036, 0.11075876393669581, -0.011165077624622655, 0.7053636380511453, -2.5179124389459226, 3.8641445285105114, 112.03017218450705, 1.0, 501.3302340022049, 501.3302340022049, 2.1025790014052473E7, 2.1920468225590294E-7, 145.2396280191472, 5.03306758051137E-7, 2.273237107288501E-5, 5.945438669466232E-5, 40.53343752136123, 0.3336380266624128, -0.009938897573054498, -49.9865, 150.5974, 10490
0.0, 900.0, 131.93168257356152, -1.3096205658645022, 0.06128343632734898, 20.0, 0.014097418373135336, 74.25604313614048, 4.128636585419764, 0.12270696679171528, 4.0105863646822853E-7, 1.86003272631825E16, 0.2639171250887616, 0.111452059703479, -0.01070036965316104, 0.6708742187662323, 2.11490984861727, -0.7669836678968494, 112.00475647752532, 1.0, 528.936989724101, 528.936989724101, 2.2183617349028792E7, 2.077427174334246E-7, 145.16216877856309, 4.899824826647653E-7, 2.2329241227973177E-5, 6.124689091080231E-5, 40.52030459971775, 0.3186854876297618, -0.009945135326634259, -49.9865, 150.6014, 10490
0.0, 900.0, 139.37126707720626, -1.3838206700183897, 0.06128343632734898, 20.0, 0.014097418373135336, 76.2334802086558, 4.153961714436825, 0.13455721960255246, 3.9752499873810266E-7, 1.9098835758996396E16, 0.2622313840100687, 0.11215147537257077, -0.010222624819799547, 0.747862109269965, 0.8726164030302784, 0.47754426436486386, 111.97793831894661, 1.0, 558.0141550522708, 558.0141550522708, 2.3403113662892237E7, 1.9689512423273026E-7, 145.08032949267292, 4.771474973981085E-7, 2.1937439018585876E-5, 6.314058181489033E-5, 40.50643518046141, 0.3028983331728168, -0.009951751773469854, -49.9865, 150.6056, 10490
0.0, 900.0, 147.23036732193168, -1.462257067162303, 0.06128343632734898, 20.0, 0.014097418373135336, 78.26817829841826, 4.180548286215521, 0.14771127218706184, 3.940595345342561E-7, 1.9604922895023688E16, 0.26057014259158956, 0.11285669719414229, -0.009731814460038693, 0.7062574664608086, -2.305610775153026, 3.6585100955237833, 111.94964220226788, 1.0, 588.6400095208061, 588.6400095208061, 2.4687561999302607E7, 1.8662759889662285E-7, 144.99388802014693, 4.647799761826312E-7, 2.1556561314128453E-5, 6.514117599291851E-5, 40.49178820127471, 0.28623047298676907, -0.009958771239634972, -49.9864, 150.61, 10489
0.0, 900.0, 155.53263966340234, -1.5451752325383201, 0.06128343632734898, 20.0, 0.014097418373135336, 80.36167552269325, 4.208451637677493, 0.16232775841183722, 3.9066112344573264E-7, 2.0118497494556176E16, 0.2589332729965405, 0.11356728585540311, -0.00922801478520921, 0.9509799653232142, 1.2588427760534182, 0.09726368437849064, 111.91978878338476, 1.0, 620.8971495963832, 620.8971495963832, 2.604042645407231E7, 1.769064819590216E-7, 144.90254364428307, 4.5286118599743223E-7, 2.1186287393572848E-5, 6.725471329948739E-5, 40.476320338207366, 0.26863332729079836, -0.00996621974139138, -49.9864, 150.6148, 10489
0.0, 900.0, 164.3030744314547, -1.6328353016729142, 0.06128343632734898, 20.0, 0.014097418373135336, 82.51555370832757, 4.237728892124817, 0.17858616899358798, 3.8732770273610826E-7, 2.0639454427264412E16, 0.2573201771280593, 0.11428301403409928, -0.008711169667216592, 0.7207468983786994, 0.15435583989232335, 1.2053926070906107, 111.88829470758421, 1.0, 654.8727393928808, 654.8727393928808, 2.746536269013742E7, 1.6770204623255253E-7, 144.8060672888361, 4.4137025089066144E-7, 2.082620820604889E-5, 6.948757514448355E-5, 40.459985884304686, 0.2500556985569191, -0.009974125110716296, -49.9864, 150.6197, 10489
0.0, 900.0, 173.56807115246514, -1.7255130016003946, 0.06128343632734898, 20.0, 0.014097418373135336, 84.73143962123667, 4.268438969125955, 0.19668977413738636, 3.840586388167792E-7, 2.1167674083419468E16, 0.2557309317994974, 0.11500336467429036, -0.008181449424607426, 1.0262877656938605, 1.2845868708686037, 0.07920447731423863, 111.85507244775401, 1.0, 690.6587767630377, 690.6587767630377, 2.8966229097441804E7, 1.5898491986002534E-7, 144.7041496756164, 4.3029176344192744E-7, 2.0476074589354528E-5, 7.184650379948933E-5, 40.442736622091225, 0.23044363730847728, -0.009982517135297374, -49.9864, 150.625, 10489
0.0, 900.0, 183.35551801348282, -1.8235006455319471, 0.06128343632734898, 20.0, 0.014097418373135336, 87.01100622750904, 4.300642591469587, 0.21686897880442993, 3.808522976904735E-7, 2.1703021889182656E16, 0.2541651156102, 0.11572804758116687, -0.007638880323199579, 0.7176344943028713, -0.11299964456783587, 1.4812031564443502, 111.82003012223375, 1.0, 728.352376499301, 728.352376499301, 3.0547098670380685E7, 1.5072747998450487E-7, 144.59646518355694, 4.19607576421382E-7, 2.01355374465693E-5, 7.433862277637922E-5, 40.42452168964176, 0.2097403017801751, -0.009991427704220623, -49.9864, 150.6305, 10489
0.0, 900.0, 193.6948758073189, -1.9271081996105597, 0.06128343632734898, 20.0, 0.014097418373135336, 89.35597398727863, 4.334402289199831, 0.239385177834694, 3.777070458388417E-7, 2.2245347890151992E16, 0.25262229015692167, 0.11645679388196843, -0.007083487909627012, 0.6817966181889022, 2.877810668520101, -1.5048559269753015, 111.78307132158514, 1.0, 768.0560712694156, 768.0560712694156, 3.221227162903929E7, 1.429042197848168E-7, 144.48269239317418, 4.0930038413615034E-7, 1.980425810294904E-5, 7.697145837012374E-5, 40.40528743996498, 0.1878858112426025, -0.010000890968953322, -49.9863, 150.6364, 10489
0.0, 900.0, 204.61726661127196, -2.036664427336752, 0.06128343632734898, 20.0, 0.014097418373135336, 91.76811218255197, 4.369782400785782, 0.26453518873500365, 3.746216593992658E-7, 2.2794486390302412E16, 0.2511022023293214, 0.11718925861096671, -0.006515372128646113, 0.7117964124615519, -0.8982430977234035, 2.2762587268400334, 111.744094931503, 1.0, 809.8781318232718, 809.8781318232718, 3.396628884866802E7, 1.3549162000919299E-7, 144.3625129856007, 3.993549873756074E-7, 1.9481950482773913E-5, 7.975296237214834E-5, 40.38497729341993, 0.16481709279112478, -0.010010943516052324, -49.9863, 150.6425, 10489
0.0, 900.0, 216.15556746641786, -2.1525181179830084, 0.06128343632734898, 20.0, 0.014097418373135336, 94.24924028021624, 4.406849071520075, 0.29265635288835556, 3.715953889927166E-7, 2.33502556608316E16, 0.24960482103884576, 0.11792499389135162, -0.005934734150904453, 0.7146459496239745, -0.4989434019467613, 1.8823006048884334, 111.70299495225223, 1.0, 853.932907852898, 853.932907852898, 3.581394615535054E7, 1.284665923204741E-7, 144.23554618327947, 3.897581344185638E-7, 1.91683823794074E-5, 8.269153607858795E-5, 40.36353158287846, 0.14046772140073172, -0.01002162455283417, -49.9863, 150.6491, 10489
0.0, 900.0, 228.34450933944416, -2.275039404560596, 0.06128343632734898, 20.0, 0.014097418373135336, 96.80122933149946, 4.445670249284928, 0.32413241034380835, 3.6862665902576816E-7, 2.391245772426716E16, 0.24812969466038157, 0.11866376348422603, -0.005341629051402938, 0.3708553952535205, 1.476229710374792, -0.08727650832607892, 111.65966032077982, 1.0, 900.3411908621483, 900.3411908621483, 3.77603095447585E7, 1.2180787676922958E-7, 144.10141210079013, 3.8049457877049095E-7, 1.8863243640978834E-5, 8.579605560733185E-5, 40.340887391344964, 0.11476775305249998, -0.010032976106161606, -49.9863, 150.6559, 10489
0.0, 900.0, 241.22078166490996, -2.404621182391833, 0.06128343632734898, 20.0, 0.014097418373135336, 99.42600340920544, 4.486315677869107, 0.3594002707835241, 3.65714343148466E-7, 2.4480878215341656E16, 0.2466765802965874, 0.11940523879006662, -0.004736201943158894, 0.7109612613708503, -1.171797189500734, 2.5665751457696606, 111.61397473287208, 1.0, 949.2306006877174, 949.2306006877174, 3.981073139284287E7, 1.1549497473007349E-7, 143.95968757993975, 3.7155100355932836E-7, 1.856627665029428E-5, 8.907589862509989E-5, 40.31697838173854, 0.0876435507455513, -0.010045043238587506, -49.9863, 150.6632, 10488
0.0, 900.0, 254.82314278260984, -2.541680634504412, 0.06128343632734898, 20.0, 0.014097418373135336, 102.12554108410475, 4.528856888064747, 0.39895782320962975, 3.6285683641476024E-7, 2.5055286325210848E16, 0.24524498281340276, 0.12014923086968662, -0.004118500295521119, 0.7101758342534471, -1.372377709306521, 2.773185848875932, 111.56581646618388, 1.0, 1000.7359973519514, 1000.7359973519514, 4.197086772894084E7, 1.0950953282463576E-7, 143.80996917452072, 3.629133129084982E-7, 1.8277184083766105E-5, 9.254097254576436E-5, 40.29173461854256, 0.059017603208728175, -0.010057874278721105, -49.9863, 150.6709, 10488
0.0, 900.0, 269.19253660246443, -2.6866608768616476, 0.06128343632734898, 20.0, 0.014097418373135336, 104.90187694193175, 4.5733671868181744, 0.4433729503326367, 3.6005353595844193E-7, 2.563543483285714E16, 0.24383489648060905, 0.1208953065372901, -0.003488791187312698, -0.4415617371085761, 1.433194754679226, -0.02617509391665851, 111.51505821599571, 1.0, 1054.9999197866375, 1054.9999197866375, 4.424669663585158E7, 1.0383282459987818E-7, 143.65176465818433, 3.54570751341538E-7, 1.7995773230564056E-5, 9.620174426739528E-5, 40.26508238102434, 0.028808336139314772, -0.010071521070440707, -49.9863, 150.679, 10488
0.0, 900.0, 284.3722158481064, -2.84003272862338, 0.06128343632734898, 20.0, 0.014097418373135336, 107.75710314251822, 4.619921644752951, 0.49329394107854846, 3.573022706021086E-7, 2.6221060220694616E16, 0.24244551456677316, 0.12164346640950487, -0.0028469919797629167, 0.7077470583595702, -2.2879378275002322, 3.7013310489760585, 111.46156692747937, 1.0, 1112.173053703253, 1112.173053703253, 4.664453787231442E7, 9.844863274787135E-8, 143.48461997016037, 3.465085824715161E-7, 1.7721703350414486E-5, 1.0006927153077008E-4, 40.23694396772894, -0.0030700842069690815, -0.010086039237041102, -49.9862, 150.6875, 10488
0.0, 900.0, 300.4078722501316, -3.002296627646315, 0.06128343632734898, 20.0, 0.014097418373135336, 110.69337102268935, 4.668597082425426, 0.5494615266612072, 3.5460245799377895E-7, 2.6811882887312744E16, 0.24107681769940018, 0.1223933048909591, -0.002193378488853731, 0.7563807875589178, 0.879292754779545, 0.5406145434079652, 111.40520364306019, 1.0, 1112.173053703253, 1172.4147302262431, 4.917107378568864E7, 9.844863274787135E-8, 143.30803195372758, 3.387171926070844E-7, 1.7454797989725533E-5, 1.0415523598520473E-4, 40.20723749195275, -0.03670795522458725, -0.010101488468231641, -49.9862, 150.6966, 10488
