angle, time_diff, t, z, sigmah, sigmav, sigmas, rice, Nice, g_t, Qabs_t, Qsca_t, g_s, Qabs_s, Qsca_s, CCS, IWC, RHice, Re, v_sed, windshear_s, wind_u, wind_v, wind_w, lat, lon, altitude
45.0, 900.0, 0.0, 0.0, 15.384787559509277, 3.6509575843811035, 0.0, 1.049793033786834E-6, 6.28E15, 0.4772129549087957, 0.1003190526092572, -0.017109351818909116, 0.6978848670957184, -0.43874937835461736, 1.7877015285861608, 352.9215350355194, 1.6969325183810817E-5, 146.5066210196693, 8.776472099442486E-6, 1.5294337934055246E-4, 2.700288516688968E-5, 40.77052181462817, 0.6028902323080487, -0.009822524127634782, -49.9868, 150.5252, 10491
45.0, 900.0, 1.0, -0.009976321631173079, 16.634052069809737, 3.654821260939263, 3.637085254586744E-4, 1.049793033786834E-6, 6.28E15, 0.4772129549087957, 0.1003190526092572, -0.017109351818909116, 0.6978848670957184, -0.43874937835461736, 1.7877015285861608, 381.9830284763506, 1.6614415416184833E-5, 146.49563848312778, 8.776479114439285E-6, 1.5294332711276182E-4, 2.7257141462288068E-5, 40.76864713962075, 0.6007463859644533, -0.009823378251832526, -49.9867, 150.5258, 10491
45.0, 900.0, 1.0564543329275244, -0.010539869210198642, 16.701792166692925, 3.6550392604275554, 3.844667505521229E-4, 1.070284296927053E-6, 6.28E15, 0.48182367296318623, 0.10095113768751217, -0.016804873752610985, 0.6824802392611268, 0.7715550736623079, 0.6128327639508208, 383.5614835557187, 1.6596677682055256E-5, 146.49500392768812, 9.300508428387915E-6, 1.5897229443384548E-4, 2.727149546132946E-5, 40.768541310600106, 0.6006253665854513, -0.0098233895417999, -49.9867, 150.5259, 10491
45.0, 900.0, 1.1160957575613406, -0.011135253740667874, 16.77305930848805, 3.655269552808395, 4.06423051969334E-4, 1.0713749615097854E-6, 6.28E15, 0.4820665872739847, 0.10098491511852924, -0.016788404965121975, 0.6968331739342775, -0.5719694524194678, 1.958608441631405, 385.22242416949985, 1.6578169748727566E-5, 146.49435657751783, 9.328971289598299E-6, 1.592964583876581E-4, 2.7286659814441635E-5, 40.76842950733571, 0.6004975157328314, -0.009823438429733274, -49.9867, 150.5259, 10491
45.0, 900.0, 1.179104199037706, -0.011764275031956763, 16.848022323898004, 3.6555128304321762, 4.2964811122573433E-4, 1.0725202235146183E-6, 6.28E15, 0.48232139308162075, 0.10102039673568869, -0.016771083604412693, 0.6891318669872155, 0.45962564414824714, 0.9294152472786612, 386.96983313523293, 1.65588685772108E-5, 146.49365088356382, 9.358919686700134E-6, 1.5963719574618878E-4, 2.730268027048624E-5, 40.76831139258625, 0.6003624478093057, -0.009823490080021329, -49.9867, 150.5259, 10491
45.0, 900.0, 1.2456697400464227, -0.012428834768559306, 16.92685670372793, 3.655769824545996, 4.5421695451020326E-4, 1.073722447061701E-6, 6.28E15, 0.4825885766322047, 0.10105765757444811, -0.01675286976375942, 0.6976186021181592, -0.8897713946939257, 2.281375298313566, 388.80785452265854, 1.653875338409716E-5, 146.49292837857092, 9.390428332817843E-6, 1.59995281600481E-4, 2.7319605161472756E-5, 40.768186610075055, 0.6002197554567248, -0.009823544648098568, -49.9867, 150.526, 10491
45.0, 900.0, 1.3159931942687462, -0.013130942293145967, 17.00974473762758, 3.6560413074676417, 4.8020923922718553E-4, 1.0749841057750361E-6, 6.28E15, 0.4828686442411325, 0.10109677622224104, -0.016733721435097063, 0.6862621510547179, 0.602087856829004, 0.7922512900419603, 390.7407974911937, 1.651780250337962E-5, 146.49216508485887, 9.423570672139533E-6, 1.603715018003528E-4, 2.7337485548713353E-5, 40.76805478341613, 0.6000690083287763, -0.009823602299699617, -49.9867, 150.526, 10491
45.0, 900.0, 1.3902867121883502, -0.01387272071320143, 17.09687564317135, 3.65632809487978, 5.077095616720588E-4, 1.0763077114450928E-6, 6.28E15, 0.4831621060754779, 0.10113783261522503, -0.01671359555267808, 0.6832100824571886, 0.7146275279317851, 0.6826308584154428, 392.77314001260663, 1.6495995145692847E-5, 146.4913369021396, 9.458422270098874E-6, 1.607666598386368E-4, 2.735637537514249E-5, 40.76791551497936, 0.5999097517942635, -0.009823663208812682, -49.9867, 150.526, 10491
45.0, 900.0, 1.4687744211029445, -0.01465641335804798, 17.188445686475635, 3.6566310482508477, 5.368077872522209E-4, 1.0776958478309179E-6, 6.28E15, 0.4834694832970376, 0.1011809090924316, -0.016692447443410377, 0.6881657445668111, 0.4814399975644952, 0.918934137943817, 394.9095324658401, 1.6473312585952005E-5, 146.49048499295927, 9.495067069900918E-6, 1.6118161544792482E-4, 2.7376331629127957E-5, 40.7677683846914, 0.5997415055669575, -0.009823727559303466, -49.9867, 150.5261, 10491
45.0, 900.0, 1.551693101267322, -0.015484390606857641, 17.284658293586283, 3.6569510773894756, 5.675994055717905E-4, 1.079151192032485E-6, 6.28E15, 0.4837913123812427, 0.10122609106597259, -0.016670230459212787, 0.687125673814731, 0.519472663649203, 0.8842270751729294, 397.1548010921294, 1.6449735313272193E-5, 146.48956319226536, 9.533585813588262E-6, 1.6161722642909866E-4, 2.739741451656946E-5, 40.7676129487697, 0.599563762258907, -0.009823795546568488, -49.9867, 150.5261, 10491
45.0, 900.0, 1.6392929002076104, -0.016359157098959146, 17.3857241519155, 3.657289143139619, 6.001859122299335E-4, 1.08067644736981E-6, 6.28E15, 0.4841281298445965, 0.10127346494314902, -0.016646896958129792, 0.694198270433279, -0.1686653317211639, 1.5759145829322212, 399.5139513001159, 1.642524674359977E-5, 146.48861237965852, 9.574068423428842E-6, 1.6207440378103176E-4, 2.741968764390278E-5, 40.76744873838424, 0.5993759858516134, -0.009823867375580629, -49.9867, 150.5262, 10491
45.0, 900.0, 1.731838087361658, -0.017283359363746066, 17.49186130106924, 3.657646260223936, 6.346752195222595E-4, 1.082274418821914E-6, 6.28E15, 0.4844804884880724, 0.1013231204728419, -0.016622397108404213, 0.6967312835635775, -0.8175876937773228, 2.2286253335432766, 401.9921708125803, 1.6399829726732227E-5, 146.48758609225197, 9.616602024268086E-6, 1.6255406013916383E-4, 2.7443218207426295E-5, 40.76727525824439, 0.599177610081346, -0.00982394326442952, -49.9867, 150.5262, 10491
45.0, 900.0, 1.82960785132214, -0.01825979387693903, 17.603295212482976, 3.658023500243346, 6.711820990529367E-4, 1.0839479306407403E-6, 6.28E15, 0.48484893874916346, 0.10137514818956596, -0.016596680103085376, 0.6952298613527741, -0.44719367127201093, 1.8622742894060225, 404.59483264874535, 1.6373469991115105E-5, 146.48650309700255, 9.66128125122666E-6, 1.630571513129053E-4, 2.746807719629066E-5, 40.76709198510582, 0.5989680367334276, -0.009824023442072569, -49.9867, 150.5263, 10491
45.0, 900.0, 1.9328971420874927, -0.01929141558483433, 17.720258857376447, 3.658421994841073, 7.098286583402771E-4, 1.0856998954029086E-6, 6.28E15, 0.4852340434610679, 0.10142964156030572, -0.01656969305458038, 0.695478158565593, -0.5387176672184399, 1.9581124989656986, 407.32749793882147, 1.634615460168998E-5, 146.48538198916623, 9.708204950977192E-6, 1.6358466972423507E-4, 2.749433960954576E-5, 40.76689836619355, 0.5987466338407192, -0.009824108151585602, -49.9867, 150.5264, 10491
45.0, 900.0, 2.0420175608615607, -0.020381346911676368, 17.842992762646514, 3.658842939039918, 7.507448553368365E-4, 1.087533273440317E-6, 6.28E15, 0.4856363684074469, 0.10148669572385742, -0.016541381566771804, 0.6909783009757914, 0.1456981287592501, 1.2782996516822953, 410.19591857060857, 1.6317871159166038E-5, 146.4841757930359, 9.757469830891723E-6, 1.6413760448349328E-4, 2.7522084679373558E-5, 40.766693817535355, 0.5985127337798639, -0.009824197649813335, -49.9867, 150.5264, 10491
45.0, 900.0, 2.1572983000862904, -0.021532887277286764, 17.971745054441538, 3.6592875947619135, 7.940690528867396E-4, 1.0894510476776428E-6, 6.28E15, 0.4860564763149027, 0.10154640670445365, -0.01651169007542702, 0.6959644932343252, -0.7612940432665092, 2.1902018075105607, 413.20603967151663, 1.628861050743173E-5, 146.4829027323567, 9.809180688400787E-6, 1.6471699130757297E-4, 2.7551396111181014E-5, 40.76647772220195, 0.5982656312611958, -0.009824292207061207, -49.9867, 150.5265, 10491
45.0, 900.0, 2.2790871365433443, -0.02274952316680464, 18.106771489299913, 3.6597572945399715, 8.399486187038586E-4, 1.0914562760195716E-6, 6.28E15, 0.48649493782794934, 0.10160887303728608, -0.016480560987695, 0.6948461966669686, -0.5265310891790462, 1.9606751086001633, 416.3640019333142, 1.6258365326390632E-5, 146.48158082842173, 9.863446639027604E-6, 1.6532390090376423E-4, 2.7582362336838933E-5, 40.766249428447615, 0.5980045812048593, -0.009824392110110904, -49.9867, 150.5266, 10491
45.0, 900.0, 2.4077514805206004, -0.02403493877186304, 18.24833547288861, 3.660253445431604, 8.885405726686223E-4, 1.093552052438283E-6, 6.28E15, 0.48695232243009495, 0.10167419455041936, -0.016447935229880264, 0.6893082728262769, 0.20669489970659943, 1.2330317177015644, 419.6761437912485, 1.622712931972127E-5, 146.4801625008516, 9.92037473170333E-6, 1.6595939926714615E-4, 2.7615076781817147E-5, 40.76600824774599, 0.5977287964976234, -0.009824497662005886, -49.9867, 150.5266, 10491
45.0, 900.0, 2.54367948420865, -0.025393027235232502, 18.396708066543617, 3.660777533145263, 9.400122881393624E-4, 1.0957414804737977E-6, 6.28E15, 0.48742919214215735, 0.10174247152751942, -0.016413752609444013, 0.673018508422464, 0.8564610759511053, 0.58921530064003, 423.1490034738625, 1.6194899746881097E-5, 146.47866533289033, 9.980080323875163E-6, 1.666245978301619E-4, 2.764963814399354E-5, 40.76575345271513, 0.5974374456231932, -0.009824609181887607, -49.9867, 150.5267, 10491
45.0, 900.0, 2.687281212671079, -0.02682790254846312, 18.55216798199065, 3.661331126390361, 9.945422503532455E-4, 1.0980277216151918E-6, 6.28E15, 0.48792611153528304, 0.10181380620206282, -0.0163779510088541, 0.6921729806580216, -0.18216356309334192, 1.6341785271859086, 426.7893209448368, 1.6161675817447475E-5, 146.4770848736138, 1.0042681299172985E-5, 1.6732063083393825E-4, 2.768615069617026E-5, 40.765484274925974, 0.5971296501597414, -0.009824727008163453, -49.9867, 150.5268, 10491
45.0, 900.0, 2.8389898809210936, -0.028343912123717716, 18.715001564809466, 3.661915881462544, 0.001052320878464894, 1.1004139509904988E-6, 6.28E15, 0.48844363751439657, 0.10188830135884275, -0.0163404670227658, 0.6940810521069233, -0.5502383369413582, 2.00900307320138, 430.6040397634552, 1.612745927118974E-5, 146.47541642082254, 1.0108298865021703E-5, 1.6804865234703844E-4, 2.7724724596945322E-5, 40.76519990258641, 0.5968044821353056, -0.009824851498088663, -49.9867, 150.5269, 10491
45.0, 900.0, 2.999263160836486, -0.029945650087001327, 18.885502767396083, 3.662533547076322, 0.0011135514169664479, 1.1029033619013228E-6, 6.28E15, 0.48898231976968554, 0.10196606045371157, -0.016301235836107403, 0.6851520469257569, 0.3937359656533439, 1.0722127265756227, 434.60030889577564, 1.6092254480209465E-5, 146.4736550068488, 1.0177057864745474E-5, 1.688098385641073E-4, 2.7765476225273205E-5, 40.76489947809593, 0.5964609612360334, -0.009824983029230891, -49.9867, 150.527, 10491
45.0, 900.0, 3.1685845618556083, -0.031637971332725834, 19.0639731123703, 3.6631859694577216, 0.001178450902751047, 1.1054991597389586E-6, 6.28E15, 0.4895426989152983, 0.10204718739820144, -0.01626019126841831, 0.6933071998999605, -0.501919943240793, 1.9755103241591214, 438.78548451422404, 1.605606848178743E-5, 146.47179538358085, 1.024908680674585E-5, 1.696053868997262E-4, 2.7808528530363063E-5, 40.764582095461655, 0.5960980518560737, -0.009825122000632711, -49.9867, 150.5271, 10491
45.0, 900.0, 3.347464889619619, -0.033426006383497874, 19.250721647568785, 3.6638750977101817, 0.0012472512155171798, 1.1082045544566327E-6, 6.28E15, 0.4901253043276722, 0.10213178629450081, -0.0162172658426894, 0.6936299944812157, -0.634896667970337, 2.1166104508935004, 443.1671318290426, 1.6018911212582068E-5, 146.46983200661657, 1.032451785793006E-5, 1.7043651464700542E-4, 2.7854011403314533E-5, 40.76424679756899, 0.5957146599819825, -0.009825268834043374, -49.9867, 150.5272, 10491
45.0, 900.0, 3.5364437869614034, -0.03531517710192243, 19.44606489395207, 3.6646029894675083, 0.001320200219812155, 1.1110227579004315E-6, 6.28E15, 0.4907306530446888, 0.10221996131765403, -0.016172390779134974, 0.6809093640620241, 0.5270314317784971, 0.9633117521714808, 447.75302700074167, 1.5980795400636397E-5, 146.46775901854983, 1.0403486976605193E-5, 1.7130445913311456E-4, 2.790206207042215E-5, 40.76389257329879, 0.5953096299022906, -0.009825423975221168, -49.9867, 150.5273, 10491
45.0, 900.0, 3.7360913618899976, -0.03731121330328559, 19.650326787933913, 3.6653718168482983, 0.0013975630067405958, 1.1139569736320995E-6, 6.28E15, 0.491359247064478, 0.10231181635815245, -0.016125496110345305, 0.6926205958505138, -0.5396618820401394, 2.039164882599267, 452.5511591883505, 1.5941736392420802E-5, 146.46554843754987, 1.0486131898198471E-5, 1.72210465596745E-4, 2.7952825504264527E-5, 40.76351835448168, 0.5948817407312723, -0.00982558789531175, -49.9867, 150.5274, 10491
45.0, 900.0, 3.9470099074817835, -0.039420170318907634, 19.863838619809517, 3.666183872726859, 0.0014796232462765035, 1.1170103855501874E-6, 6.28E15, 0.49201157042329174, 0.10240745462146696, -0.016076510819970843, 0.6900346518027279, -0.20370949980284897, 1.7129270728297268, 457.569732793752, 1.590175339880587E-5, 146.46323731399866, 1.0572599779555687E-5, 1.731558244877041E-4, 2.800645486312096E-5, 40.76312301268112, 0.5944297027379828, -0.009825761091943285, -49.9867, 150.5275, 10491
45.0, 900.0, 4.169835718866997, -0.04164844757839673, 20.086938970111248, 3.6670415773362732, 0.0015666846610775918, 1.120186180188064E-6, 6.28E15, 0.49268809348265413, 0.10250697927763779, -0.016025362443229565, 0.6924580482664949, -0.6516611651373829, 2.1711722017637434, 462.8171699676482, 1.5860867354114777E-5, 146.46079694732194, 1.0663036447473157E-5, 1.7414181967477266E-4, 2.80631119550817E-5, 40.76270535579516, 0.5939521534687295, -0.009825944092228232, -49.9867, 150.5276, 10491
45.0, 900.0, 4.405241012792998, -0.044002808242781015, 20.319973645853313, 3.667947485219902, 0.0016590726328916175, 1.1234874905920841E-6, 6.28E15, 0.4933892605081611, 0.10261049164906912, -0.0159719779307239, 0.67830630876009, 0.5343610648281892, 0.9960458450174504, 468.302113447663, 1.5819102191321044E-5, 146.45819824845117, 1.0757590756768616E-5, 1.7516974161656485E-4, 2.8122967721491858E-5, 40.76226412446682, 0.5934476536516593, -0.009826137452212547, -49.9867, 150.5278, 10491
45.0, 900.0, 4.653935955555199, -0.04649039997389357, 20.563295618736753, 3.66890429254826, 0.0017571359565241218, 1.126917420357276E-6, 6.28E15, 0.4941154944208023, 0.10271809190358837, -0.015916283231829767, 0.6906972427175415, -0.46678444353504095, 2.008712345900974, 474.0334298036754, 1.577648568881081E-5, 146.45547709474775, 1.0856421510800138E-5, 1.7624092632040927E-4, 2.8186202758239534E-5, 40.7617979882926, 0.5929146828715526, -0.009826341759699637, -49.9867, 150.5279, 10491
45.0, 900.0, 4.916670805413489, -0.049118776908097316, 20.81726496747044, 3.6699148448188588, 0.0018612487552897884, 1.1304790592118507E-6, 6.28E15, 0.4948671996906646, 0.1028298794801211, -0.015858203008951702, 0.6895368509608756, -0.37021094865147314, 1.9243066172810765, 480.02021316964834, 1.5733046871864354E-5, 146.45258175785082, 1.0959684215359117E-5, 1.7735669022866788E-4, 2.825300785673266E-5, 40.76130554181701, 0.5923516350011657, -0.0098265576371762, -49.9867, 150.5281, 10491
45.0, 900.0, 5.1942381759573415, -0.05189592287072632, 21.082248826420017, 3.67098214495727, 0.0019718125759285833, 1.1341754174465036E-6, 6.28E15, 0.49564474813776066, 0.10294595096240826, -0.01579766167945662, 0.670527554464581, 0.7145308629792229, 0.8523993840577462, 486.27178954491626, 1.5688818710299628E-5, 146.44952542722248, 1.1067543372975986E-5, 1.7851838171182799E-4, 2.8323584582130366E-5, 40.7607853003023, 0.5917568133769358, -0.009826785741203192, -49.9867, 150.5282, 10491
45.0, 900.0, 5.487475427247694, -0.054830275951518716, 21.358621342822904, 3.672109361838319, 0.0020892586791710125, 1.138009487125564E-6, 6.28E15, 0.49644849156540216, 0.10306640192666601, -0.015734582398403835, 0.6781662376279092, 0.4305017020487636, 1.1499481891278902, 492.7977217511049, 1.5643836017465016E-5, 146.4462990139848, 1.1180166495218098E-5, 1.797273604804462E-4, 2.8398145881582745E-5, 40.76023569525965, 0.591128425703368, -0.009827026767022563, -49.9867, 150.5284, 10491
45.0, 900.0, 5.797267191949144, -0.05793075448053647, 21.646763644803066, 3.6732998392469893, 0.0022140505492968736, 1.141984189971882E-6, 6.28E15, 0.4972787505224215, 0.10319132522805968, -0.01566888789473607, 0.6718964521331067, 0.6304857739628609, 0.9641847008668878, 499.60781513356187, 1.55981359563412E-5, 146.44289291614456, 1.1297724806442806E-5, 1.8098499224980513E-4, 2.8476916725803212E-5, 40.7596550697289, 0.5904645786715514, -0.009827281449277171, -49.9867, 150.5286, 10491
45.0, 900.0, 6.124548044073256, -0.06120678450535193, 21.94706382238311, 3.6745571052992587, 0.0023466866442267784, 1.146102388316935E-6, 6.28E15, 0.4981358164268383, 0.10332081126265982, -0.015600500284892183, 0.6813693638066065, 0.18464163954278984, 1.424963433626015, 506.71212409838205, 1.555175803673871E-5, 146.43929698963058, 1.1420393782163392E-5, 1.822926529772833E-4, 2.8560134789101546E-5, 40.759041673293055, 0.5897632722761874, -0.00982755056468239, -49.9867, 150.5287, 10491
45.0, 900.0, 6.4703053183839865, -0.06466832885349977, 22.259916923624623, 3.6758848823437456, 0.002487703410602715, 1.1503668851268803E-6, 6.28E15, 0.4990199514127257, 0.10345494788348449, -0.015529341068107258, 0.6742576492376638, 0.5008482744311467, 1.1244151951663135, 514.1209595778473, 1.550474370022709E-5, 146.43550051769185, 1.1548353375211354E-5, 1.8365172967147123E-4, 2.8648051166613533E-5, 40.75839365681227, 0.589022393814099, -0.009827834934471244, -49.9867, 150.5289, 10491
45.0, 900.0, 6.835582088970768, -0.0683259178718334, 22.585724967931004, 3.677287097365664, 0.002637678595250296, 1.1547804150068071E-6, 6.28E15, 0.4999313863516672, 0.10359382002987758, -0.015455331277436327, 0.6836839162926752, -0.08036065573672294, 1.7220122482035958, 521.8448975184058, 1.5457136112762467E-5, 146.43149217856092, 1.1681787971536194E-5, 1.850636182966317E-4, 2.8740931132108594E-5, 40.75770906686136, 0.5882397115458966, -0.009828135426984685, -49.9867, 150.5292, 10491
45.0, 900.0, 7.221480315974946, -0.0721906819413845, 22.92489697842304, 3.6787678929151957, 0.0027972348810325286, 1.1593456412201302E-6, 6.28E15, 0.5008703201900223, 0.1037375095434236, -0.015378391537961389, 0.6586437285383266, 0.855946629015352, 0.8028243087935821, 529.8947884862556, 1.5408980051729623E-5, 146.42723822325576, 1.1820884331355354E-5, 1.865297127258712E-4, 2.8839054940133544E-5, 40.75698583985505, 0.5874128680032298, -0.009828452960417925, -49.9867, 150.5294, 10491
45.0, 900.0, 7.62916416996256, -0.07627438586750847, 23.277849035147838, 3.6803316385829694, 0.0029670438863910816, 1.1640651561163798E-6, 6.28E15, 0.5018369200380103, 0.1038860950893562, -0.015298442073262294, 0.6583528384685612, 0.8471453948657622, 0.8294725781393476, 538.2817684862465, 1.536032230791986E-5, 146.42276959235218, 1.1965840550997505E-5, 1.8805144868017538E-4, 2.89427186708073E-5, 40.75622179584259, 0.5865393729208495, -0.00982878850536718, -49.9867, 150.5296, 10491
45.0, 900.0, 8.059863543972366, -0.08058946528024158, 23.645004350710824, 3.681982943045883, 0.0031478305636445957, 1.1689414957514686E-6, 6.28E15, 0.5028313241859789, 0.10403965252385848, -0.015215402474087536, 0.6810760892222566, -0.021747288867603815, 1.7169308561360455, 547.017271090266, 1.5311209580840617E-5, 146.41802936093316, 1.2116851440841857E-5, 1.8963023357902893E-4, 2.905223512297131E-5, 40.75541463195407, 0.58561659577353, -0.009829143089373202, -49.9867, 150.5298, 10491
45.0, 900.0, 8.514877763834198, -0.08514906510335477, 24.026793369730996, 3.6837266667069963, 0.003340378043987691, 1.1739770921544503E-6, 6.28E15, 0.5038536324521913, 0.10419825329723567, -0.01512919253410562, 0.6792582720652133, 0.061616057522380904, 1.652836104459008, 556.1130409716415, 1.526169062306025E-5, 146.413025213961, 1.2274122621308023E-5, 1.912675074296989E-4, 2.9167934761086458E-5, 40.75456191547813, 0.5846417578952718, -0.00982951779764425, -49.9867, 150.5301, 10491
45.0, 900.0, 8.995579507950868, -0.08996708029489961, 24.42365389331646, 3.6855679349536947, 0.0035455329755880406, 1.1791743338228532E-6, 6.28E15, 0.5049039186589419, 0.10436196626523167, -0.01503973124894073, 0.6744259093002403, 0.2893458182857096, 1.445055518328649, 565.5811489424724, 1.5211814316642394E-5, 146.40774225216626, 1.2437863834769642E-5, 1.9296471968950683E-4, 2.9290166710950765E-5, 40.753661076551076, 0.5836119241578621, -0.009829913779078676, -49.9867, 150.5304, 10491
45.0, 900.0, 9.503418948368743, -0.09505819892580643, 24.836031229544293, 3.687512152058672, 0.003764211411534004, 1.1845355243134053E-6, 6.28E15, 0.5059822223660488, 0.10453085629211183, -0.014946937554851852, 0.6771115406529598, 0.1033347068520479, 1.6516662715808192, 575.434008591339, 1.5161629833318696E-5, 146.4021647351431, 1.2608290074734247E-5, 1.947233272144573E-4, 2.941929981514687E-5, 40.75270940043557, 0.5825239941849478, -0.009830332248490767, -49.9867, 150.5307, 10491
45.0, 900.0, 10.039928125629697, -0.10043794776628026, 25.264378370710798, 3.6895650157486397, 0.003997405306916026, 1.1900628941894621E-6, 6.28E15, 0.5070885515374906, 0.10470498453531357, -0.014850730164477285, 0.6843085095486563, -0.562078351166039, 2.3382910072475367, 585.6843946196338, 1.511118657834218E-5, 146.39627603387243, 1.2785622176411185E-5, 1.9654479863353742E-4, 2.955572374681904E-5, 40.75170401936586, 0.5813746930749977, -0.00983077449088303, -49.9867, 150.531, 10491
45.0, 900.0, 10.606725570602412, -0.10612274052304652, 25.70915619789967, 3.691732532465853, 0.004246189696422534, 1.1957586085006734E-6, 6.28E15, 0.5082228842967489, 0.10488440859155551, -0.014751027479041431, 0.6675862327821139, 0.4804868149714062, 1.3175021729671306, 596.3454629759561, 1.5060533860650352E-5, 146.39003679802602, 1.2970084880600135E-5, 1.9843060581681269E-4, 2.9699850185564336E-5, 40.75064190393531, 0.5801605616067769, -0.009831241865595326, -49.9867, 150.5313, 10491
45.0, 900.0, 11.205521187236087, -0.11212992887632314, 26.170833713200434, 3.694021033347703, 0.004511730626881327, 1.2016247679074177E-6, 6.28E15, 0.5093851694244353, 0.10506918244527848, -0.014647747612986317, 0.6534716516511392, 0.8333712394362324, 0.9869017696479604, 607.4307728897184, 1.500972093825257E-5, 146.38345025249248, 1.3161914239108733E-5, 2.0038225900556798E-4, 2.9852114061141267E-5, 40.74951985400058, 0.5788779458981868, -0.009831735810344296, -49.9867, 150.5316, 10491
45.0, 900.0, 11.838121410966743, -0.11847785651299143, 26.649888299702596, 3.696437190949616, 0.004795293931817371, 1.2076634203608953E-6, 6.28E15, 0.5105753289654943, 0.10525935675253548, -0.014540808234923985, 0.6629537722679542, 0.5837591613059211, 1.259238452985623, 618.9543109074597, 1.4958796286997833E-5, 146.37649679007467, 1.3361351171879394E-5, 2.0240127716752296E-4, 3.0012974868849288E-5, 40.748334489076534, 0.5775229864894746, -0.009832257846992699, -49.9867, 150.532, 10491
45.0, 900.0, 12.506434658337914, -0.1251859162887583, 27.14680600919484, 3.698988036736395, 0.005098254945087608, 1.213876552683933E-6, 6.28E15, 0.5117932568729555, 0.10545497849520874, -0.014430126764665457, 0.6672850280855117, 0.41160525178837537, 1.4544797235462479, 630.9305170384362, 1.4907807470154678E-5, 146.36915569665834, 1.3568643777280613E-5, 2.044891969838621E-4, 3.0182918053290507E-5, 40.74708223819211, 0.5760916068179416, -0.009832809585423357, -49.9867, 150.5324, 10491
45.0, 900.0, 13.212477084276053, -0.13227461073608263, 27.662081877317572, 3.7016809793668615, 0.005422109261102827, 1.2202660982931516E-6, 6.28E15, 0.5130388208817647, 0.10565609114761569, -0.014315620289518494, 0.6737328067657373, 0.061450907778408795, 1.8279951795150968, 643.374313119987, 1.4856800864070908E-5, 146.361383310453, 1.3784045286958732E-5, 2.0664756394006691E-4, 3.0362456480380857E-5, 40.745759329177616, 0.5745795010510446, -0.009833392729180842, -49.9867, 150.5328, 10491
45.0, 900.0, 13.958378664389059, -0.13976561610114602, 28.19622026575315, 3.70452382379623, 0.005768484660912933, 1.2268339414188578E-6, 6.28E15, 0.5143118636929709, 0.1058627347370351, -0.014197205542934271, 0.6740271640448279, 0.005755765406183002, 1.9072246208322416, 656.3011335180103, 1.4805822356427937E-5, 146.353200070266, 1.4007824639923863E-5, 2.088779819898916E-4, 3.0552131981165934E-5, 40.744361777353, 0.5729821212437556, -0.009834009080714443, -49.9867, 150.5332, 10491
45.0, 900.0, 14.746389620636933, -0.1476818501749453, 28.74973523089349, 3.707524791220029, 0.00613915434713677, 1.2335819484932424E-6, 6.28E15, 0.5156122093849335, 0.106074946762961, -0.014074798389762222, 0.6677057108618608, 0.3080181792207674, 1.6285573851722446, 669.7269582837274, 1.4754915203936622E-5, 146.34453799678946, 1.4240250011545105E-5, 2.1118204113229028E-4, 3.075251699357767E-5, 40.74288537358191, 0.5712946637817748, -0.009834660548798045, -49.9867, 150.5337, 10491
45.0, 900.0, 15.57888720975936, -0.15604754402290016, 29.323150918301128, 3.7106925398825426, 0.006536051630526627, 1.2405119214549704E-6, 6.28E15, 0.5169396547282735, 0.10629276066464916, -0.01394831472333935, 0.6736458561871442, -0.046497296465412494, 2.0066045272659925, 683.6683488948074, 1.4704122239297657E-5, 146.33537129111502, 1.448160274251701E-5, 2.1356137364560846E-4, 3.0964216288546044E-5, 40.74132567165763, 0.5695120550721149, -0.009835349152316573, -49.9867, 150.5341, 10491
45.0, 900.0, 16.45838289493947, -0.16488831800269627, 29.917001982178135, 3.7140361867717036, 0.006961286250026201, 1.2476256711971943E-6, 6.28E15, 0.5182939836574122, 0.10651620807160889, -0.013817669183932901, 0.6788431946510591, -0.5028471932564407, 2.4862863285562997, 698.1424867169217, 1.4653484633508976E-5, 146.32571624402163, 1.473218062148977E-5, 2.160176811574637E-4, 3.1187868797844774E-5, 40.73967797498388, 0.5676289364408329, -0.009836077029195166, -49.9867, 150.5346, 10491
45.0, 900.0, 17.387529922339056, -0.17423126225389124, 30.53183402897743, 3.7175653302210323, 0.007417162512661088, 1.2549249963704163E-6, 6.28E15, 0.5196749634012197, 0.10674531808063963, -0.013682775584290485, 0.6537308093498467, 0.7201863103325836, 1.286236905758574, 713.167214330927, 1.4603040634829254E-5, 146.31550050988253, 1.4992281352104918E-5, 2.185526537838695E-4, 3.142414954762494E-5, 40.737937322510774, 0.5656396481937525, -0.009836846443573586, -49.9867, 150.5352, 10491
45.0, 900.0, 18.369131325362076, -0.1841050218504946, 31.16820408423371, 3.721290073437652, 0.007906199474435497, 1.2624116598256075E-6, 6.28E15, 0.5210823403411619, 0.10698011646636636, -0.01354354739594786, 0.6709802886369656, 0.021991289239206187, 2.0069085538583367, 728.7610798811594, 1.4552827431710878E-5, 146.30471543911807, 1.526222089028758E-5, 2.2116804940754315E-4, 3.167377169401818E-5, 40.73609847388517, 0.5635382127949384, -0.00983765979125207, -49.9867, 150.5357, 10491
45.0, 900.0, 19.406148380793486, -0.1945398870828145, 31.826681081655245, 3.725221048973474, 0.008431153406520826, 1.2700874539973917E-6, 6.28E15, 0.5225158526200219, 0.10722062768665122, -0.013399896584763038, 0.6650084568070755, 0.30615010165516987, 1.7445484405683787, 744.9433846117653, 1.450287974573298E-5, 146.29330712197012, 1.554232252541041E-5, 2.2386565469538464E-4, 3.1937488684052456E-5, 40.73415589377192, 0.5613183171155631, -0.009838519610373108, -49.9866, 150.5363, 10491
45.0, 900.0, 20.50170954232374, -0.20556788900581735, 32.50784637350184, 3.7293694441544374, 0.008995042820937927, 1.2779541733508537E-6, 6.28E15, 0.5239752251022421, 0.10746687397396358, -0.013251734157908382, 0.6753476725328643, -0.34161802636650407, 2.4132566757931584, 761.7342337705913, 1.445323064958946E-5, 146.28126337397782, 1.5832927549893985E-5, 2.2664732751430912E-4, 3.221609652706431E-5, 40.73210373530063, 0.5589732937029703, -0.00983942858825466, -49.9866, 150.5369, 10491
45.0, 900.0, 21.65911987840949, -0.21722290071681905, 33.212294261278196, 3.733747027480082, 0.00960117637189816, 1.2860136504739217E-6, 6.28E15, 0.5254601762388569, 0.10771887642532293, -0.013098969521871395, 0.6753900047302694, -0.3797294012892191, 2.4712597992454732, 779.1545910739038, 1.4403910346663121E-5, 146.2685483221882, 1.613438863288586E-5, 2.2951497251339845E-4, 3.2510436205671083E-5, 40.729935822589, 0.5564961010165037, -0.009840389572073305, -49.9866, 150.5376, 10491
45.0, 900.0, 22.881871042942382, -0.22954074459439677, 33.94063254579244, 3.7383661760027436, 0.010253183973728014, 1.2942677324499866E-6, 6.28E15, 0.5269704137800754, 0.10797665422498452, -0.012941510958516256, 0.6671046793203901, 0.14936090386609738, 1.9608152042572244, 797.2263369400648, 1.435494677419723E-5, 146.25510230587204, 1.6447069192370085E-5, 2.3247053322210997E-4, 3.282139621663794E-5, 40.727645632292464, 0.5538793025749689, -0.009841405577600678, -49.9866, 150.5383, 10491
45.0, 900.0, 24.17365180880533, -0.2425593059244639, 34.69348309566645, 3.743239903692265, 0.010955051545772237, 1.3027183101309962E-6, 6.28E15, 0.5285056402547558, 0.10824022552544602, -0.012779265100728146, 0.6672605738686295, 0.12890259440666707, 1.9984692070923886, 815.972330716253, 1.4306366298838192E-5, 146.2409070538212, 1.677135404868583E-5, 2.3551604383021356E-4, 3.314991525701529E-5, 40.725226274126804, 0.5511150449577582, -0.009842479799684993, -49.9866, 150.539, 10491
45.0, 900.0, 25.53835919609368, -0.2563186533708244, 35.471482433434616, 3.7483818907882624, 0.011711159818128527, 1.3113673511055036E-6, 6.28E15, 0.5300655588933453, 0.1085096084401714, -0.012612136315918884, 0.6780385439431886, -0.7013953747665642, 2.8443044665340773, 835.4164771393283, 1.4258192067132592E-5, 146.22589850984065, 1.710763924338764E-5, 2.3865358918880736E-4, 3.3496985064108875E-5, 40.72267047030722, 0.5481950345982041, -0.00984361562452658, -49.9866, 150.5398, 10491
45.0, 900.0, 26.980110228572656, -0.2708611665568373, 36.27528233842987, 3.7538065141376795, 0.012526327712704793, 1.3202168613679354E-6, 6.28E15, 0.5316498665739092, 0.1087848198144669, -0.012440027456692662, 0.6541845611037389, 0.6350457948822992, 1.5215314511915932, 855.5837972899675, 1.4210445608795581E-5, 146.21005375059028, 1.7456343538461936E-5, 2.4188534696345198E-4, 3.386365341241242E-5, 40.71997053384389, 0.5451105133040497, -0.009844816640148612, -49.9866, 150.5406, 10491
45.0, 900.0, 28.503254353837804, -0.2862316713996105, 37.10555046572711, 3.759528878510529, 0.013405860869067853, 1.329268945096859E-6, 6.28E15, 0.5332582644425251, 0.10906587705362593, -0.012262838714411056, 0.6772588771538329, -0.6536857754941565, 2.821851524326102, 876.5005043182005, 1.4163145633253512E-5, 146.19330381393868, 1.78178989111542E-5, 2.452135563225365E-4, 3.425102728587886E-5, 40.717118345632905, 0.5418522324389112, -0.009846086650592473, -49.9866, 150.5415, 10491
45.0, 900.0, 30.112386564647274, -0.3024775834803383, 37.962970980493644, 3.765564848881421, 0.014355605962431673, 1.3385257787492622E-6, 6.28E15, 0.5348904530001641, 0.10935279728147787, -0.012080468121632784, 0.6663796262372177, 0.14447047316793266, 2.032996559757964, 898.1940842383968, 1.4116308824004936E-5, 146.17562058410564, 1.819276314080741E-5, 2.4864056637049294E-4, 3.466027622477441E-5, 40.714105330275636, 0.5384104256929856, -0.009847429688059151, -49.9866, 150.5424, 10491
45.0, 900.0, 31.812361261010185, -0.3196490601615234, 38.84824520718122, 3.771931083658578, 0.015382011546821363, 1.347989646132759E-6, 6.28E15, 0.5365461380240979, 0.10964559839344283, -0.011892810861736658, 0.6656082644657765, 0.1853323191251495, 1.9989473062823555, 920.6933821125565, 1.4069949085278057E-5, 146.15692962319235, 1.8581408995742622E-5, 2.521687949717894E-4, 3.509263586324082E-5, 40.710922430557694, 0.5347747803688185, -0.009848850028902003, -49.9866, 150.5434, 10491
45.0, 900.0, 33.60830689484993, -0.3377991617937933, 39.762092293083334, 3.7786450688356585, 0.016492196259578488, 1.3576629249124672E-6, 6.28E15, 0.5382250278008314, 0.10994429860036634, -0.011699759524503, 0.659152677397132, 0.47162558490203726, 1.716785966422716, 944.028693962358, 1.4024078607088146E-5, 146.13719701979844, 1.898433795675619E-5, 2.558007835681558E-4, 3.554941167063793E-5, 40.707560080515194, 0.530934407104636, -0.009850352207698485, -49.9866, 150.5444, 10491
45.0, 900.0, 35.505641441422206, -0.3569840228245124, 40.70524988587319, 3.785725153034697, 0.017694025321148416, 1.3675481303624125E-6, 6.28E15, 0.5399268402819325, 0.11024891773988768, -0.011501203219079048, 0.6541579636948964, 0.6452726795392005, 1.5444113999349816, 968.2318647728108, 1.3978706732668048E-5, 146.11634222409842, 1.9402069409978675E-5, 2.595391583671835E-4, 3.60319829013987E-5, 40.70400817701066, 0.5268778079532179, -0.009851941035322073, -49.9866, 150.5455, 10491
45.0, 900.0, 37.510088744161564, -0.37726303318531634, 41.67847482482989, 3.793190583400977, 0.01899619641610518, 1.3776478887235495E-6, 6.28E15, 0.5416512978953704, 0.11055947640854154, -0.011297028081148991, 0.6677796425729267, 0.09174369272570183, 2.096192018905408, 993.3363929734221, 1.3933841089449172E-5, 146.09430311707243, 1.9835150881978727E-5, 2.633866670714727E-4, 3.654180676809095E-5, 40.70025604973911, 0.5225928427311217, -0.00985362161525139, -49.9866, 150.5466, 10491
45.0, 900.0, 39.62769578226545, -0.39869903086361025, 42.68254384555311, 3.801061542302523, 0.020408336154961085, 1.387964982993283E-6, 6.28E15, 0.5433981347887241, 0.11087599732340321, -0.011087116323014665, 0.6719388244428165, -0.15461456865214412, 2.33764101337252, 1019.3775418065167, 1.3889487122944773E-5, 146.07101407222922, 2.0284157794032104E-5, 2.673461851925251E-4, 3.708042285526735E-5, 40.696292429579124, 0.5180666935488136, -0.009855399363686228, -49.9865, 150.5478, 10491
45.0, 900.0, 41.864850913108114, -0.4213585062365097, 43.71825429805701, 3.8093591847783, 0.021941108509552297, 1.3985023470942116E-6, 6.28E15, 0.5451670950438289, 0.11119850508509362, -0.01087134630895599, 0.6739276615996068, -0.27637303609257463, 2.4512152656703825, 1046.3924580166533, 1.3845648199308285E-5, 146.04642748884177, 2.0749698370690783E-5, 2.7142073337107884E-4, 3.764945777951071E-5, 40.692105415199606, 0.5132858274278451, -0.009857280029550346, -49.9865, 150.5491, 10491
45.0, 900.0, 44.228303144517895, -0.4453118190126572, 44.78642487822284, 3.818105676670035, 0.023606336802663247, 1.4092630779515198E-6, 6.28E15, 0.5469579339004099, 0.1115270264871875, -0.010649592265677951, 0.6725435616169889, -0.1377634428218942, 2.301063043448948, 1074.4202983198904, 1.3802325035034965E-5, 146.0204483802784, 2.1232404216366863E-5, 2.7561343936717184E-4, 3.8250630114088146E-5, 40.68768243782928, 0.5082359569075625, -0.009859269716676899, -49.9865, 150.5505, 10491
45.0, 900.0, 46.725182495057986, -0.4706334284358354, 45.88789637267528, 3.8273242333629867, 0.02541714102269922, 1.4202504242947178E-6, 6.28E15, 0.5487704150443167, 0.11186159010988406, -0.010421724468452312, 0.6585895758868751, 0.570314351288433, 1.5780360887041434, 1103.5023641369305, 1.375951681879371E-5, 145.99299936186736, 2.1732942477535364E-5, 2.7992758414487106E-4, 3.888575559599488E-5, 40.6830102240902, 0.5029019985384959, -0.009861374906099852, -49.9865, 150.5519, 10491
45.0, 900.0, 49.36302150373333, -0.4974021379023119, 47.02353241722942, 3.8370391590509025, 0.02738809253503565, 1.4314678324093102E-6, 6.28E15, 0.5506043172570905, 0.11220222764375426, -0.01018760824493807, 0.6684260796896678, 0.1863398192658611, 1.9436468850384405, 1133.6822450998284, 1.3717220751488747E-5, 145.96399867833264, 2.2252015842228797E-5, 2.843666090887121E-4, 3.9556752625065384E-5, 40.67807475679265, 0.49726802915664337, -0.0098636024822293, -49.9865, 150.5534, 10491
45.0, 900.0, 52.149777954013636, -0.5257013547568705, 48.194220269133034, 3.8472758864300443, 0.029535388488363956, 1.4429189385043605E-6, 6.28E15, 0.5524594320451055, 0.11254897357325054, -0.009947104068910709, 0.6678989825308062, 0.2506328057480613, 1.8576123355229577, 1165.0059718679115, 1.3675431940822452E-5, 145.93335995652643, 2.2790363972135116E-5, 2.8893411814164146E-4, 4.026564807467384E-5, 40.6728612335823, 0.49131723982603637, -0.009865959759392718, -49.9865, 150.555, 10490
45.0, 900.0, 55.093858880725996, -0.5556193663280452, 49.40087159340272, 3.8580610167164515, 0.03187704859689022, 1.454607572140657E-6, 6.28E15, 0.5543355630965173, 0.11290186519373822, -0.009700067427084902, 0.6687262781167642, 0.2533384270177771, 1.829873420547075, 1197.5221788148071, 1.363414391246215E-5, 145.90099194408404, 2.3348765534711466E-5, 2.936338844839105E-4, 4.101458343636418E-5, 40.66735402332679, 0.48503188733404956, -0.00986845451071335, -49.9865, 150.5567, 10490
45.0, 900.0, 58.20414593224055, -0.587249633323514, 50.64442326362096, 3.869422359869799, 0.03443313732847288, 1.4665377810136328E-6, 6.28E15, 0.5562325290822009, 0.11326094326475641, -0.00944634822949604, 0.6634764449253748, 0.5228078805111557, 1.532218620982332, 1231.2822771748683, 1.3593348186926416E-5, 145.8667982331896, 2.39280414026202E-5, 2.984698661956353E-4, 4.1805821307584615E-5, 40.66153662012199, 0.47839324311837483, -0.009871094999122702, -49.9865, 150.5584, 10490
45.0, 900.0, 61.49002216446147, -0.6206911017279257, 51.92583817762632, 3.8813889748963044, 0.03722601496194332, 1.4787138225599297E-6, 6.28E15, 0.5581501610284543, 0.11362625165147344, -0.009185790914455538, 0.6797690869417023, -0.3649283106861722, 2.3888145604228095, 1266.3406392638656, 1.3553034318440161E-5, 145.83067696857614, 2.4529056436225293E-5, 3.034462090394681E-4, 4.2641752250165656E-5, 40.655391594793436, 0.4713815394991516, -0.009873890010676203, -49.9865, 150.5603, 10490
45.0, 900.0, 64.96140034745484, -0.6560485344869151, 53.24610608858845, 3.8939912100923664, 0.04028062149927385, 1.4911401709306267E-6, 6.28E15, 0.560088302147932, 0.11399783742541604, -0.008918234230670577, 0.6653666654096587, 0.5418360427287022, 1.448212963464485, 1302.7547944154346, 1.3513190249747828E-5, 145.79252053885324, 2.5152722129113138E-5, 3.085672556966046E-4, 4.352490203961645E-5, 40.64890054376183, 0.46397591308597397, -0.009876848890363388, -49.9864, 150.5623, 10490
45.0, 900.0, 68.62875287010826, -0.6934328643612462, 54.606244452015396, 3.9072607430800987, 0.04362479796186295, 1.5038215351701854E-6, 6.28E15, 0.56204680932829, 0.11437575129030954, -0.008643510773025886, 0.6794092512911474, -0.14179282194649903, 2.0956288069447755, 1340.5856373014565, 1.3473802327766944E-5, 145.7521935623707, 2.579999522091717E-5, 3.1383754191787806E-4, 4.445793932058988E-5, 40.64204403513517, 0.45615434522238285, -0.009879981580612936, -49.9864, 150.5644, 10490
45.0, 900.0, 72.50314333303814, -0.7329615693382076, 56.00729928929208, 3.9212306204758707, 0.047289650296282904, 1.5167628649255775E-6, 6.28E15, 0.5640255525569325, 0.11476004762265347, -0.008361446779560355, 0.6798517690624022, -0.06956565890515422, 1.9851990080244686, 1379.8976493312312, 1.343485538215745E-5, 145.70959761820157, 2.6471894757288448E-5, 3.192618601793008E-4, 4.544368370326679E-5, 40.634801551884614, 0.44789359932755834, -0.009883298662349027, -49.9864, 150.5666, 10490
45.0, 900.0, 76.5962599250535, -0.7747590724754964, 57.45034606839608, 3.935935297023566, 0.05130996185655522, 1.529969357918215E-6, 6.28E15, 0.5660244145598501, 0.11515078455606252, -0.00807186188848645, 0.6705550472934586, 0.5209463622189394, 1.35494638581341, 1420.7591338510063, 1.3396332204920218E-5, 145.6646057936747, 2.7169491499731617E-5, 3.2484521732296505E-4, 4.6485114313316266E-5, 40.62715143195314, 0.4391691549879302, -0.009886811400670293, -49.9864, 150.5689, 10490
45.0, 900.0, 80.92045068386567, -0.8189571674466031, 58.93649060248044, 3.951410674015805, 0.055724661318802576, 1.543446443901992E-6, 6.28E15, 0.5680432868702325, 0.11554802336433351, -0.007774569413211654, 0.6833793661038048, -0.1267114477440539, 1.9618420620495576, 1463.2424658921154, 1.335821390423924E-5, 145.61706233024512, 2.7893909497464353E-5, 3.305928343531612E-4, 4.758537883048389E-5, 40.619070805141014, 0.42995513864731283, -0.009890531791745795, -49.9864, 150.5713, 10490
45.0, 900.0, 85.48876074741794, -0.8656954718636815, 60.46686996705366, 3.9676941368190177, 0.060577353904561156, 1.5571998004073835E-6, 6.28E15, 0.570082070740427, 0.11595182878265266, -0.007469375926578814, 0.6885952309988378, -0.5320590987536621, 2.3259849338325957, 1507.424357242737, 1.3320480258237616E-5, 145.56684723347146, 2.8646345341678417E-5, 3.3651021828283044E-4, 4.8747803038887055E-5, 40.610535526602916, 0.42022425073793457, -0.009894472614509103, -49.9864, 150.5739, 10490
45.0, 900.0, 90.31497170821416, -0.9151219106795931, 62.04265343652384, 3.98482459131235, 0.06591692496852983, 1.5712353685587905E-6, 6.28E15, 0.572140677926056, 0.11636226931633886, -0.007156080835357126, 0.6895723660889974, -0.47827302410029354, 2.2311886995371193, 1553.3861376451348, 1.3283109205440443E-5, 145.51378915717086, 2.9428052083364182E-5, 3.4260310202808745E-4, 4.9975900918101373E-5, 40.60152010678655, 0.40994768909139934, -0.009898647487456681, -49.9863, 150.5767, 10490
45.0, 900.0, 95.41364318936962, -0.9673932311667336, 63.6650434409084, 4.002842499046178, 0.07179822636816803, 1.5855593346094902E-6, 6.28E15, 0.574219026384051, 0.11677941653804884, -0.006834476718929047, 0.6874492795462291, -0.062073667007490424, 1.7748635144882146, 1601.2140529473206, 1.3246077341460986E-5, 145.45772995788218, 3.0240357243643693E-5, 3.488775030000187E-4, 5.12733853077477E-5, 40.591997637632964, 0.3990950684604364, -0.009903070927210694, -49.9863, 150.5796, 10490
45.0, 900.0, 100.80015676781032, -1.0226755525185514, 65.33527654354282, 4.0217899109237685, 0.07828285757708735, 1.6001781495715632E-6, 6.28E15, 0.5763170415954677, 0.11720334549720789, -0.006504348824686479, 0.681021366707368, 0.5023634108210069, 1.1719189000582728, 1650.999581065501, 1.3209359564264492E-5, 145.39850253697696, 3.1084662767160024E-5, 3.5533972267466537E-4, 5.264417917614967E-5, 40.58193971485349, 0.38763433598142916, -0.009907758414342476, -49.9863, 150.5826, 10490
45.0, 900.0, 106.49076237712694, -1.081144952208269, 67.0546244406515, 4.041710499209711, 0.0854400554083197, 1.61509851449381E-6, 6.28E15, 0.578434652869399, 0.11763413412205458, -0.006165475335834628, 0.6926064319521614, -0.2892631000730773, 1.9274239409470075, 1702.8397666416547, 1.3172928876127569E-5, 145.3359303293621, 3.1962448323313E-5, 3.6199635047021E-4, 5.409242752921226E-5, 40.571316356088744, 0.375531682399314, -0.009912726462803586, -49.9863, 150.5859, 10490
45.0, 900.0, 112.50262733007116, -1.1429880919612914, 68.82439498367215, 4.062649587671379, 0.09334770820977915, 1.6303273700240937E-6, 6.28E15, 0.5805717904033355, 0.11807186275298866, -0.0058176275581345305, 0.692534856569374, -0.08266745612876868, 1.6878815552405413, 1756.837575309349, 1.3136756700186214E-5, 145.26982676219066, 3.287527501836486E-5, 3.688542696343585E-4, 5.562250999044939E-5, 40.56009591474766, 0.3627514488732806, -0.009917992695217662, -49.9863, 150.5893, 10490
45.0, 900.0, 118.85388810858421, -1.2084028864017582, 70.64593322525181, 4.084654179665186, 0.10209351295892624, 1.6458719056036804E-6, 6.28E15, 0.5827283851734694, 0.11851661424264612, -0.005460569668345822, 0.6936119432825456, -0.03649666122289824, 1.6127327537054477, 1813.1022685107737, 1.3100812863131115E-5, 145.1999730759073, 3.38247842409334E-5, 3.7592065050058674E-4, 5.7239054096833206E-5, 40.54824498931736, 0.3492560291780933, -0.00992357592411513, -49.9862, 150.5929, 10490
45.0, 900.0, 125.56370507759696, -1.2775992174665807, 72.5206224898585, 4.107772983988037, 0.11177629644022505, 1.6617395541575772E-6, 6.28E15, 0.5849043667842218, 0.11896847363530445, -0.005094058797602621, 0.6903245807976793, 0.41243120334474975, 1.1395768890737052, 1871.749799839286, 1.3065065436414938E-5, 145.12620415123143, 3.4812727064340846E-5, 3.8320304618022824E-4, 5.894694934659504E-5, 40.53572832792616, 0.3350057671103177, -0.009929496239222893, -49.9862, 150.5967, 10490
45.0, 900.0, 132.6523202876611, -1.3507996988746342, 74.44988546997779, 4.132056438326322, 0.12250752506353288, 1.6779379792601159E-6, 6.28E15, 0.5870996603824714, 0.11942752763694137, -0.00471784530046393, 0.6931579034354759, 0.29771457974372273, 1.2355634717008122, 1932.9032339149587, 1.3029479812250051E-5, 145.04825661574915, 3.584092487276056E-5, 3.9070924641076846E-4, 6.0751362039404744E-5, 40.522508727933186, 0.3199588489068099, -0.009935775103543144, -49.9862, 150.6007, 10490
45.0, 900.0, 140.1411185407893, -1.4282404927625576, 76.43518534888835, 4.157556730150365, 0.13441303159879084, 1.6944750271128449E-6, 6.28E15, 0.5893141790425868, 0.11989386310602841, -0.004331673864178098, 0.6976386675266104, -0.18815701246508448, 1.7088947052767733, 1996.693188836198, 1.2994020419265787E-5, 144.96589782013658, 3.691130876740491E-5, 3.984473967527469E-4, 6.265775095639865E-5, 40.5085469303113, 0.3040711904756166, -0.009942435452876425, -49.9862, 150.605, 10490
45.0, 900.0, 148.0526919037267, -1.5101721850206236, 78.47802695103596, 4.184327814921351, 0.14763499175201839, 1.7113587897366643E-6, 6.28E15, 0.5915478312749426, 0.12036756869870503, -0.003935282042749996, 0.6986767448129746, -0.309803130361639, 1.8248005919365857, 2063.2583032890097, 1.2958649438930426E-5, 144.87888188337354, 3.802591694863478E-5, 4.0642599725689065E-4, 6.46718839270713E-5, 40.493801508581804, 0.28729631924403165, -0.009949501808235851, -49.9862, 150.6095, 10489
45.0, 900.0, 156.4109078632759, -1.596860722373891, 80.57995792105088, 4.212425431500807, 0.16233418844009948, 1.728597538742597E-6, 6.28E15, 0.5938005111506048, 0.12084873285841084, -0.0035284018127513667, 0.698667397361799, -0.27763651881550205, 1.7941965825471478, 2132.745729437538, 1.2923327270120316E-5, 144.78694892639328, 3.918689628801467E-5, 4.1465388401021444E-4, 6.679985532669434E-5, 40.47822875205042, 0.26958525041780845, -0.009957000394042015, -49.9861, 150.6142, 10489
45.0, 900.0, 165.24098132928563, -1.6885884167784602, 82.74256993248054, 4.241907114679324, 0.17869260786354024, 1.746199731769698E-6, 6.28E15, 0.5960720984285004, 0.12133744387768007, -0.0031107594568473285, 0.6982524621308209, -0.22950148785588356, 1.7552944936001702, 2205.3116527658235, 1.2888011869142285E-5, 144.68982425882663, 4.0396508752943484E-5, 4.231402444999872E-4, 6.904810456267054E-5, 40.46178254308787, 0.25088635744985455, -0.009964959266462134, -49.9861, 150.6192, 10489
45.0, 900.0, 174.56955070251996, -1.785655022458685, 84.96749992733747, 4.272832204771691, 0.19691641838039162, 1.7641739673087618E-6, 6.28E15, 0.5983624521278642, 0.12183378853645123, -0.0026820766831867904, 0.693611598011577, 0.32713777542389294, 1.2157632661490927, 2281.121840091976, 1.2852658448992944E-5, 144.5872175155347, 4.1657134571483105E-5, 4.318946083569369E-4, 7.142343559642897E-5, 40.44441422819007, 0.2311452365132669, -0.009973408451873752, -49.9861, 150.6245, 10489
45.0, 900.0, 184.42475823688838, -1.888378891648061, 87.25643138759288, 4.305261854259466, 0.21723939139474935, 1.7825289518269608E-6, 6.28E15, 0.6006714061249521, 0.12233785112269889, -0.002242071488760017, 0.6914580428254925, 0.4142718182911191, 1.153627700062311, 2360.3522170330198, 1.281722036511135E-5, 144.4788002406263, 4.297126829331236E-5, 4.40926817751292E-4, 7.393303756385152E-5, 40.426072482545905, 0.21030456477332304, -0.009982380096207917, -49.9861, 150.6301, 10489
45.0, 900.0, 194.83633493847188, -1.9970982156302908, 89.61109563977902, 4.339259031499211, 0.23992683297390457, 1.8012735192452205E-6, 6.28E15, 0.6029987715775946, 0.12284971391504874, -0.0017904577880081818, 0.6969769852386226, -0.40459294168497495, 2.005182933588749, 2443.1894762622674, 1.2781648602809623E-5, 144.36426944238875, 4.434155008829875E-5, 4.502471244240322E-4, 7.65845065469171E-5, 40.40670316783446, 0.18830395225509866, -0.009991908625596202, -49.986, 150.6359, 10489
45.0, 900.0, 205.83569025746704, -2.112172359125468, 92.03327319390004, 4.374888521554672, 0.2652801060595689, 1.8204165851333021E-6, 6.28E15, 0.6053443312630088, 0.12336945588666773, -0.0013269466173844308, 0.6906923891191207, 0.2274164095382424, 1.413123018321687, 2529.8317179721407, 1.2745890807731366E-5, 144.24323906745897, 4.577072945428005E-5, 4.598660514471059E-4, 7.938586856667511E-5, 40.386249182966814, 0.1650797871042995, -0.010002030921006115, -49.986, 150.6422, 10489
45.0, 900.0, 217.45600684362887, -2.23398329363663, 94.52479511789141, 4.412216924253615, 0.2936418360084449, 1.8399670748311995E-6, 6.28E15, 0.6077078312846644, 0.1238971507579914, -8.512480139146461E-4, 0.6929316479531855, -0.1791586942194685, 1.8662232374847587, 2620.4891240346833, 1.2709893037493144E-5, 144.11536784002533, 4.726171516213637E-5, 4.6979452316019637E-4, 8.234560384989707E-5, 40.36465030748226, 0.14056507403801755, -0.01001278650327326, -49.986, 150.6487, 10489
45.0, 900.0, 229.73234065106914, -2.3629371423154484, 97.08754444891414, 4.451312649614421, 0.3254019074204208, 1.8599339782187623E-6, 6.28E15, 0.6100889885368389, 0.12443286851520091, -3.6306984494403893E-4, 0.6864181419409071, 0.27757405152041154, 1.461649379349504, 2715.3846674404704, 1.267359734998996E-5, 143.98027210734585, 4.8817554264809095E-5, 4.800438009863867E-4, 8.54726724481696E-5, 40.341843037305225, 0.11468926579413408, -0.01002421773647528, -49.986, 150.6557, 10489
45.0, 900.0, 242.70172669440404, -2.499465841988358, 99.72345764282198, 4.492245910832951, 0.36100437777540806, 1.8803262031806212E-6, 6.28E15, 0.612487474169916, 0.12497667153324378, 1.3787844041314445E-4, 0.6891740295565478, -0.1109398162866254, 1.9067553375872746, 2814.7548586950434, 1.2636942608882015E-5, 143.83752468106067, 5.044142648972913E-5, 4.906254160802411E-4, 8.8776541271489E-5, 40.31776041256356, 0.08737808738055275, -0.010036370042745015, -49.986, 150.663, 10489
45.0, 900.0, 256.403290775295, -2.644028934723203, 102.43452606320082, 4.535088715066176, 0.40095545401947996, 1.90115257827241E-6, 6.28E15, 0.6149029157281889, 0.1255286147949929, 6.518856465551892E-4, 0.6844510529895521, 0.15484663949829602, 1.7005458259032573, 2918.850530961189, 1.2599864920483971E-5, 143.68669637274914, 5.213666883726671E-5, 5.015512337609164E-4, 9.226721260995632E-5, 40.29233183716811, 0.058553352940108105, -0.01004929213464243, -49.986, 150.6707, 10488
45.0, 900.0, 270.87836751643636, -2.7971155013911373, 105.22279751144903, 4.579914852294583, 0.4458327023508901, 1.9224218373466816E-6, 6.28E15, 0.6173348972612158, 0.12608874564640873, 0.0011792382199616869, 0.6867349135611249, -0.17249829588499638, 2.0887795282950132, 3027.9376658559886, 1.2562297002397803E-5, 143.5273117432227, 5.390676276913733E-5, 5.128333972206288E-4, 9.595525422126599E-5, 40.265482889851995, 0.02813277505117684, -0.010063036265247984, -49.986, 150.6789, 10488
45.0, 900.0, 286.1706250590736, -2.9592462481825246, 108.09037779945098, 4.626799882589613, 0.49629568952199193, 1.9441425484385656E-6, 6.28E15, 0.619782953393198, 0.12665710212513323, 0.0017202182364993157, 0.6806630686684235, 0.20122797909034934, 1.775392614577917, 3142.2982619444156, 1.252416768332671E-5, 143.3589116951153, 5.57553644285166E-5, 5.244843847489848E-4, 9.985183105522272E-5, 40.237135126367036, -0.003970233712955018, -0.010077658494614014, -49.986, 150.6875, 10488
45.0, 900.0, 302.3261968002363, -3.1309757622928736, 111.03943236649289, 4.675821122154515, 0.5530982869274927, 1.96632304426054E-6, 6.28E15, 0.6222465643064213, 0.12723371141514156, 0.0022751013836145306, 0.6842523736460866, -0.18189767695617248, 2.2163097001874204, 3262.2312481167323, 1.2485401546991628E-5, 143.18094505475665, 5.768625520390729E-5, 5.365168288942836E-4, 1.0396873869729447E-4, 40.207205872539745, -0.0378467671280327, -0.010093218976769316, -49.986, 150.6966, 10488
45.0, 900.0, 319.3938205671091, -3.312894948632458, 114.07218794218711, 4.727057628545974, 0.6171029071794913, 1.9889713554468525E-6, 6.28E15, 0.6247251517359895, 0.12781858845640684, 0.002844154970466223, 0.6756306790580592, 0.35663204562968365, 1.7309532114777155, 3388.0534441957093, 1.2445919417103612E-5, 142.9929161653623, 5.970341382539313E-5, 5.489436949643199E-4, 1.0831843860982193E-4, 40.17560800789023, -0.07359263972997443, -0.010109782263159173, -49.986, 150.7062, 10488
45.0, 900.0, 337.42498564839866, -3.505633671003736, 117.19093425730985, 4.78059018551892, 0.6892969878391477, 2.0120951846831914E-6, 6.28E15, 0.6272180800139415, 0.12841173568218064, 0.003427636935654288, 0.6754804526198848, 0.3182893167918248, 1.8157886351274724, 3520.1005712920214, 1.240563696884495E-5, 142.79419120412987, 6.181092408503792E-5, 5.617779891741859E-4, 1.1291409525413669E-4, 40.14224973952667, -0.11130860943326626, -0.010127417630667337, -49.986, 150.7164, 10487
45.0, 900.0, 356.4740881262585, -3.7098636073305187, 120.39802580462664, 4.836501287967123, 0.7708120895671395, 2.0357017778298317E-6, 6.28E15, 0.6297246465220369, 0.12901314018098894, 0.00402579223247454, 0.6744187802619863, 0.3440256912546115, 1.827901751092083, 3658.728314612444, 1.236446637281194E-5, 142.58418785442896, 6.40130649296395E-5, 5.750329665462767E-4, 1.177696151690443E-4, 40.10703436603604, -0.15110060850897122, -0.010146199424172102, -49.986, 150.7271, 10487
45.0, 900.0, 376.598594977374, -3.926301351316825, 123.69588365198283, 4.894875127456798, 0.8629460377300897, 2.059797953758316E-6, 6.28E15, 0.6322440898628209, 0.12962277500821018, 0.004638853191770709, 0.6831505725425638, -0.3256195975379827, 2.5249918535243694, 3804.313441625895, 1.2322313855123531E-5, 142.3622665885245, 6.631426396986213E-5, 5.887219875331826E-4, 1.2289968809795109E-4, 40.06986003110368, -0.19307998304166318, -0.010166207426718116, -49.986, 150.7384, 10487
45.0, 900.0, 397.8592174382646, -4.1557117735272575, 127.08699731018618, 4.95579757886881, 0.9671886082116559, 2.084389909098127E-6, 6.28E15, 0.6347755747293442, 0.13024059484272577, 0.005267034157619671, 0.6783288382393624, 0.08010279963147651, 2.134855742389906, 3957.254978706976, 1.2279080532566937E-5, 142.12770731235727, 6.871906768321125E-5, 6.028583614745625E-4, 1.2831983023326267E-4, 40.03061946661116, -0.2373637410032048, -0.010187527245223807, -49.9861, 150.7503, 10487
45.0, 900.0, 420.3200941578087, -4.39891167071453, 130.5739266585125, 5.019356188676649, 1.0852513430343564, 2.109483194917027E-6, 6.28E15, 0.6373181959099825, 0.13086653613550406, 0.005910530440852213, 0.6789094891919428, 0.0615048257953494, 2.156141818820703, 4117.975449605767, 1.2234662865451697E-5, 141.87979162887729, 7.123218900753448E-5, 6.174554551212376E-4, 1.3404642966651797E-4, 39.98919972498045, -0.2840748090614693, -0.010210250718165517, -49.9861, 150.7629, 10487
45.0, 900.0, 444.048984689522, -4.656773735347783, 134.15930393103937, 5.085640165391731, 1.2191021797898198, 2.1350826719938687E-6, 6.28E15, 0.6398709803322077, 0.13150051676436514, 0.0065695167303156665, 0.6753164590266322, 0.32890676499861204, 1.8780038679599471, 4286.92217933599, 1.218895007493765E-5, 141.61777864657472, 7.385849470562316E-5, 6.325266232746171E-4, 1.4009679411035143E-4, 39.94548190055643, -0.33334229824035244, -0.01023447634481293, -49.9862, 150.7761, 10486
45.0, 900.0, 469.11747390731347, -4.930230870614632, 137.84583576747463, 5.154740372704649, 1.3710056947628473, 2.161192285692944E-6, 6.28E15, 0.6424328718878112, 0.13214243132463152, 0.0072441408347061476, 0.6836937504423677, -0.22264331355654612, 2.4054666542737473, 4464.568667331644, 1.2141825471997776E-5, 141.34079660319966, 7.66029133155446E-5, 6.480848733261799E-4, 1.4648920097242024E-4, 39.899340839848286, -0.3853017785620372, -0.010260309730840217, -49.9862, 150.7902, 10486
45.0, 900.0, 495.6011879613962, -5.2202808832287655, 141.6363053327158, 5.226749325840539, 1.5435698951813457, 2.187815057416236E-6, 6.28E15, 0.6450027390229486, 0.1327921519337808, 0.007934522953960133, 0.6795760102094327, 0.20345777815223226, 1.9426607968089575, 4651.416033994695, 1.2093166490201484E-5, 141.0480083503452, 7.947053833940547E-5, 6.641431224027731E-4, 1.5324294983345068E-4, 39.85064484048469, -0.44009556280817774, -0.010287864048602829, -49.9863, 150.8049, 10486
45.0, 900.0, 523.5800224258454, -5.527991602731673, 145.53357451008515, 5.301761191629117, 1.7398006543424487, 2.2149530000190783E-6, 6.28E15, 0.6475793750840219, 0.1334495272121586, 0.008640753001277923, 0.6841823541803025, -0.031158117342612594, 2.1293801235939958, 4847.99458954304, 1.2042842427212118E-5, 140.7384812738981, 8.246653346455761E-5, 6.807138979424575E-4, 1.618536194748038E-4, 39.799255338775744, -0.49787299953893704, -0.01031726051563929, -49.9864, 150.8206, 10485
45.0, 900.0, 553.1383833260747, -5.8545064531288205, 149.5405861740626, 5.379871792765263, 1.9631650696773684, 2.2426068935448047E-6, 6.28E15, 0.6501614863330766, 0.1341143780077498, 0.009362884266083116, 0.6847758229893381, 0.06352592683926173, 1.9777175450060263, 5054.865636446531, 1.199071515862335E-5, 140.4112256351486, 8.55961268353578E-5, 6.978092349003134E-4, 1.7915798025039734E-4, 39.74502658582364, -0.5587907755688737, -0.010348628877032761, -49.9866, 150.837, 10485
45.0, 900.0, 584.3654417733576, -6.20105053215212, 153.66036654943517, 5.461178616705043, 2.2176652407463893, 2.2707762509234306E-6, 6.28E15, 0.6527476991194167, 0.1347864978742621, 0.010100931990229267, 0.6861672464623629, 0.11643358317047153, 1.8614903951409778, 5272.622497475395, 1.1936639227959277E-5, 140.06519031076846, 8.886459629149011E-5, 7.154406084773235E-4, 1.9726728973193454E-4, 39.68780531217423, -0.6230132281126313, -0.010382107894790965, -49.9867, 150.8544, 10485
45.0, 900.0, 617.3554029745706, -6.568937242687969, 157.8960276651467, 5.545780829605161, 2.5079242195280727, 2.2994591115124238E-6, 6.28E15, 0.655336551663601, 0.13546564951451037, 0.010854867447664479, 0.6896081493032792, 0.009164442264909624, 1.9023698189653386, 5501.8929401052255, 1.1880459844481542E-5, 139.69927889738707, 9.227724892170211E-5, 7.336187951887926E-4, 2.1622418332295997E-4, 39.627430381065885, -0.6907126668893433, -0.010417845833515656, -49.9869, 150.8727, 10484
45.0, 900.0, 652.207790428703, -6.9595755323435435, 162.25076991284055, 5.633779295672084, 2.8392861831792375, 2.328651893278907E-6, 6.28E15, 0.6579264925593739, 0.13615156280445856, 0.011624613527690592, 0.6936487236770533, -0.19024576312963992, 2.035969893108798, 5743.340874199179, 1.1822013093675586E-5, 139.31230279708024, 9.583935322765836E-5, 7.523536349127024E-4, 2.360741781074547E-4, 39.56373243039964, -0.7620697065509363, -0.010456000934778194, -49.9871, 150.892, 10484
45.0, 900.0, 689.02774616749, -7.374477795142416, 166.72788472222354, 5.7252766022412, 3.2179332288347746, 2.358349241380302E-6, 6.28E15, 0.6605158798986489, 0.13684393287101423, 0.012410040217244456, 0.6962100502300377, -0.2596598114181234, 2.0439862460636595, 5997.668373495786, 1.17611251512926E-5, 138.90297577905727, 9.955609514553473E-5, 7.716538566028855E-4, 2.5711779232147125E-4, 39.4965335036362, -0.8372736099145643, -0.01049674186762103, -49.9874, 150.9124, 10484
45.0, 900.0, 727.9263479459313, -7.815268499549497, 171.33075736805884, 5.820377090857447, 3.6510215985244083, 2.3885438356246554E-6, 6.28E15, 0.663102977789255, 0.137542417355778, 0.01321095899234484, 0.6970137614295796, -0.07941165509105987, 1.8105358587765736, 6265.617865147107, 1.16976122750993E-5, 138.4699697896445, 1.0343258057747795E-4, 7.915270027599265E-4, 2.8032804808505687E-4, 39.4256466699138, -0.9165226426175779, -0.010540248143413781, -49.9877, 150.9339, 10483
45.0, 900.0, 769.0209443395879, -8.28369361744749, 176.06286992695289, 5.919186894577925, 4.146840620568113, 2.419226242184284E-6, 6.28E15, 0.6656859577298659, 0.13824663485965952, 0.014027118380246395, 0.6989616736063228, -0.11587555425556519, 1.8054696642064019, 6547.973913334847, 1.163127904085071E-5, 138.01182512026782, 1.0747371119424445E-4, 8.119790619251884E-4, 3.0355339193556465E-4, 39.350875633782685, -1.0000244399905212, -0.010586710478538567, -49.988, 150.9566, 10483
45.0, 900.0, 812.4355087595742, -8.781630909141501, 180.92780440631728, 6.021813981665138, 4.714998212478847, 2.4503845627416603E-6, 6.28E15, 0.6682628840466875, 0.1389561589037503, 0.014858194132895935, 0.7002217829667153, -0.115033422858083, 1.7776778462247607, 6845.566052182573, 1.1561917659779592E-5, 137.52702511375085, 1.116841742346997E-4, 8.33014309521753E-4, 3.2678392232934146E-4, 39.27201433506701, -1.0879963872034675, -0.01063633108018655, -49.9884, 150.9805, 10482
45.0, 900.0, 858.3010134532299, -9.308859332007117, 185.92924236049424, 6.128368205787739, 5.36274597640074, 2.482004255627251E-6, 6.28E15, 0.6708317155149924, 0.1396705160779413, 0.01570378395180011, 0.6985948585165577, 0.23630599370579994, 1.4160621388044825, 7159.271121891088, 1.1489871164078068E-5, 137.06630342284316, 1.1606847832384366E-4, 8.546349274241384E-4, 3.5007581377530835E-4, 39.19227579699472, -1.1870561383372205, -0.01064044554173691, -49.9889, 151.0057, 10482
45.0, 900.0, 906.7558246187501, -9.858809022558697, 191.07096288317422, 6.238961362795039, 6.091095742536539, 2.5141089772845265E-6, 6.28E15, 0.6733935516263724, 0.14039010008699082, 0.016564503329073166, 0.6985635593020714, 0.2445226566344128, 1.4153334130234994, 7490.015985296462, 1.1417153050082063E-5, 136.7638445866034, 1.2063701767324716E-4, 8.76869708996665E-4, 3.7382554343419374E-4, 39.12031236822592, -1.3140048338738528, -0.010472856434387737, -49.9894, 151.0323, 10481
45.0, 900.0, 957.946119825749, -10.432002198885876, 196.35687780397362, 6.353707254082959, 6.926598937004947, 2.546847641229885E-6, 6.28E15, 0.6759591191868474, 0.14111806589504736, 0.01744434056454533, 0.7005588448055564, -0.1522666766107569, 1.837515058679804, 7838.780138057117, 1.13435861661437E-5, 136.44272715404935, 1.2541807149910118E-4, 8.998367477772305E-4, 3.9794358227830803E-4, 39.044407904651145, -1.4477630075439674, -0.010297446085100163, -49.99, 151.0604, 10481
45.0, 900.0, 1012.026329001022, -11.028909701698186, 201.7910024335034, 6.472721756523444, 7.885925766444517, 2.5802140074989227E-6, 6.28E15, 0.6785265123464687, 0.14185405836687073, 0.018343132717796112, 0.6966078725724173, 0.2388371751156464, 1.4886807870826382, 8206.59876264345, 1.1268982019784637E-5, 136.1016284509041, 1.30419532540995E-4, 9.235486428284847E-4, 4.2245335881291E-4, 38.96435650807704, -1.5886785480779695, -0.010113879317489782, -49.9907, 151.0899, 10480
45.0, 900.0, 1069.159600309866, -11.649939125128027, 207.37747084494598, 6.596122898887342, 8.988438881959254, 2.6141995653446974E-6, 6.28E15, 0.681093739804528, 0.14259768201659548, 0.01926064834272856, 0.6967957543134548, 0.02504658686987185, 1.7592883852555485, 8594.565829685402, 1.1193140039094783E-5, 135.73917778626074, 1.3564924826766004E-4, 9.480165939262315E-4, 4.4738166966255295E-4, 38.87994299884746, -1.737115614661072, -0.009921800243326938, -49.9915, 151.1211, 10479
45.0, 900.0, 1129.518292338418, -12.295421097656446, 213.12054074270435, 6.724030944652981, 10.25663728077506, 2.648793300079126E-6, 6.28E15, 0.6836587226862463, 0.14334849805588692, 0.020196580796039643, 0.6962072469874915, -0.11797965916433263, 1.9701120877598404, 9003.837405136304, 1.1115845280779624E-5, 135.35386331697967, 1.411148483827383E-4, 9.732499061704152E-4, 4.727587633209437E-4, 38.79094273247916, -1.8934553161902636, -0.009720828559545024, -49.9925, 151.1539, 10479
45.0, 900.0, 1193.28449406182, -12.96559335607339, 219.024598863538, 6.856568481059543, 11.71667350657246, 2.6839813165107948E-6, 6.28E15, 0.6862192832502154, 0.14410601855075197, 0.02115053767540065, 0.6914761893806858, 0.20558551748868925, 1.7207056811546662, 9435.63515637028, 1.1036868012522554E-5, 134.94401901571464, 1.468236235895431E-4, 9.9925556589198E-4, 4.986183990803032E-4, 38.6971214565506, -2.058096426871057, -0.009510554964934071, -49.9935, 151.1885, 10478
45.0, 900.0, 1260.6505741668384, -13.660582229771261, 225.0941670248514, 6.993860514236372, 13.3989559469446, 2.7197465775882037E-6, 6.28E15, 0.6887731439451132, 0.14486970334758023, 0.022122033378260325, 0.6928048489423446, -0.09575389582557348, 2.097197940319181, 9891.250071492115, 1.0955961918700195E-5, 134.50786999399566, 1.5278249281255695E-4, 0.0010260380527298556, 5.249978777178029E-4, 38.59823521772597, -2.23145614409878, -0.009290535516529997, -49.9948, 151.225, 10477
45.0, 900.0, 1331.819761386128, -14.380381056143166, 231.33390896268705, 7.136034570216445, 15.338849784503537, 2.756068503391934E-6, 6.28E15, 0.6913179178596278, 0.14563895423385997, 0.023110477897535536, 0.6893478158532858, 0.12032934287544517, 1.9515543976032839, 10372.04640764346, 1.0872862700406231E-5, 134.04341504777142, 1.589977177143536E-4, 0.0010535985629590587, 5.519380397508169E-4, 38.49403033051279, -2.4139708959593804, -0.009060284704901436, -49.9962, 151.2635, 10477
45.0, 900.0, 1407.0067575948765, -15.124824897185738, 237.74863813648008, 7.283220801624704, 17.57749212754851, 2.7929225619295598E-6, 6.28E15, 0.69385110064043, 0.1464131092331016, 0.02411516540689007, 0.6912686697514152, -0.1751010103800819, 2.307147403792849, 10879.465885870515, 1.0787286496377197E-5, 133.5485673710599, 1.654749614296341E-4, 0.0010819349616045927, 5.794832259950807E-4, 38.384243421355166, -2.6060972073460453, -0.008819266983051563, -49.9978, 151.304, 10476
45.0, 900.0, 1486.4383855194142, -15.893560872625704, 244.3433267201859, 7.435552099819646, 20.162739032741534, 2.830279801233579E-6, 6.28E15, 0.6963700603527393, 0.14719143597106435, 0.025135261270992998, 0.6881518381652059, 0.0855150673157464, 2.0915121060609225, 11415.03215224183, 1.0698926642109334E-5, 133.02093274401648, 1.722188013777104E-4, 0.0011110405777854495, 6.076811946064636E-4, 38.26860156394641, -2.8083126355785923, -0.008566886446280923, -49.9997, 151.3467, 10475
45.0, 900.0, 1570.354273011779, -16.683753103983047, 251.12342782998547, 7.593164212259187, 23.301362512112007, 2.8681061821400055E-6, 6.28E15, 0.6988720163499631, 0.14797312126037537, 0.026169783632146282, 0.6898016888549002, -0.08805268913663904, 2.2911279611712816, 11980.35825184516, 1.060751489713764E-5, 132.46278854076724, 1.7923301643653152E-4, 0.0011409039595637563, 6.380414685598185E-4, 38.147434947018695, -3.0242943196886545, -0.008275542560450808, -50.0018, 151.3917, 10474
45.0, 900.0, 1659.0075759545466, -17.493691848525003, 258.0950728534122, 7.756195864859365, 27.382767725433062, 2.9063679418080977E-6, 6.28E15, 0.7013544089312601, 0.14875738428465, 0.02721775029508222, 0.687425469802258, 0.1636165651042538, 2.044392935635583, 12577.145329335937, 1.0512764497329932E-5, 131.8722569676774, 1.865205793794224E-4, 0.0011715126527654558, 6.69462014583035E-4, 38.020195710023614, -3.2518842280058764, -0.007964477170890825, -50.0042, 151.439, 10474
45.0, 900.0, 1752.6657419767698, -18.321519725941542, 265.26511289701, 7.9247888891163205, 32.887394312370354, 2.945025871141859E-6, 6.28E15, 0.7038145286764382, 0.14954335977587147, 0.02827802270162072, 0.6896348168055348, 0.03159605779070703, 2.1598912123721723, 13207.192857679138, 1.0414370174049744E-5, 131.2473117066619, 1.940831218785411E-4, 0.0012028484300232202, 7.018163966592689E-4, 37.88658489338501, -3.491143960021664, -0.007635937442503417, -50.007, 151.4889, 10473
45.0, 900.0, 1851.611317284993, -19.164881721931252, 272.6390780001095, 8.099088353767936, 39.571972849365096, 2.9840352746855148E-6, 6.28E15, 0.7062495382973121, 0.15033010086021956, 0.029349304855215863, 0.6917841239499969, -0.07371888472455694, 2.2288256495308847, 13872.403721071256, 1.0312014497283349E-5, 130.586277936915, 2.0192060494434992E-4, 0.0012348869162276056, 7.35171942342077E-4, 37.74637747097365, -3.7425647559547297, -0.007288568783365166, -50.0101, 151.5414, 10472
45.0, 900.0, 1956.142799043372, -20.020834758780047, 280.22389455754194, 8.279242700781086, 47.668007167456054, 3.023346015364294E-6, 6.28E15, 0.7086564977007365, 0.1511165833852875, 0.030430144743056192, 0.6911641577172184, 0.14471624159043114, 1.957589260904268, 14574.790174644831, 1.0205368286966554E-5, 129.88756597203326, 2.1003128280447033E-4, 0.0012675976446378475, 7.695976824086793E-4, 37.59935787027303, -4.006641492111679, -0.006920834037554278, -50.0136, 151.5966, 10471
45.0, 900.0, 2066.575535874346, -20.885740048956656, 288.0270875875474, 8.465403885463095, 57.446481977423886, 3.0629020395748747E-6, 6.28E15, 0.7110323555263866, 0.15190169966426653, 0.03151892161462677, 0.6936024776775433, 0.09495497215172373, 1.9430997230851916, 15316.480576699194, 1.0094089611041735E-5, 129.14955868275112, 2.184111475946234E-4, 0.0013009428269293922, 8.051634242312114E-4, 37.44532407376555, -4.283869465388823, -0.006530980719886201, -50.0176, 151.6548, 10470
45.0, 900.0, 2183.2426791964735, -21.75513444170455, 296.05690889711116, 8.657727520511312, 69.2229035198379, 3.1026407303956587E-6, 6.28E15, 0.7133739315194271, 0.1526842490064667, 0.03261382858950365, 0.6963808278800769, 0.016634196294516734, 1.9517413395993743, 16099.726654134513, 9.977827051461817E-6, 128.37075763222808, 2.2705379357212594E-4, 0.001334876868756928, 8.419385583506771E-4, 37.28409250457254, -4.574740537366767, -0.0061170023038543886, -50.0221, 151.716, 10469
45.0, 900.0, 2306.4961882694115, -22.623576369021837, 304.32249111883345, 8.856373023832251, 83.36239118299008, 3.142492627472785E-6, 6.28E15, 0.7156779215732183, 0.15346293565356445, 0.033712865430808425, 0.699008626922174, -0.04801266780275709, 1.9477401392791254, 16926.911367115346, 9.85622028117217E-6, 127.54972308048185, 2.359499105254146E-4, 0.001369345364604072, 8.799905351728884E-4, 37.115503820887234, -4.879738549631437, -0.005676592583869031, -50.0272, 151.7804, 10468
45.0, 900.0, 2436.707891978039, -23.484460715513002, 312.83402858902195, 9.061503769980847, 100.2845413710465, 3.1823808305919112E-6, 6.28E15, 0.7179408838719595, 0.15423636048820194, 0.03481382269393116, 0.6997866490767339, 0.12545971132735118, 1.7128813064025745, 17800.557449480435, 9.728908683559801E-6, 126.68521406708356, 2.45087091538633E-4, 0.0014042845551259604, 9.193829319701405E-4, 36.93942976145671, -5.199333914220834, -0.005207091983219908, -50.0329, 151.8481, 10468
45.0, 900.0, 2574.270610558893, -24.329795974935223, 321.60305425565116, 9.273287245090952, 120.48009362499718, 3.22222121503076E-6, 6.28E15, 0.7201592704244342, 0.1550030284226246, 0.03591428836880317, 0.7028497393751659, -0.07110767994112993, 1.860683962331237, 18723.336712612254, 9.595630326411089E-6, 125.77616530620034, 2.5444943320515937E-4, 0.001439620792906944, 9.601730119039781E-4, 36.75578120391699, -5.53397727612924, -0.00470542454369882, -50.0393, 151.9193, 10467
45.0, 900.0, 2719.5993406529265, -25.149936624337002, 330.6424728261103, 9.491895205189426, 144.47740560578615, 3.261932936540843E-6, 6.28E15, 0.7223300111854213, 0.15576155096894947, 0.03701193917150211, 0.7038132061646281, -0.013772571413429122, 1.7711581477912364, 19698.080211524466, 9.456026019394549E-6, 124.8242537933529, 2.640215722227175E-4, 0.0014752800660957496, 0.0010024086556683156, 36.56446699678828, -5.883559692553078, -0.004168024168870387, -50.0466, 151.9942, 10466
45.0, 900.0, 2873.132507259623, -25.898785410741137, 339.93881175811515, 9.717503837808028, 168.85054457815335, 3.301416336885848E-6, 6.28E15, 0.7244492995680337, 0.15651022379025517, 0.03810393105615373, 0.7045739891196057, -0.020783572649549394, 1.7647711807071507, 20727.331632793637, 9.346755199290613E-6, 126.58767914028898, 2.737900415117555E-4, 0.0015111693251544961, 0.0010150271444309689, 36.44784366915476, -6.187111032543152, -0.003366229191337158, -50.0547, 152.0729, 10465
45.0, 900.0, 3035.3332863693504, -26.547890915597225, 349.5120429244595, 9.950293926829296, 195.72797290116918, 3.3449595023151475E-6, 6.28E15, 0.7267426980698121, 0.15732967290942518, 0.03930886752732654, 0.7048597353210717, -0.05413283422052751, 1.8056413852936575, 21814.48285562837, 9.2715370786252E-6, 128.70500674907143, 2.848373564441671E-4, 0.0015512577608567074, 0.0010247710337871097, 36.33288601520595, -6.499183085449386, -0.0024505697390640136, -50.0637, 152.1558, 10464
45.0, 900.0, 3206.6910022640427, -27.06517770361737, 359.37380026229425, 10.190451020524337, 225.63082729700048, 3.3932953588521614E-6, 6.28E15, 0.7292363121498666, 0.1582318765858018, 0.04064713143537471, 0.7033184432876656, 0.11407008498707016, 1.6714299230641945, 22962.868164256335, 9.230955921917359E-6, 130.97259430663297, 2.9744103162680324E-4, 0.0015963840398573838, 0.0010339156999296924, 36.21287196454537, -6.824890645034996, -0.0014223398487973559, -50.0737, 152.2431, 10464
45.0, 900.0, 3387.722603701554, -27.411241796244138, 369.53541379688727, 10.438165602761991, 258.9490103659129, 3.4467811766370167E-6, 6.28E15, 0.7319336510429262, 0.15922131862643185, 0.04212869920472065, 0.7025421733312169, 0.014424604375536216, 1.8341631761243868, 24175.97850364409, 9.225740445480382E-6, 133.4058014725849, 3.11811431874587E-4, 0.0016470848616444076, 0.001042240958646586, 36.08771197426309, -7.164429435736815, -2.645168333100724E-4, -50.0849, 152.3351, 10464
45.0, 900.0, 3578.9742234370215, -27.5377167110988, 380.00981570818607, 10.693633267389563, 296.19836438389945, 3.5057790410232964E-6, 6.28E15, 0.7348361335419022, 0.16030220598542, 0.0437636443521508, 0.6999737147227183, 0.11649750215860656, 1.820663819650915, 25457.501200791492, 9.256771734330648E-6, 136.02218942855927, 3.2818796217303777E-4, 0.001703945193846791, 0.0010494747069762392, 35.957340119815846, -7.517924337621319, 0.0010426519335517094, -50.0972, 152.4319, 10463
45.0, 900.0, 3781.022825785963, -27.385269956536803, 390.8123803539843, 10.95705489580548, 338.0817489030234, 3.5706549575460656E-6, 6.28E15, 0.7379429807976339, 0.16147843353058633, 0.04556209296142788, 0.6992645684121462, -0.030638245256576737, 2.0690647802361015, 26811.329079776853, 9.325092031438403E-6, 138.84174867243095, 3.468433151446487E-4, 0.001767603072314471, 0.0010552831471119426, 35.821719900658074, -7.88541353699587, 0.0025220985221888884, -50.1109, 152.5339, 10464
45.0, 900.0, 3994.477947199453, -26.881142270508057, 401.9622187480423, 11.228636837763345, 385.57595172923106, 3.6417763055427333E-6, 6.28E15, 0.7412510803681537, 0.1627535247844342, 0.04753412980006441, 0.6982575521815497, -0.06720535845070821, 2.196634376643561, 28241.56898916432, 9.43191283971821E-6, 141.8872084536002, 3.680879456740557E-4, 0.0018387534321843387, 0.0010592596552444202, 35.680851085156846, -8.266829743379992, 0.0042004698648792915, -50.126, 152.6413, 10464
45.0, 900.0, 4219.983535102305, -25.93611905089072, 413.42457192008237, 11.508591095465091, 434.4085544043269, 3.719509244955987E-6, 6.28E15, 0.7447549138140731, 0.16413058017096485, 0.04968969976826326, 0.6973658147917459, 0.009937395807794153, 2.17068467597195, 29752.549293020274, 9.57861904743427E-6, 145.18451844634473, 3.92275516984773E-4, 0.0019181528854843592, 0.0010609122727818642, 35.534777752993996, -8.66197775203386, 0.006108773254147169, -50.1428, 152.7544, 10465
45.0, 900.0, 4458.219890541642, -24.440792385767722, 425.1340275763503, 11.79713551101811, 478.13192882942224, 3.804215734672074E-6, 6.28E15, 0.7484465377473073, 0.16561222780871251, 0.05203849576810424, 0.6990870476694827, -0.08795742918668709, 2.254020159009711, 31348.825766181155, 9.766763143053295E-6, 148.76397633575698, 4.1980904783868076E-4, 0.002006623512627364, 0.0010596498762778508, 35.3835811558122, -9.070333285175726, 0.008283165937294674, -50.1614, 152.8734, 10467
45.0, 900.0, 4709.905720506391, -22.260933118578755, 437.09923038790356, 12.094493957347272, 517.3666876212861, 3.896249449292898E-6, 6.28E15, 0.7523155942995685, 0.16720056586122134, 0.054589814073623594, 0.7006595247408678, 0.03132248430849282, 2.0479712418235363, 33035.18523574645, 9.998050728614655E-6, 152.65679930413265, 4.51142802660725E-4, 0.002105056209284562, 0.0010547669340423942, 35.22747229447924, -9.491873749422634, 0.010765921618833472, -50.1819, 152.9986, 10469
45.0, 900.0, 4975.80030610911, -18.752868131738644, 449.34783161544624, 12.400896532667737, 554.0687098678818, 3.99595084057964E-6, 6.28E15, 0.7563493713117005, 0.1688971027786809, 0.05735238525009159, 0.7048043326509063, -0.05432194814842132, 2.002344443581399, 34816.59935234112, 1.024468459071831E-5, 154.77153282972242, 4.867928939922166E-4, 0.0022144510799792906, 0.0010447214672587928, 35.141782155230956, -9.684902616863502, 0.015407610181016749, -50.2046, 153.1304, 10472
45.0, 900.0, 5256.7057931710715, -13.815659537060204, 461.8092085302269, 12.71657975863844, 580.5508503770211, 4.099690674120021E-6, 6.28E15, 0.760382499564988, 0.17063693592934823, 0.06022484009485368, 0.7079143913090792, 0.0013503046357021809, 1.8360219169860714, 36698.11500567927, 1.0505780429088287E-5, 157.0048345745962, 5.258201507673557E-4, 0.0023313435771800963, 0.0010261649307019075, 35.05221483535482, -9.877666434085008, 0.019906972338258843, -50.2291, 153.2694, 10477
45.0, 900.0, 5553.469612120797, -13.046474922731647, 472.5522216120744, 13.041786782328892, 345.37307984385455, 4.207396761940647E-6, 6.28E15, 0.764403289500184, 0.17241714611209047, 0.06320436267406657, 0.7095367784199954, -0.02020727554906546, 1.8264828275232592, 38666.95741032753, 1.0873456619732372E-5, 166.06999550194, 5.641636493703278E-4, 0.0024555187467444977, 7.587973680355193E-4, 33.97322021186175, -12.799812575469497, 0.005047358008831996, -50.2555, 153.4118, 10478
45.0, 900.0, 5866.987034506355, -11.556598415235936, 485.78495095434, 13.376767582143877, 380.0068498072486, 4.330705498989641E-6, 6.28E15, 0.768811196170208, 0.1744241586605656, 0.06661137466738937, 0.7081974070677275, 0.034752517917735926, 1.8517150758524918, 40766.83479447515, 1.12301961154575E-5, 166.44460717042836, 6.155403994221906E-4, 0.0026017001916532807, 7.714374689952093E-4, 33.88745535861961, -13.063851577757717, 0.007353691703126857, -50.2916, 153.562, 10479
45.0, 900.0, 6198.203873833845, -9.025776866314567, 499.3418297329486, 13.721779177861507, 408.6554470633448, 4.4554087555094304E-6, 6.28E15, 0.7730705616201282, 0.1764218432347191, 0.07005173061944786, 0.7059114643030625, 0.04901490034249655, 1.9813913705720692, 42985.5366820368, 1.1574909216927346E-5, 167.03292739946437, 6.705921435800768E-4, 0.0027539446180495247, 7.807711007622455E-4, 33.79900322291884, -13.334743839588743, 0.010394670959747917, -50.3305, 153.7204, 10482
45.0, 900.0, 6548.119338879933, -5.037444786426518, 513.1572358430025, 14.077085844950094, 417.6315187368993, 4.580744740294895E-6, 6.28E15, 0.7771638371469977, 0.17839890586893378, 0.07350363793057543, 0.7053568783287214, -0.0382412701981594, 2.176478003800604, 45329.554763922206, 1.1910103441471883E-5, 167.87739222702896, 7.291378473963733E-4, 0.0029114917639046444, 7.846591748767253E-4, 33.70832557787151, -13.612620992969092, 0.014309054964879962, -50.3725, 153.8874, 10486
45.0, 900.0, 6917.789048086222, 1.2924254438464686, 527.1097202322993, 14.442959333338537, 375.1659105523204, 4.707118210281311E-6, 6.28E15, 0.7811129288217077, 0.1803627126765466, 0.07697754777525648, 0.7061254098124984, -0.0180217252530089, 2.158832912428513, 47804.60465028988, 1.2232317319412843E-5, 168.62308027418, 7.91528381982945E-4, 0.003075063034023146, 7.730117980098924E-4, 33.66810595832384, -13.778556228911299, 0.020197394751471476, -50.4178, 154.0637, 10492
45.0, 900.0, 7308.328214129263, 10.727647068826794, 541.1887398391392, 14.819679090823342, 228.31494991504445, 4.8340996551073675E-6, 6.28E15, 0.7849125127289245, 0.18230751093739797, 0.08046101318651858, 0.7088918793449591, -0.045348350314662764, 2.0885469337954774, 50416.06203967271, 1.2530533079965162E-5, 168.77249888489172, 8.576863446105808E-4, 0.0032443283643708493, 7.356163317607372E-4, 33.72147389384329, -13.731950047194738, 0.02740268559715207, -50.4662, 154.2498, 10502
45.0, 900.0, 7720.915008273336, 23.088804085655326, 555.9775177715825, 15.20753249130316, 80.99410213855633, 4.960235145508522E-6, 6.28E15, 0.7885301110752657, 0.1842124941463456, 0.08391372655288964, 0.7117753398634107, 0.04775449729801849, 1.8705450497737401, 53172.132743434726, 1.2803448522694233E-5, 168.96842188415968, 9.26941774016263E-4, 0.003417389625458805, 6.821189511965022E-4, 33.770954592046934, -13.669449483061657, 0.03337598218163361, -50.5172, 154.447, 10514
45.0, 900.0, 8156.794114655519, 38.057417484238094, 571.4107358064331, 15.606815068038934, -18.01981821066017, 5.0854156590381095E-6, 6.28E15, 0.7919754541773, 0.18607784586275938, 0.08733248669576948, 0.7142554513289482, -0.0012154179554026716, 1.849960799242077, 56080.42768289649, 1.3050024106242303E-5, 169.20592834266054, 9.99250024283191E-4, 0.0035940228757477626, 6.120597362931439E-4, 33.814169475632035, -13.590950212912432, 0.03793325837637611, -50.5708, 154.6558, 10529
45.0, 900.0, 8617.280485225552, 55.124440712550125, 587.4036959230106, 16.017830752144345, -149.06430932040863, 5.209511322786555E-6, 6.28E15, 0.7952570318540864, 0.1879033827306976, 0.09071361586816665, 0.7147175469032438, -0.06865755633703682, 1.9415585926874086, 59149.43583084188, 1.3269781455797022E-5, 169.47705213368195, 0.001074546658547879, 0.003773926460770024, 5.260355995456776E-4, 33.848249936961366, -13.49634650479336, 0.040834604260311304, -50.6272, 154.8769, 10546
45.0, 900.0, 9103.763306668334, 71.95284792952205, 604.0647730970176, 16.4408921165175, -320.9602924361574, 5.332459532870341E-6, 6.28E15, 0.7983844483475795, 0.1896898496708919, 0.0940553510241404, 0.713423006183181, 0.0012339303791425247, 1.9664306105520317, 62389.08700277446, 1.3463852584964823E-5, 169.74473363045294, 0.0011528372083356496, 0.003956603919554469, 4.27536808353169E-4, 33.87401692118551, -13.262747820181797, 0.03854614981835089, -50.6862, 155.111, 10563
45.0, 900.0, 9617.710191276368, 86.16416818242934, 621.551822112461, 16.87632062543048, -543.7872932708901, 5.454422416142047E-6, 6.28E15, 0.8013719387473066, 0.19144111374455683, 0.09736207795207755, 0.7124919158470868, -0.015353996494486714, 2.0866702602597624, 65811.0666802462, 1.3635345930469853E-5, 169.9710383393664, 0.0012342923932667442, 0.004141822195370481, 3.247124197201528E-4, 33.87710440931396, -12.876966227799134, 0.031791003302290254, -50.7476, 155.3588, 10577
45.0, 900.0, 10160.671604415129, 109.35464036641602, 637.8510235766121, 17.324446889999045, -207.19774182508988, 5.5758507385628645E-6, 6.28E15, 0.8042389641743005, 0.19316489556298574, 0.10064597306817283, 0.7122283949945789, 0.03791392807560058, 2.0862500792168297, 69443.31223526505, 1.3781973216096542E-5, 170.34070577081633, 0.0013095321326681666, 0.00433197531648625, 3.4100285269860825E-4, 34.00693697565097, -15.134648859390724, 0.04703937547418259, -50.8105, 155.6205, 10600
45.0, 900.0, 10734.285541938025, 131.3646331174271, 655.9922644680711, 17.785610929759777, -412.98816317177966, 5.696875374888664E-6, 6.28E15, 0.8069956095012243, 0.19486407535065012, 0.10391050130413518, 0.713642284759998, -0.021242611326195152, 2.121866986315794, 73264.85616353566, 1.3902192099082211E-5, 170.6922646765527, 0.0013972672878957446, 0.0045257297204091785, 2.5867125249483415E-4, 34.12939762333035, -14.789710197933838, 0.04289281105719025, -50.8886, 155.8984, 10622
45.0, 900.0, 11340.282471661705, 150.5724432977108, 675.267483073305, 18.26016244058715, -731.7771028611269, 5.816330881483367E-6, 6.28E15, 0.8096229814747394, 0.196523472029649, 0.10712428656674519, 0.7156967185637635, -0.025953208950235323, 2.0464470684244875, 77300.7817775437, 1.399999816771486E-5, 170.9995664323673, 0.0014877774315796217, 0.0047208529698367025, 1.5502540968310714E-4, 34.241259919334006, -14.259888639309663, 0.036413733035480345, -50.9693, 156.1936, 10642
45.0, 900.0, 11980.490553809064, 165.36368625167702, 696.2326011236383, 18.74846106918776, -1180.9949266564695, 5.935082100864443E-6, 6.28E15, 0.8121474926472353, 0.19815626677683792, 0.11031071206250379, 0.7177873134546814, 0.03459184984739665, 1.8964778370359774, 81568.53722398335, 1.4079946806759449E-5, 171.23653018973312, 0.001581772883969003, 0.004918270768950402, 3.610268698000272E-5, 34.32132051135827, -13.554428219057128, 0.028019396260456717, -51.0515, 156.5069, 10656
45.0, 900.0, 12656.841156168863, 175.29388966126322, 719.1099578938257, 19.25087669441381, -1718.2092479339603, 6.053836284818325E-6, 6.28E15, 0.8145893240594057, 0.19977294993121733, 0.11348872322763845, 0.7195799544421284, -0.04521692550907048, 1.9246746502974807, 86086.66798385172, 1.4146840909656156E-5, 171.39578659515115, 0.001679939344843678, 0.0051189319538859366, -7.081914275847948E-5, 34.341692340166226, -12.795989519815773, 0.019799093016735325, -51.134, 156.839, 10666
45.0, 900.0, 13371.374680610013, 182.76931048680424, 742.0208921445736, 19.767789715642564, -2132.7383497915685, 6.17335471857646E-6, 6.28E15, 0.8169674499752733, 0.20138431480978142, 0.11667851698121118, 0.7200963191246654, -0.05273976553986719, 1.9429516712603283, 90863.77905254184, 1.4203834014729663E-5, 171.51576203562973, 0.0017829074790391957, 0.005324517580134898, -1.2406129607277916E-4, 34.23633560082907, -11.905843037777716, 0.01578500869783262, -51.2162, 157.1904, 10674
45.0, 900.0, 14126.246718527842, 201.2560357148404, 757.5092855706245, 20.299591348473246, -1624.8054681052972, 6.293925103650077E-6, 6.28E15, 0.8192897168886681, 0.20299444454901835, 0.11988749045258465, 0.7196776642653516, -0.03471152750703316, 1.9896306152199494, 95898.28350946316, 1.4246192003398595E-5, 171.8123245764767, 0.0018773780420420732, 0.005538306127125345, -5.781511873171169E-5, 35.62618963104898, -12.471333112386013, 0.030024411979018856, -51.2971, 157.5751, 10692
45.0, 900.0, 14923.734553791963, 220.028514030889, 781.3537641428369, 20.846683927997653, -2085.146065954666, 6.414448436407296E-6, 6.28E15, 0.8215377146091689, 0.20458900610717132, 0.12308621019172669, 0.7191138234708729, -0.025242814502262793, 2.061792089005152, 101233.66881343495, 1.427212949983465E-5, 172.11424176905234, 0.0019886197069256574, 0.00575643610248635, -1.3102538534487772E-4, 35.70414795017242, -11.428027236903475, 0.02929196153322998, -51.3866, 157.9834, 10711
45.0, 900.0, 15766.244032813735, 236.11907560470723, 803.8030842835209, 21.40948121990537, -2287.7939142989094, 6.53522725129265E-6, 6.28E15, 0.8237204007638279, 0.2061724725304903, 0.12628261971165694, 0.7189176897392404, 0.03274086519321333, 2.0593256086470655, 106863.70757581592, 1.4283879842073005E-5, 172.3733505278759, 0.002104443942332773, 0.00597881153926535, -1.4105028975321295E-4, 35.6296017656676, -10.241426790910308, 0.02507362946861077, -51.4733, 158.4162, 10727
45.0, 900.0, 16656.316822458797, 248.59595170906306, 826.0715667784332, 21.988408739689582, -2402.4029064155857, 6.656024593350594E-6, 6.28E15, 0.8258365464723745, 0.20774216956094385, 0.12947036351844224, 0.7196844385064118, 0.003470350189594423, 2.091108156646551, 112805.39358589581, 1.4284839476721812E-5, 172.5745211503976, 0.0022249659183657933, 0.00620474429887474, -1.2466524011949648E-4, 35.50823303589215, -9.020124079552984, 0.020219694782456554, -51.5553, 158.8731, 10740
45.0, 900.0, 17596.638077700212, 257.73174857797727, 844.6322906823635, 22.58390408022427, -1886.8911828587259, 6.777317824912954E-6, 6.28E15, 0.8278972008848952, 0.20930466948533025, 0.13266193434142623, 0.7210134653229977, 0.03884069078585265, 2.0070625120586483, 119068.7876395622, 1.4278227791425856E-5, 172.7219364175896, 0.002350611856381517, 0.006435120793514227, -1.6690954729474502E-5, 35.220392410698196, -7.818600297147189, 0.016148556230309852, -51.6316, 159.3548, 10749
45.0, 900.0, 18590.044542143853, 263.52466085759085, 863.4164748953758, 23.196417247988933, -816.1299977101926, 6.899434912538191E-6, 6.28E15, 0.8299098564966975, 0.2108644146766496, 0.13586577099000377, 0.7228700905815663, -0.026620892621939916, 1.999897101810139, 125728.57420645453, 1.4266856300081974E-5, 172.81548155515182, 0.0024819717513935935, 0.006670544326952284, 1.4076411369522187E-4, 34.85960784932388, -6.575620911864091, 0.012500474051846197, -51.7015, 159.8603, 10755
45.0, 900.0, 19639.53310586355, 285.71504328341774, 886.6321356195614, 23.826411008222138, -356.6121242953096, 7.023876527114921E-6, 6.28E15, 0.8318997410164418, 0.21244048639737115, 0.13912084372749708, 0.7244403351098365, -0.03821223687178918, 1.9526342384000228, 132744.51152386988, 1.4243723209359736E-5, 173.1735582716696, 0.0026009052008233295, 0.0069190224396066405, 1.4906412381408298E-4, 37.197645111850704, -6.848905878557424, 0.028057337229814076, -51.7636, 160.4291, 10777
45.0, 900.0, 20748.26984636311, 297.61239737903884, 911.7235645644519, 24.474361239290786, 694.2530322437281, 7.148300632486005E-6, 6.28E15, 0.8338304842549211, 0.21400326839321626, 0.1423655901673056, 0.7252967866946265, 0.0301176467973486, 1.870112237007722, 140213.0828244795, 1.4210687560160688E-5, 173.36605226648382, 0.0027434520826067183, 0.007169491319850396, 2.316783860448056E-4, 36.91380574334283, -5.93168286430428, 0.017896876143185053, -51.832, 161.0274, 10789
45.0, 900.0, 21919.599579939808, 296.7165440969737, 944.5261357952742, 25.14075729656772, 2676.817258224789, 7.2742906958621455E-6, 6.28E15, 0.8357282492602989, 0.21557281240873044, 0.14564109514416773, 0.7254519264378222, 0.03910176540513079, 1.8967476444029918, 148235.49972090987, 1.4176694671996605E-5, 173.3516456727238, 0.0028939628299991505, 0.007424200338219431, 3.6959855233058736E-4, 36.56381865478169, -5.271129555985521, 0.006659628273520075, -51.8945, 161.6555, 10788
45.0, 900.0, 23157.055952263756, 290.2410959147275, 1001.0601052327382, 25.826102386116155, 6150.9285253049775, 7.404547302807066E-6, 6.28E15, 0.8376324060502487, 0.217182268356373, 0.1490168391081279, 0.7252400320584489, 0.03582300901410783, 1.9664738300182147, 157066.26132505442, 1.4146967285280903E-5, 173.24695156381873, 0.003055663843474928, 0.007690616066361224, 5.787464287973672E-4, 36.187063498914185, -4.742881870137335, 0.0024595928618163067, -51.9532, 162.3134, 10781
45.0, 900.0, 24464.372098614163, 288.0789299100488, 1114.9284967919746, 26.53091394848567, 11813.229054918876, 7.543476258494451E-6, 6.28E15, 0.8396014702121818, 0.21888450329411074, 0.15260534871295667, 0.725298054790769, -0.02938449021924035, 2.092863535776576, 167264.24262460344, 1.4119297284140604E-5, 173.20540901795383, 0.003234016296689021, 0.007981277246999749, 8.768510439394517E-4, 35.76025715882767, -4.401498430126199, 0.006328019368201632, -52.009, 163.0019, 10779
45.0, 900.0, 25845.491905932166, 308.01328889468016, 1284.1834318869628, 27.255724052930898, 18514.771683890143, 7.698300145713821E-6, 6.28E15, 0.841724213457081, 0.22076457055468768, 0.15658982601058496, 0.7259494167263443, 0.027452498050871483, 2.0495793861970832, 179628.35994422014, 1.4065540520570116E-5, 172.6672853057907, 0.003437731097622247, 0.008318410103834833, 0.0012432643142467614, 35.73839494623188, -4.527660378996046, 0.02274573367864627, -52.0637, 163.7208, 10799
45.0, 900.0, 27304.581910665296, 327.0716268945798, 1474.4704487578654, 28.00107980237065, 25223.65966900073, 7.87347681490483E-6, 6.28E15, 0.8440397658922588, 0.22287102269032244, 0.16107952660477887, 0.7276248438468867, -0.025534190321051618, 2.045058388480881, 193888.7966020902, 1.3955606932717639E-5, 170.10284870944088, 0.0036784197648394314, 0.00870745582094047, 0.001557461757816586, 35.90236317497415, -4.725701265174184, 0.021763089604312617, -52.1232, 164.4807, 10818
45.0, 900.0, 28846.043868296856, 330.6003671424556, 1642.7660887087657, 28.76754374941233, 30966.7962042088, 8.05545218197782E-6, 6.28E15, 0.846353663448252, 0.22503673735972848, 0.1657225927900363, 0.7295351141754025, -0.025167208191577497, 1.9661412139598688, 209344.216306077, 1.3744018717613216E-5, 162.28809401535148, 0.003942078503842135, 0.00911580498980857, 0.00177896948884327, 36.23041154608752, -4.888342559748881, 0.011403825118957394, -52.1887, 165.2881, 10822
45.0, 900.0, 30474.528032479662, 318.76290864263666, 1305.059031279686, 29.55569432377357, 17808.451446291725, 8.222066990232313E-6, 6.28E15, 0.8483950632011553, 0.22700027664500988, 0.16995507722560715, 0.7306834513181517, -0.007617609768171442, 1.9260061987207377, 209283.8954108036, 1.3741958368853816E-5, 164.68756395099044, 0.004165594898274108, 0.009492610453089533, 8.546933092054828E-4, 40.224834885244356, -3.7429297018204584, 0.002227793618956124, -52.2603, 166.2347, 10810
45.0, 900.0, 32194.947183834443, 282.10137241128024, 1423.219531810226, 30.366126271440635, 22586.597034886294, 8.220866371970453E-6, 6.28E15, 0.8483806070277176, 0.22698619212531232, 0.16992464193873733, 0.7307030872523135, 0.018562420843370498, 1.8997437332279323, 223031.26861482006, 1.3525476295097445E-5, 154.8810536283127, 0.004171513141702532, 0.00947693748906179, 9.784779593060217E-4, 40.801943893320804, -3.529393874098478, -0.011819815280649681, -52.3183, 167.2481, 10773
45.0, 900.0, 34012.4914507347, 222.2085803512685, 1473.4479629718792, 31.199451105910935, 24324.47622278413, 8.352738467240014E-6, 6.28E15, 0.8499470783210306, 0.22852769318168017, 0.17326202393856302, 0.7309995345801427, -0.007392451848825408, 1.9537693238978895, 237134.34732336967, 1.3221883469826033E-5, 142.58936316742373, 0.004386469012818465, 0.009761751713458704, 0.001031733217786549, 41.42729690343553, -3.393452551304862, -0.023169172662174803, -52.376, 168.3357, 10713
45.0, 900.0, 35932.64396678905, 148.35048208881983, 1427.5203424465608, 32.0562975718751, 21510.653328594955, 8.460941756490701E-6, 6.28E15, 0.8512010170483676, 0.22978436310322561, 0.1759920640282093, 0.7310542321902513, -0.008094639787275978, 1.996443868234367, 252003.34013280473, 1.2744843278064372E-5, 124.45061724843292, 0.004572235382068841, 0.009989047772539807, 0.0010619437220686836, 42.24646206631471, -3.6200530859769833, -0.028448402257911, -52.4347, 169.5042, 10639
45.0, 900.0, 37961.19741225636, 76.09474318865449, 1370.3593190917752, 32.93731212170248, 17096.963691280136, 8.52909676206402E-6, 6.28E15, 0.8519767940546079, 0.23057221420284457, 0.17770780334251923, 0.7311166472216248, 0.026022989838949014, 1.9899940568432555, 271010.51241274236, 1.1872851290737571E-5, 102.28367903486979, 0.0046967739072838865, 0.01012370357726003, 0.00121266913387699, 43.25062573892794, -4.212704919095789, -0.025468717483436532, -52.5008, 170.7648, 10567
45.0, 900.0, 40104.27148929536, 27.80120205417891, 1323.0679877527741, 33.84315940510287, 11203.594545083419, 8.534337847018926E-6, 6.28E15, 0.8520360096533751, 0.23063268254223276, 0.17783961944265728, 0.7311098101888109, -0.004960678698067683, 2.02299277144563, 271010.51241274236, 1.1872851290737571E-5, 96.78081941896325, 0.004715897869901563, 0.01011822930666513, 4.822029797963344E-4, 44.20152519794032, -4.899301697844376, -0.012398555215632785, -52.582, 172.1292, 10519
