angle, time_diff, t, z, sigmah, sigmav, sigmas, rice, Nice, g_t, Qabs_t, Qsca_t, g_s, Qabs_s, Qsca_s, CCS, IWC, RHice, Re, v_sed, windshear_s, wind_u, wind_v, wind_w, lat, lon, altitude
0.0, 900.0, 1.0, -0.009996159329846434, 16.634052069844987, 3.659172832460008, 3.8508501296541207E-4, 1.8544787996712843E-6, 6.7004572819676664E13, 0.6094416707412434, 0.12428682567499899, -4.966767622770762E-4, 0.6913272697444246, -0.12281601228746601, 1.8474049541311013, 353.34322314529754, 3.062335210576471E-5, 146.6024212597806, 4.843747112342928E-5, 4.774443581763264E-4, 2.7938893249386024E-5, 40.76508262244645, 0.5979810710775277, -0.009833352524044065, -49.987, 150.5269, 10491
0.0, 900.0, 1.0, -0.009996159329846434, 16.63405206982474, 3.6543183549590306, 3.727033054858625E-4, 1.8544787996712843E-6, 6.7004572819676664E13, 0.6094416707412434, 0.12428682567499899, -4.966767622770762E-4, 0.6913272697444246, -0.12281601228746601, 1.8474049541311013, 381.93046734253534, 2.8331211319461303E-5, 146.60242728343795, 4.843741279165841E-5, 4.774441783318386E-4, 2.793889324990408E-5, 40.76508262244645, 0.5979810710775277, -0.009833352524044065, -49.987, 150.5269, 10491
0.0, 900.0, 1.0563896734925413, -0.010578368494060412, 16.70171473839024, 3.6545358853113994, 3.939454283687533E-4, 1.8812860732096956E-6, 6.2012814727674414E13, 0.6125995519765466, 0.12500218623510495, 1.6151603006148152E-4, 0.6913665891180367, -0.3763683618228556, 2.174903396643024, 383.50688122308344, 2.8214755221895842E-5, 146.6018141801925, 5.056847868665807E-5, 4.913472588031776E-4, 2.795322962077185E-5, 40.76497692030357, 0.5978602186291528, -0.00983340066318978, -49.987, 150.5269, 10491
0.0, 900.0, 1.1159591422616781, -0.011193427866770344, 16.772896409227904, 3.6547656680662555, 4.1641156477171496E-4, 1.8818234305300152E-6, 6.441636916058261E13, 0.6126622637675819, 0.12501646673146286, 1.7475113727627445E-4, 0.69069656479285, -0.2947326956704678, 2.0947917933914892, 385.1655798944848, 2.80932491148336E-5, 146.60114469323224, 5.06118196118988E-5, 4.916279603493833E-4, 2.796837442389603E-5, 40.76486525791344, 0.5977325519391727, -0.009833449360659774, -49.987, 150.527, 10491
0.0, 900.0, 1.1788877139248306, -0.011843192013227848, 16.847765336172632, 3.6550083925047967, 4.401737768501087E-4, 1.8823872390944282E-6, 6.696508831124394E13, 0.6127280378944516, 0.1250314476962745, 1.88639465749596E-4, 0.6841603727303637, 0.28877255254400735, 1.512886835570968, 386.91053196842205, 2.7966549608730295E-5, 146.60046049491515, 5.065733048312834E-5, 4.919225954073534E-4, 2.7984373247458282E-5, 40.764747299210015, 0.5975976868227395, -0.00983350080583552, -49.987, 150.527, 10491
0.0, 900.0, 1.2453648071974204, -0.012529620312206238, 16.92649640520292, 3.655264786588338, 4.6530854379385597E-4, 1.8829786449049823E-6, 6.966729290902304E13, 0.6127970044363317, 0.12504715921461415, 2.0320949781149622E-4, 0.6880289443427807, -0.016148630362854386, 1.8194879292514652, 388.7458665533163, 2.7834514826798988E-5, 146.5997377147391, 5.070509837613864E-5, 4.922317470808971E-4, 2.8001274250143562E-5, 40.76462268918007, 0.5974552174387875, -0.009833555154637064, -49.987, 150.527, 10491
0.0, 900.0, 1.3155905220543846, -0.013254782883641633, 17.00927127044338, 3.655535619117733, 4.918970520424285E-4, 1.8835987895296855E-6, 7.253168756907619E13, 0.6128692925688521, 0.12506363121452238, 2.184896334681552E-4, 0.6892117015210049, -0.14371163169786338, 1.948813849832777, 390.67587706964713, 2.7697006715057034E-5, 146.59895236649015, 5.075521040069931E-5, 4.925559974547284E-4, 2.801912830734896E-5, 40.76449105279542, 0.597304715069968, -0.00983361257068127, -49.987, 150.5271, 10491
0.0, 900.0, 1.3897762420429134, -0.014020866858253319, 17.09627848255876, 3.655821702012073, 5.200255066444493E-4, 1.8842488233510158E-6, 7.556736588476122E13, 0.6129450320838621, 0.12508089381637938, 2.3450851852713228E-4, 0.6855762707328991, 0.1790581301501645, 1.6278934356980586, 392.7050249512464, 2.7553893388433634E-5, 146.59814577313455, 5.080778303477934E-5, 4.928960202940701E-4, 2.8037989161942384E-5, 40.764351993884354, 0.5971457268332543, -0.009833673226862181, -49.987, 150.5271, 10491
0.0, 900.0, 1.4681452705594045, -0.014830183013522893, 17.187713608745153, 3.656123892713079, 5.497854655360419E-4, 1.8849299947121183E-6, 7.878381330756775E13, 0.6130243637414279, 0.12509897969672695, 2.512972438524774E-4, 0.684478773366649, 0.2558013414259278, 1.5530897053050094, 394.837943219609, 2.740504649718886E-5, 146.59727188572512, 5.0862903557105054E-5, 4.932524280108427E-4, 2.8057913589684883E-5, 40.764205093940255, 0.5969777743188258, -0.009833737306959961, -49.987, 150.5272, 10491
0.0, 900.0, 1.550933503005868, -0.01568517276525938, 17.283779343556954, 3.6564430967219734, 5.81274198787199E-4, 1.885643493158047E-6, 8.219090863461639E13, 0.6131074209719538, 0.125117919921923, 2.688854845954991E-4, 0.6894943740860914, -0.18557776957965025, 1.996501972520403, 397.0794399194482, 2.7250346164945895E-5, 146.59637176023185, 5.0920692677544534E-5, 4.936259182204401E-4, 2.80789615662755E-5, 40.76404991086241, 0.5968003521515524, -0.009833805003672747, -49.987, 150.5272, 10491
0.0, 900.0, 1.6383901368490124, -0.016588415580926243, 17.38468560985421, 3.656780270275938, 6.145950745948639E-4, 1.8863906039555025E-6, 8.579892338780325E13, 0.6131943478373797, 0.12513774804723993, 2.8730531099949164E-4, 0.6872564624847753, 0.030244953416234555, 1.7828098990207326, 399.43450140526176, 2.7089677918894795E-5, 146.59539906667865, 5.098124173221358E-5, 4.940171261265943E-4, 2.8101196450335753E-5, 40.76388597762627, 0.5966129264719098, -0.009833876522090827, -49.987, 150.5272, 10491
0.0, 900.0, 1.7307784217193283, -0.017542636791424735, 17.49064964921597, 3.6571364231716252, 6.498579746520831E-4, 1.8871726167648488E-6, 8.961851909527223E13, 0.6132852883543466, 0.12515849768783668, 3.0658894022622674E-4, 0.6907844839857149, -0.3539731643358841, 2.169259991447513, 401.9082954705789, 2.6922937181184305E-5, 146.59437275317163, 5.1044671314984926E-5, 4.944267769931717E-4, 2.812468517349294E-5, 40.76371280087869, 0.5964149333313054, -0.009833952077433691, -49.987, 150.5273, 10491
0.0, 900.0, 1.8283764518080172, -0.01855071586379937, 17.601896101241394, 3.6575126217435883, 6.871797412453355E-4, 1.8879908155124206E-6, 9.366074227361239E13, 0.6133803852828376, 0.12518020224654935, 3.2676848890444976E-4, 0.689199527620745, -0.17269292107719608, 1.9903168623537206, 404.50617431385695, 2.6750028747782657E-5, 146.5933116058281, 5.111110226070267E-5, 4.948555952811685E-4, 2.8149498441451532E-5, 40.76352985945427, 0.5962057769973432, -0.009834031898232568, -49.987, 150.5274, 10491
0.0, 900.0, 1.9314780029469225, -0.019615695140900065, 17.71865707125199, 3.6579099920058593, 7.26684658911475E-4, 1.8888465511760374E-6, 9.793701705593186E13, 0.6134797885461325, 0.12520289684057737, 3.478777709705616E-4, 0.6900049063186497, -0.27676191790907634, 2.096832114558467, 407.23367733769516, 2.6570866286217346E-5, 146.59216881086408, 5.118063315878478E-5, 4.95304256842669E-4, 2.8175710947512975E-5, 40.76333660280766, 0.5959848281632087, -0.00983411622594446, -49.987, 150.5274, 10491
0.0, 900.0, 2.040393416891125, -0.020740789064015372, 17.841172186015946, 3.6583297229653335, 7.685049736552394E-4, 1.8897411490653329E-6, 1.0245913519443439E14, 0.613583644411143, 0.1252266158374142, 3.6995001382128523E-4, 0.688048878738044, -0.06890635341060895, 1.891535867513655, 410.09653378113563, 2.6385376347555776E-5, 146.59096280393658, 5.1253389655544605E-5, 4.957735124727766E-4, 2.820340159757554E-5, 40.763132449357855, 0.5957514220566993, -0.009834205314605738, -49.987, 150.5275, 10491
0.0, 900.0, 2.1554505354659463, -0.02192939394210068, 17.96968863723834, 3.6587730701160366, 8.12781453230668E-4, 1.8906759814761045E-6, 1.0723924328995752E14, 0.6136921038861478, 0.12525139477732097, 3.930196533861452E-4, 0.6896403058230682, -0.2509376917342761, 2.0762436289685957, 413.1006651883371, 2.6193497843219833E-5, 146.58971182972996, 5.132950207668336E-5, 4.962641402854078E-4, 2.8232653747198835E-5, 40.76291678473928, 0.5955048564427061, -0.009834299433774212, -49.987, 150.5275, 10491
0.0, 900.0, 2.2769956873901944, -0.023185098266965153, 18.104461212698915, 3.659241359123792, 8.596639915686526E-4, 1.8916524358766613E-6, 1.1228982776968455E14, 0.6138053189766154, 0.1252772695245466, 4.171215526465599E-4, 0.6849862394126655, 0.1744807725918747, 1.653622764184553, 416.2521877208116, 2.599518151194447E-5, 146.58836850410478, 5.140907433215448E-5, 4.967768428592006E-4, 2.8263555452598478E-5, 40.76268895995421, 0.5952443895134847, -0.009834398868270353, -49.987, 150.5276, 10491
0.0, 900.0, 2.4053947307460524, -0.024511693605195405, 18.24575231507082, 3.6597359897112702, 9.093122627657079E-4, 1.892671924126711E-6, 1.1762369650765023E14, 0.6139234437055613, 0.12530427650654874, 4.422912324608397E-4, 0.6877530448217306, -0.06553709383341738, 1.896563525372398, 419.55741432470427, 2.5790393866064297E-5, 146.58695065859177, 5.1492241741418435E-5, 4.973124247256669E-4, 2.8296199735791452E-5, 40.762448289421364, 0.5949692376600826, -0.009834503917964426, -49.987, 150.5277, 10491
0.0, 900.0, 2.5410341542335018, -0.02591318612767313, 18.393831968618063, 3.660258439753881, 9.61896427128318E-4, 1.8937358245315112E-6, 1.2325395809271128E14, 0.6140466273535178, 0.12533245117413339, 4.6856344405316053E-4, 0.6873196506506268, -0.03284017900942573, 1.8669187948831705, 423.0228567692291, 2.5579116069877942E-5, 146.5854540910145, 5.157912836564507E-5, 4.978716471503624E-4, 2.8330684864587518E-5, 40.76219404891436, 0.5946785731186051, -0.009834614900862121, -49.987, 150.5278, 10491
0.0, 900.0, 2.684322240524125, -0.027393808786860353, 18.54897781414409, 3.6608102695974516, 0.0010175978958797585, 1.894845559331878E-6, 1.2919399806746716E14, 0.6141750233903143, 0.12536183004929868, 4.959740852497896E-4, 0.68829533631413, -0.13570327364631138, 1.9729674481740218, 426.65522757732765, 2.5361345276038073E-5, 146.58387436223475, 5.16698628820442E-5, 4.984552977520347E-4, 2.8367114649385432E-5, 40.761925473384444, 0.5943715214842213, -0.00983473215263478, -49.987, 150.5278, 10491
0.0, 900.0, 2.835690295216047, -0.02895803418906915, 18.711475092747424, 3.661393126609161, 0.0010766101596340503, 1.8960025567609978E-6, 1.3545745276900503E14, 0.6143087850252938, 0.12539244971446833, 5.245592672887267E-4, 0.6860122889844285, 0.0678736467253484, 1.7727135189494303, 430.46144187483554, 2.5137095388522757E-5, 146.5822067827895, 5.176457555406496E-5, 4.990641707710375E-4, 2.840559875442059E-5, 40.76164175466013, 0.5940471590849046, -0.009834856028009962, -49.987, 150.5279, 10491
0.0, 900.0, 2.995593945089248, -0.030610588199817396, 18.88161661912902, 3.6620087499737233, 0.0011391396848917817, 1.8972082434638005E-6, 1.4205818037327562E14, 0.6144480642814962, 0.125424346606633, 5.543551308036243E-4, 0.6843304465232263, 0.18984980877445826, 1.6542017809889071, 434.4486191898698, 2.490639774347089E-5, 146.58044639877832, 5.186339767262548E-5, 4.99699063269896E-4, 2.8446253028195535E-5, 40.761342039017904, 0.5937045102082972, -0.00983498690186084, -49.987, 150.528, 10491
0.0, 900.0, 3.1645145095690648, -0.03235646432512357, 19.05970274538787, 3.662658975747361, 0.0012054068887832224, 1.8984640477613029E-6, 1.49010229556235E14, 0.6145930123240745, 0.12545755709852155, 5.853979296992773E-4, 0.6882771831036717, -0.15755896041313, 2.005220348752424, 438.6240852397341, 2.4669301695727595E-5, 146.57858797694848, 5.196646188541438E-5, 5.003607770414969E-4, 2.8489199853758178E-5, 40.761025424615696, 0.5933425441720579, -0.009835125170358918, -49.987, 150.5281, 10491
0.0, 900.0, 3.342960449526074, -0.03420093891127781, 19.2460413164322, 3.663345742182661, 0.0012756471944182614, 1.899771380811989E-6, 1.5632780632699338E14, 0.6147437772378751, 0.12549211699525617, 6.177235686102012E-4, 0.6846779253901131, 0.1499367929854378, 1.7014835851129753, 442.9953737482983, 2.442587509950549E-5, 146.57662598894348, 5.2073900712814976E-5, 5.010501088707417E-4, 2.8534568515428214E-5, 40.76069095878235, 0.5929601722302045, -0.009835271252193559, -49.987, 150.5282, 10491
0.0, 900.0, 3.5314688977733284, -0.036149587217755554, 19.44094761832029, 3.6640710953380062, 0.001350112180312743, 1.9011316997592772E-6, 1.6402523845274284E14, 0.6149005112578311, 0.12552806319811033, 6.513691676990341E-4, 0.6854179676276994, 0.08505870057594811, 1.77027371878367, 447.57022834247357, 2.4176204672388765E-5, 146.5745545946637, 5.21858518042587E-5, 5.01767884036893E-4, 2.8582495588802386E-5, 40.76033763515421, 0.5925562443051597, -0.009835425589861918, -49.987, 150.5283, 10491
0.0, 900.0, 3.7306072758678313, -0.038208300397520524, 19.64474432102379, 3.664837194985849, 0.0014290708283744519, 1.9025464028479282E-6, 1.721169384203027E14, 0.6150633586248, 0.12556543092659334, 6.863704724078545E-4, 0.6877830339705645, -0.14039234030851658, 1.9997934402669313, 452.35660458200334, 2.392039573456695E-5, 146.5723458180533, 5.23024396938509E-5, 5.025148720820569E-4, 2.8633125351479165E-5, 40.75996439065073, 0.592129545536626, -0.009835588651035398, -49.987, 150.5284, 10491
0.0, 900.0, 3.9409750020829173, -0.040383303448419554, 19.857761417273085, 3.6656463208347128, 0.0015128108824653487, 1.904016910972952E-6, 1.806173656568982E14, 0.6152324649382676, 0.12560425586862092, 7.227638731971686E-4, 0.6881464721193639, -0.18865184286261288, 2.0522817965800892, 457.3626721822324, 2.3658574310933265E-5, 146.5700367554, 5.242382130895544E-5, 5.03291946459945E-4, 2.868661021949554E-5, 40.7595701022798, 0.5916787926363574, -0.009835760929643349, -49.987, 150.5286, 10491
0.0, 900.0, 4.163205295692641, -0.04268117420777921, 20.08033615929561, 3.6665008790804166, 0.0016016403283991218, 1.9055446027339522E-6, 1.8954098674426325E14, 0.6154079696329421, 0.1256445724598457, 7.605848017288863E-4, 0.6860523595884427, 0.0012886511395079406, 1.8667336049884689, 462.5968174947351, 2.3390884085784054E-5, 146.56759871492272, 5.2550122608842895E-5, 5.040998758419417E-4, 2.874311120295052E-5, 40.75915358376371, 0.5912026300388207, -0.009835942948846555, -49.987, 150.5287, 10491
0.0, 900.0, 4.397967082999168, -0.045108863404283835, 20.312812995390154, 3.667403409302669, 0.0016958890069337063, 1.9071308959756342E-6, 1.9890223620380553E14, 0.6155900153029055, 0.1256864160307295, 7.998697522594578E-4, 0.6868108768244835, -0.07569182219115284, 1.94827306179794, 468.0676463156075, 2.311748772976384E-5, 146.565002618013, 5.2681474322076895E-5, 5.049394545164383E-4, 2.8802798393709485E-5, 40.75871358197471, 0.5906996258350667, -0.009836135260491367, -49.987, 150.5288, 10491
0.0, 900.0, 4.645967010840436, -0.047673715861064545, 20.555543508389782, 3.668356591723794, 0.0017959103736116292, 1.908777143048946E-6, 2.0871547678198972E14, 0.6157787356229221, 0.12572982003730168, 8.406536914866425E-4, 0.6823586423344316, 0.2597783488268595, 1.617531422655651, 473.783987095782, 2.2838567561440114E-5, 146.5622625878343, 5.281802291647805E-5, 5.058115057961326E-4, 2.8865851477009616E-5, 40.75824877317075, 0.5901682674792443, -0.009836338447906613, -49.987, 150.529, 10491
0.0, 900.0, 4.907951573638846, -0.05038349293618355, 20.808886358150318, 3.6693632548470254, 0.0019020834203993188, 1.9104847104197103E-6, 2.1899496016848584E14, 0.6159742644461591, 0.1257748181567211, 8.829720323708379E-4, 0.6837501018413015, 0.1520009974074659, 1.7302095628085288, 479.75489463186653, 2.2554324054256307E-5, 146.559392312717, 5.295991787875548E-5, 5.067168661013303E-4, 2.893246027235291E-5, 40.757757759019114, 0.5896069572537139, -0.009836553128440307, -49.987, 150.5291, 10491
0.0, 900.0, 5.184709360393545, -0.05324639623307322, 21.073207230257868, 3.670426383492436, 0.002014814774700111, 1.9122549676127797E-6, 2.2975478868141422E14, 0.6161767344771953, 0.12582144398920034, 9.268603639723816E-4, 0.680556272503615, 0.35144269033963726, 1.5358434085953694, 485.98965431969077, 2.2264973710041588E-5, 146.55633960873936, 5.310728137379352E-5, 5.076562911141018E-4, 2.9002825304097874E-5, 40.7572390623965, 0.5890140074801069, -0.009836779954660712, -49.987, 150.5293, 10491
0.0, 900.0, 5.47707342837986, -0.05627109262864881, 21.34887879317589, 3.6715491272492478, 0.002134540996511786, 1.914089197493797E-6, 2.4100887819599234E14, 0.6163862669724193, 0.1258697286905294, 9.723522293804132E-4, 0.6819505119746551, 0.2569064595488993, 1.635631922424987, 492.49778705593025, 2.197075128361003E-5, 146.55311722349285, 5.326025962928305E-5, 5.086305843665159E-4, 2.9077158406410462E-5, 40.75669112295347, 0.5883876354620812, -0.009837019615308385, -49.987, 150.5294, 10491
0.0, 900.0, 5.785923810700875, -0.05946674080344139, 21.636280666048634, 3.672734809363899, 0.0022617310912248383, 1.915988729905332E-6, 2.5277092323466866E14, 0.616602986984641, 0.1259197044872126, 0.001019482441133257, 0.6805173645664286, 0.33695866580360934, 1.5610105940820116, 499.2890548758807, 2.1671906854876545E-5, 146.54971558867865, 5.341899495626046E-5, 5.096405510463723E-4, 2.91556833632702E-5, 40.75611229242883, 0.5877259581441976, -0.009837272839618733, -49.987, 150.5296, 10491
0.0, 900.0, 6.112190165239018, -0.06284301924554336, 21.935799399343257, 3.673986936083916, 0.0023968892631706018, 1.9179548532239336E-6, 2.6505436389068388E14, 0.6168270132051185, 0.12597140234207208, 0.00106828489099145, 0.6850657990303844, 0.005393329317331277, 1.8981868263752417, 506.373467417648, 2.1368705282016602E-5, 146.54612459645267, 5.3583628242390976E-5, 5.106869805690077E-4, 2.9238636577096666E-5, 40.755500829701525, 0.587026986472341, -0.009837540398162205, -49.987, 150.5298, 10491
0.0, 900.0, 6.456854572981168, -0.06641015586814941, 22.247828470447597, 3.675309206478255, 0.0025405579334121272, 1.919988820586254E-6, 2.7787235602869303E14, 0.6170584586493737, 0.1260248521149094, 0.001118792705605831, 0.6849491348293493, 0.004226539246846642, 1.905145511855152, 513.7612893047543, 2.106142502938479E-5, 146.5423335689885, 5.375429952296018E-5, 5.117706500229243E-4, 2.9326267787426538E-5, 40.75485489556386, 0.5862886194374672, -0.009837823105624989, -49.987, 150.53, 10491
0.0, 900.0, 6.820954494140398, -0.0701789593376485, 22.57276829624605, 3.676705522755424, 0.0026933210528658157, 1.9220919155874286E-6, 2.912377437745363E14, 0.6172974380929868, 0.12608008428418907, 0.0011710398801698663, 0.6880012227687117, -0.3095999581759243, 2.2249455976530292, 521.4630485404668, 2.0750356389636477E-5, 146.5383094247704, 5.3931143571311824E-5, 5.128923296468976E-4, 2.9418840817763676E-5, 40.754172547201506, 0.5855086377866523, -0.00983812182337454, -49.987, 150.5302, 10491
0.0, 900.0, 7.205585890972458, -0.07416085216645188, 22.91102626457367, 3.6781800011012793, 0.0028558077384745572, 1.9242653382629425E-6, 3.0516303628075225E14, 0.617544055067184, 0.12613712694698986, 0.0012250584486167004, 0.6814009506480105, 0.2407502789267357, 1.6807506865369213, 529.4895460080934, 2.043580209925312E-5, 146.53408385157323, 5.4114320326843586E-5, 5.140528410648143E-4, 2.9516634373632658E-5, 40.75345173236354, 0.5846846973819799, -0.009838437461815489, -49.987, 150.5304, 10491
0.0, 900.0, 7.611906526686857, -0.07836790577724859, 23.263016786301602, 3.679736983058981, 0.0030286962692784437, 1.926510333771109E-6, 3.196603874642872E14, 0.6177984164462687, 0.12619600919415816, 0.0012808816822799662, 0.6853070921280818, -0.06463352738996138, 1.9924712798895428, 537.8518661721384, 2.011807238417829E-5, 146.5296006589983, 5.430395587126458E-5, 5.152529181121775E-4, 2.961994288044904E-5, 40.75269028320472, 0.5838143221878926, -0.00983877098471624, -49.987, 150.5307, 10491
0.0, 900.0, 8.041139450382474, -0.08281287747637986, 23.62916136963793, 3.6813810474741318, 0.0032127184834906627, 1.928828079672011E-6, 3.347415802842829E14, 0.6180606196174055, 0.12625675814700066, 0.0013385412904018124, 0.6866431646214899, -0.20708084584869846, 2.141435889266619, 546.5613890756695, 1.979748694111963E-5, 146.5248683509659, 5.450020298335583E-5, 5.164933549767694E-4, 2.9729077370909578E-5, 40.751885909782644, 0.5828948968666685, -0.00983912340973578, -49.987, 150.5309, 10491
0.0, 900.0, 8.494576678497534, -0.0875092496551495, 24.009888718041072, 3.6831170230286085, 0.00340866461525942, 1.9312197691961528E-6, 3.5041801478938494E14, 0.6183307618885988, 0.12631940113772294, 0.0013980694918004355, 0.6828653498726064, 0.10900819349153769, 1.8320432005180824, 555.6298037295941, 1.9474371360348824E-5, 146.51987287997596, 5.470320823385469E-5, 5.177749319186475E-4, 2.9844366422105397E-5, 40.75103619318968, 0.581923658960247, -0.00983949581419035, -49.987, 150.5312, 10491
0.0, 900.0, 8.973583083855367, -0.09247127119215608, 24.405634852941777, 3.6849500013870746, 0.003617388625686214, 1.9336865840945613E-6, 3.6670070026972844E14, 0.618608937367822, 0.1263839649918562, 0.0014594983421180319, 0.679495283633039, 0.31648236835926163, 1.6314423834709981, 565.0691229899286, 1.914905603000537E-5, 146.5145994064038, 5.491311976944747E-5, 5.19098430709326E-4, 2.9966157146154573E-5, 40.75013857829962, 0.5808976906352505, -0.00983988933704542, -49.987, 150.5314, 10491
0.0, 900.0, 9.479600504012163, -0.09771400125087841, 24.81684326225922, 3.686885350980512, 0.0038398140771034456, 1.9362296906503757E-6, 3.836002519575942E14, 0.6188952364775125, 0.12645047591927128, 0.0015228596361896996, 0.686831070264734, -0.2747364382696819, 2.229708837368166, 574.8917000196534, 1.8821874524492212E-5, 146.5090322538341, 5.5130087050498384E-5, 5.204646326940061E-4, 3.0094816234067942E-5, 40.74919036610762, 0.5798139099674109, -0.00984030518292095, -49.987, 150.5317, 10491
0.0, 900.0, 10.014152081273139, -0.10325335559900035, 25.243965075480464, 3.688928731451453, 0.00407694061570854, 1.938850232898403E-6, 4.0112689162406956E14, 0.6191897451614001, 0.12651895933281654, 0.0015881847403531324, 0.6852690440270063, -0.13681266446791981, 2.0990035510133183, 585.1102464325197, 1.8493161503193933E-5, 146.50313306551894, 5.5354250089511856E-5, 5.218742850906183E-4, 3.0230731062540857E-5, 40.74818870564057, 0.5786690617398023, -0.00984074462595936, -49.987, 150.532, 10491
0.0, 900.0, 10.578846847440785, -0.10910615560095543, 25.687459265856177, 3.6910861087858136, 0.00432985112774851, 1.9415493979257387E-6, 4.192904521602358E14, 0.6194925521802443, 0.12658944154938978, 0.0016555062223637396, 0.6817549315744391, 0.13864864306350919, 1.8309275199303334, 595.7378522173394, 1.8163253115204918E-5, 146.49692794087318, 5.558578610628731E-5, 5.233282572455474E-4, 3.037431086151766E-5, 40.74713058541401, 0.57745970772796, -0.009841209013568495, -49.987, 150.5323, 10491
0.0, 900.0, 11.175384567095572, -0.1152901800811447, 26.14779288005184, 3.6933637711563505, 0.004599719646227489, 1.944328321660657E-6, 4.381003863988688E14, 0.6198037384827778, 0.12666194732258623, 0.0017248555048118008, 0.687065108326989, -0.34973358876158855, 2.326856852658519, 606.7880075429496, 1.7832481962577027E-5, 146.4903548075166, 5.582482981155049E-5, 5.248272785653226E-4, 3.052598794470141E-5, 40.74601282441036, 0.5761822164437853, -0.009841699772222498, -49.987, 150.5327, 10491
0.0, 900.0, 11.805560853987677, -0.12182422008644193, 26.625441295388118, 3.6957683455028065, 0.004887820095365656, 1.9471881741357873E-6, 4.57565779067907E14, 0.6201233867347054, 0.12673650206429182, 0.0017962649932587726, 0.6828422916286916, 0.03023748370061542, 1.9545890076777368, 618.2746265463312, 1.7501179107527292E-5, 146.48341593916402, 5.607155264076837E-5, 5.263721964596339E-4, 3.068621901430733E-5, 40.744832062551836, 0.5748327523085357, -0.009842218409561265, -49.987, 150.533, 10491
0.0, 900.0, 12.47127257594037, -0.12872813693081053, 27.12088850460928, 3.6983068148736775, 0.005195535962999495, 1.950130118918529E-6, 4.776953626005946E14, 0.6204515767171161, 0.12681313077894873, 0.0018697670667988664, 0.6859656031284291, -0.2701457175585844, 2.2628249646094494, 630.2120732093737, 1.7169670146571154E-5, 146.47606891997654, 5.632610788224585E-5, 5.279638031174702E-4, 3.0855486538701894E-5, 40.743584750639975, 0.5734072642233854, -0.009842766521831116, -49.987, 150.5334, 10491
0.0, 900.0, 13.174523564534132, -0.13602292352900708, 27.634627427938188, 3.700986536554293, 0.005524371015519431, 1.9531553754521367E-6, 4.984975354984781E14, 0.6207883922230524, 0.12689185968013506, 0.0019453956384875848, 0.6844026089981965, -0.1304728134613975, 2.131146953129728, 642.6151894336159, 1.683827635464728E-5, 146.46833554933656, 5.6588688139615875E-5, 5.296030220839908E-4, 3.103430020345435E-5, 40.74226713973225, 0.5719014735047807, -0.009843345797298361, -49.987, 150.5338, 10491
0.0, 900.0, 13.917430646758003, -0.14373076935337897, 28.16716025201301, 3.70381526100548, 0.005875961167759883, 1.956265113373828E-6, 5.1998038305275475E14, 0.6211339092199654, 0.12697271343161676, 0.0020231835171363455, 0.6858287337662693, -0.2895718648387222, 2.298374508858995, 655.4993254270414, 1.6507309940484796E-5, 146.4601492288994, 5.685944329575807E-5, 5.312906372842761E-4, 3.1223198449970875E-5, 40.74087526992393, 0.5703108611492729, -0.009843958023602472, -49.987, 150.5343, 10491
0.0, 900.0, 14.702230016783776, -0.15187512905836423, 28.718998795156573, 3.706801151636481, 0.006252087648846015, 1.959460588662571E-6, 5.421517014588796E14, 0.6214882109417315, 0.12705571868226015, 0.0021031658141797693, 0.6849343519517092, -0.21495738799997618, 2.232012786137955, 668.8803725227375, 1.617707638594332E-5, 146.45150743845602, 5.7138565563626273E-5, 5.33027581426958E-4, 3.142275009841122E-5, 40.739404958502924, 0.568630654391665, -0.009844605091122794, -49.987, 150.5347, 10491
0.0, 900.0, 15.531283967042453, -0.16048079520972738, 29.290664898305522, 3.709952805434988, 0.006654691610217993, 1.9627430333298867E-6, 5.650190217478435E14, 0.621851375551086, 0.12714090118811516, 0.002185377188637344, 0.6855930109854691, -0.2967764598016214, 2.3221983091428964, 682.774798555999, 1.584787089429964E-5, 146.44236270716635, 5.7426227612382076E-5, 5.348147230906559E-4, 3.163355606024794E-5, 40.73785178744283, 0.5668558125181806, -0.009845289001775278, -49.9869, 150.5352, 10491
0.0, 900.0, 16.40708799886392, -0.16957397518051687, 29.8826908408245, 3.713279274476116, 0.007085890348816726, 1.9661137773524945E-6, 5.885896365178174E14, 0.6222234895681408, 0.12722828896877816, 0.0022698549038982496, 0.6857212810289499, -0.32878291406834664, 2.362673414805461, 697.1996859343234, 1.5519979443065343E-5, 146.43270969344138, 5.7722635635281796E-5, 5.366530568375092E-4, 3.1856251153146906E-5, 40.73621109019674, 0.5649810118931864, -0.009846011873873467, -49.9869, 150.5357, 10491
0.0, 900.0, 17.33227833408325, -0.17918237258168748, 30.49561978035044, 3.7167900883308715, 0.007547995338360424, 1.9695741318978236E-6, 6.128706265659966E14, 0.6226046348548032, 0.1273179092654433, 0.0023566359080902655, 0.6847891311778657, -0.25030183035683806, 2.2927503739953083, 712.1727725437194, 1.5193676454593803E-5, 146.42251973578703, 5.80279875984302E-5, 5.385435475622711E-4, 3.209150601339113E-5, 40.73447793775397, 0.563000630157402, -0.009846775950666147, -49.9869, 150.5362, 10491
0.0, 900.0, 18.309639850224052, -0.18933527340272907, 31.130006215753912, 3.72049527739309, 0.008043532276687863, 1.9731254667657327E-6, 6.37868888033502E14, 0.6229948970897367, 0.12740979053925014, 0.002445758778473084, 0.6766829109270658, 0.33970719288708423, 1.7113747918538489, 727.7124956448785, 1.4869224587539771E-5, 146.41176255649142, 5.834249074777876E-5, 5.404872039430485E-4, 3.234002911702054E-5, 40.73264712391882, 0.5609087295527262, -0.009847583606801312, -49.9869, 150.5368, 10491
0.0, 900.0, 19.34211446314421, -0.2000636372419857, 31.786416472267515, 3.7244053971419704, 0.008575263398712674, 1.976769254030851E-6, 6.635911590819085E14, 0.6233943704223992, 0.1275039635838353, 0.0025372648246293206, 0.6790518494682163, 0.1871302732660614, 1.872645400351346, 743.8380389240274, 1.4546873647395338E-5, 146.40038438938393, 5.86663548565227E-5, 5.424850715827502E-4, 3.26025689188619E-5, 40.730713149768185, 0.5586990393262083, -0.009848437356724154, -49.9869, 150.5373, 10491
0.0, 900.0, 20.432809982376273, -0.21140019378140967, 32.46542920781483, 3.728531553355137, 0.009146212322874717, 1.9805069485121667E-6, 6.900440464671302E14, 0.6238031442289265, 0.12760045841961873, 0.002631195094422556, 0.6789632324961479, 0.1812980451875475, 1.8872148934806248, 760.5693828756928, 1.4226861594124336E-5, 146.38837323039613, 5.89998143422673E-5, 5.445382622325045E-4, 3.287991610790809E-5, 40.728670207242764, 0.5563649371629573, -0.009849339862872807, -49.9869, 150.538, 10491
0.0, 900.0, 21.58500946581761, -0.22337954509500763, 33.16763593957574, 3.7328854282846184, 0.009759691741627245, 1.984340113356822E-6, 7.172340496404894E14, 0.6242213167637369, 0.1276993075253971, 0.0027275935338043067, 0.6761613941723984, 0.33804128779022846, 1.7392345243746599, 777.9273587081633, 1.390941267109319E-5, 146.37569338570736, 5.9343107294914636E-5, 5.466479294269864E-4, 3.317290599241806E-5, 40.726512161824935, 0.5538994295973305, -0.009850293945880391, -49.9869, 150.5386, 10491
0.0, 900.0, 22.80218110192848, -0.23603827385912396, 33.893641589843746, 3.737479307805192, 0.010419334298270244, 1.988270391032228E-6, 7.451675847999405E14, 0.624648991801748, 0.12780054506793492, 0.002826506268315515, 0.6851986981761278, -0.3718837672255234, 2.457928643017603, 795.9337059770855, 1.3594737153900967E-5, 146.36228537322842, 5.9696472906499326E-5, 5.488152528485375E-4, 3.348242102149811E-5, 40.72423253425158, 0.5512951313452148, -0.009851302593206582, -49.9869, 150.5393, 10491
0.0, 900.0, 24.087988649184023, -0.24941505791532237, 34.644065050266285, 3.742326109541226, 0.011129127044594747, 1.992299481796839E-6, 7.738510053698911E14, 0.6250862761324736, 0.12790420632808755, 0.002927981070135921, 0.6753332267538235, 0.3637355507871104, 1.7310635798697653, 814.6111341683811, 1.3283032187311423E-5, 146.34810936624518, 6.006017176053192E-5, 5.510414905001333E-4, 3.3809393443530334E-5, 40.72182448121072, 0.5485442435018149, -0.00985236896949664, -49.9869, 150.5401, 10491
0.0, 900.0, 25.44630246420355, -0.2635507916873697, 35.41953976360802, 3.7474394119743484, 0.011893449921428753, 1.9964291643566783E-6, 8.03290621122395E14, 0.6255332816459402, 0.12801032821356284, 0.0030320678865816963, 0.6801466150138961, 0.04937420674178852, 2.054141756630031, 833.9833884684574, 1.2974481711234383E-5, 146.33314506355362, 6.043448832956758E-5, 5.533279915609914E-4, 3.415480812420892E-5, 40.71928077496484, 0.5456385305430662, -0.009853496428353524, -49.9869, 150.5408, 10491
0.0, 900.0, 26.88121115175244, -0.2784887148178581, 36.220714322237995, 3.7528334845300417, 0.012717118753889247, 2.000661329383571E-6, 8.334927137840602E14, 0.6259901287638752, 0.12811895009704855, 0.003138819695698819, 0.6825715201564999, -0.16034179910460758, 2.272512930905775, 854.0753199774863, 1.266925549305137E-5, 146.3173480135338, 6.0819712200533325E-5, 5.55676152213379E-4, 3.451970551278945E-5, 40.716593781842974, 0.5425692960676569, -0.009854688524126376, -49.9869, 150.5416, 10491
0.0, 900.0, 28.39703387168382, -0.294274548318681, 37.048253082611545, 3.7585233186365423, 0.013605433337985041, 2.0049979424895467E-6, 8.64463549794626E14, 0.6264569422206385, 0.12823011283983676, 0.003248291584598023, 0.6826014427297101, -0.17596011189624933, 2.296698713524605, 874.9129606402962, 1.2367509252114047E-5, 146.30064949142005, 6.121613476869733E-5, 5.580873955428353E-4, 3.4905184786725694E-5, 40.71375543953955, 0.5393273572123451, -0.009855949023769878, -49.9869, 150.5425, 10491
0.0, 900.0, 29.998333339864708, -0.3109566388473913, 37.90283679509648, 3.764524659744162, 0.01456423124678728, 2.009441096718232E-6, 8.96209389531432E14, 0.6269338564986527, 0.12834386011186807, 0.0033605420861170243, 0.6793721100126795, 0.07605143708298559, 2.0531391306330162, 896.52360318909, 1.206938584493085E-5, 146.2829998982911, 6.162407690408907E-5, 5.605632660817826E-4, 3.5312407166760814E-5, 40.710757233154965, 0.5359030176711217, -0.009857281920282176, -49.9869, 150.5434, 10491
0.0, 900.0, 31.689929562220097, -0.3285861116333681, 38.785163248576616, 3.7708540402874013, 0.015599948078739208, 2.013992956481394E-6, 9.287364925060852E14, 0.6274210095575294, 0.12846023692669095, 0.0034756317763221523, 0.6749217629594283, 0.3436936007996047, 1.7938036604907226, 918.9358864127728, 1.1775015511473894E-5, 146.2643685992714, 6.204388464631042E-5, 5.631054005376764E-4, 3.5742599423708116E-5, 40.707590169909466, 0.5322860392441782, -0.009858691447783539, -49.9869, 150.5444, 10491
0.0, 900.0, 33.47691434323532, -0.3472170326346409, 39.695947929354105, 3.777528813565902, 0.016719684979043078, 2.0186558444783857E-6, 9.620511188209829E14, 0.6279185518948053, 0.12857929183495384, 0.0035936254850718052, 0.6824890627983698, -0.20068704873606644, 2.3463140801081908, 942.1798860890174, 1.1484514708395546E-5, 146.24467847719265, 6.247590336740624E-5, 5.657154800029273E-4, 3.6197057579912314E-5, 40.704244752458465, 0.5284656118402506, -0.009860182096859096, -49.9869, 150.5454, 10491
0.0, 900.0, 35.36466661258814, -0.3669065801903736, 40.63592469396253, 3.7845671885134258, 0.017931284350220157, 2.0234321869036906E-6, 9.961595267166954E14, 0.6284266403778165, 0.12870107548781984, 0.0037145909273215705, 0.6837295978788068, -0.32952435037056405, 2.4830705101417934, 966.2872119373284, 1.119798847441826E-5, 146.2238928146465, 6.292051911746767E-5, 5.683953311212227E-4, 3.667715082651199E-5, 40.700710950733146, 0.5244303218505988, -0.009861758629878734, -49.9869, 150.5465, 10491
0.0, 900.0, 37.35886861604456, -0.3877152272509789, 41.60584645559442, 3.791988265316621, 0.019243414815108772, 2.0283245373150582E-6, 1.0310679652595085E15, 0.6289454405004404, 0.1288256412119069, 0.0038385993225930892, 0.6832290311145633, -0.2902595566270154, 2.4514783870827657, 991.2911109741873, 1.0915528861415796E-5, 146.20192808035114, 6.337811525966809E-5, 5.711468101167808E-4, 3.718432565392649E-5, 40.696978172227496, 0.520168118811482, -0.009863426099994181, -49.9868, 150.5476, 10491
0.0, 900.0, 39.465523019354066, -0.4097069343491724, 42.60648588393832, 3.79981207183738, 0.020665666624389987, 2.0333355810274336E-6, 1.0667826624138755E15, 0.6294751265269084, 0.12895304508295513, 0.003965725523610214, 0.6835186821798132, -0.3297653337638232, 2.4983724012001645, 1017.2265776748211, 1.0637216894951277E-5, 146.17871902018703, 6.38491081493302E-5, 5.739719051224024E-4, 3.772011022364261E-5, 40.69303523064688, 0.5156662802648904, -0.009865189868473168, -49.9868, 150.5488, 10490
0.0, 900.0, 41.69097097662782, -0.43294935448142235, 43.63863611831077, 3.8080596007840706, 0.02220865887659833, 2.0384681713960733E-6, 1.1033098089477965E15, 0.6300158849695211, 0.1290833468059691, 0.004096048955979703, 0.675973434019958, 0.25128017296099486, 1.924390550339833, 1044.130471370186, 1.0363122564712896E-5, 146.15419669961636, 6.433393974434856E-5, 5.768727258520748E-4, 3.8286118985322624E-5, 40.68887031283152, 0.5109113747269212, -0.009867055625896503, -49.9868, 150.5501, 10490
0.0, 900.0, 44.04191121758688, -0.4575140502631625, 44.70311149405648, 3.816752847567918, 0.02388416009262132, 2.0437252490012003E-6, 1.1406555374999788E15, 0.6305679057021062, 0.12921660761930753, 0.004229651585952426, 0.6827650548358647, -0.2705404435548109, 2.4529077590665658, 1072.0416413323164, 1.0093305836193168E-5, 146.12831003656666, 6.48330827212804E-5, 5.79851493464384E-4, 3.888405755019017E-5, 40.68447094386107, 0.5058892226648961, -0.009869029413337517, -49.9868, 150.5514, 10490
0.0, 900.0, 46.5254202111341, -0.48347672457628205, 45.800748282274945, 3.825914848771307, 0.025705223913892745, 2.0491099808117995E-6, 1.178825896843452E15, 0.6311313962139607, 0.12935289377914153, 0.004366621475663163, 0.6816080026421041, -0.17103757261731561, 2.3596897472561804, 1101.0010600262012, 9.827815215513753E-6, 146.1009386149737, 6.534700647739395E-5, 5.82910487131679E-4, 3.9515727851206305E-5, 40.67982395024394, 0.5005848553837695, -0.009871117645813462, -49.9868, 150.5528, 10490
0.0, 900.0, 49.148973465943236, -0.5109174648298122, 46.93240544301344, 3.8355697211448607, 0.027686341926397188, 2.054625643216083E-6, 1.2178268212588478E15, 0.6317065688856339, 0.12949227354184778, 0.00450704983389022, 0.6799572866669814, -0.036842083140308214, 2.231320348542717, 1131.0519650317513, 9.566691779932398E-6, 146.07204464119928, 6.587625090074784E-5, 5.860522151193853E-4, 4.018303358327621E-5, 40.674915421089395, 0.49498247171480125, -0.009873327135590098, -49.9868, 150.5543, 10490
0.0, 900.0, 51.920468032181354, -0.5399210029171067, 48.098965392143505, 3.8457427010398817, 0.029843615910345577, 2.0602756932583275E-6, 1.2576640953508318E15, 0.6322936480276451, 0.1296348189168205, 0.004651032849375458, 0.681433817355554, -0.16183183292599654, 2.3616281074769314, 1162.2400101651458, 9.309966255322614E-6, 146.04152051816232, 6.642134986501022E-5, 5.892792221324422E-4, 4.088798596260841E-5, 40.669730667154774, 0.48906539239745106, -0.00987566512127511, -49.9868, 150.5559, 10490
0.0, 900.0, 54.84824627209599, -0.5705769905648868, 49.30133478221161, 3.856460184172164, 0.0321949521140798, 2.0660637571626034E-6, 1.2983433146738962E15, 0.6328928681982464, 0.1297806053182666, 0.004798671423842632, 0.6783351737012402, 0.08075679681836148, 2.1237978176212566, 1194.6134263548222, 9.057661097948521E-6, 146.00925382206182, 6.698286686061425E-5, 5.925941856281062E-4, 4.163270980301354E-5, 40.66425417765624, 0.48281601203829805, -0.00987813929378045, -49.9868, 150.5576, 10490
0.0, 900.0, 57.94112097101798, -0.602980291991372, 50.5404452976232, 3.867749765602472, 0.03476028055331451, 2.071993635280509E-6, 1.3398698405081915E15, 0.6335044742213592, 0.12992971163017564, 0.004950071323406802, 0.6777730670736891, 0.11908717184438602, 2.0896123051140263, 1228.2231928535507, 8.809792535210517E-6, 145.97519218487636, 6.75614340450406E-5, 5.960000249212312E-4, 4.2419449944369484E-5, 40.65846957472426, 0.476215748527419, -0.00988075782801178, -49.9867, 150.5593, 10490
0.0, 900.0, 61.20840186436553, -0.637231295122013, 51.81725446458373, 3.8796402798081835, 0.03756180272850718, 2.0780693093802915E-6, 1.3822487517399135E15, 0.6341287214163271, 0.13008222032639513, 0.005105343391039047, 0.6832787609617625, -0.3404842264403822, 2.5526591490727504, 1263.1232193943495, 8.566367658615182E-6, 145.9391909391789, 6.815766731335639E-5, 5.994996680678307E-4, 4.3250578039511514E-5, 40.65235956538146, 0.4692449897889004, -0.009883529416829274, -49.9867, 150.5612, 10490
0.0, 900.0, 64.65992366049736, -0.6734362414278436, 53.132746476280246, 3.8921618407098966, 0.04062427167331091, 2.0842949137978574E-6, 1.4254847911446875E15, 0.6347658721015661, 0.1302382166816033, 0.005264602835661186, 0.6805325193657656, -0.08918898895468033, 2.3041119833208135, 1299.3705399243934, 8.327388958676975E-6, 145.90118657487398, 6.877226436908263E-5, 6.030963137851818E-4, 4.4128599729035105E-5, 40.6459058909126, 0.4618830377329255, -0.009886463303836605, -49.9867, 150.5632, 10490
0.0, 900.0, 68.30607564376545, -0.7117075775667399, 54.48793303384213, 3.905345881506347, 0.043975308795723436, 2.0906748217088024E-6, 1.4695823084322858E15, 0.6354162038625653, 0.13039779086438072, 0.0054279714666060075, 0.6814282139668311, -0.1598504678872686, 2.3767344008970213, 1337.025518577522, 8.092850406612806E-6, 145.86100099348855, 6.940590105798764E-5, 6.067931722157898E-4, 4.505616222144341E-5, 40.639089273491365, 0.45410804927786197, -0.009889569324268748, -49.9867, 150.5652, 10490
0.0, 900.0, 72.15783294687422, -0.752164328000179, 55.88385420367143, 3.9192251941609575, 0.04764576261720375, 2.097213585410935E-6, 1.5145451991090585E15, 0.6360800027972949, 0.13056103636255764, 0.005595576197782309, 0.6785412802340962, 0.07491054054545271, 2.1430858257904406, 1376.1520685723976, 7.86274344802878E-6, 145.8185799588029, 7.005936673173333E-5, 6.105938178918641E-4, 4.603606230256774E-5, 40.631889359921864, 0.4458969742987553, -0.009892857942582569, -49.9867, 150.5674, 10490
0.0, 900.0, 76.2267895866778, -0.7949324926730341, 57.321579291779706, 3.933833968373972, 0.0516701152928331, 2.103915924933715E-6, 1.5603768396873665E15, 0.6367575617651816, 0.13072804962519377, 0.005767548783728843, 0.679459562497177, 0.011653210379511484, 2.206544400977896, 1416.8178847498416, 7.637052047841167E-6, 145.7737539773954, 7.073342401251184E-5, 6.145018015481446E-4, 4.707125480170763E-5, 40.62428466234697, 0.4372254903612758, -0.009896340300419535, -49.9867, 150.5697, 10490
0.0, 900.0, 80.5251933628552, -0.8401454686179687, 58.80220773581273, 3.949207829865603, 0.05608694360768822, 2.110786748788578E-6, 1.6070800198892188E15, 0.637449181875847, 0.13089893050373605, 0.005944026380110573, 0.6795973707022614, 0.010055613129133738, 2.20736844401126, 1459.0946904893374, 7.415756690097075E-6, 145.7263898481841, 7.142890190340596E-5, 6.185209111802072E-4, 4.81648615314814E-5, 40.616252495767554, 0.42806793408606536, -0.009900028259940906, -49.9867, 150.5722, 10490
0.0, 900.0, 85.06598272451036, -0.8879444998021399, 60.326870015483735, 3.9653838777882346, 0.06093944220932583, 2.1178312291201245E-6, 1.654656871563273E15, 0.6381551793454433, 0.13107378403335126, 0.006125153507238523, 0.68273632479932, -0.2466275044214103, 2.4622391026490282, 1503.0584997711944, 7.198834339147688E-6, 145.67636851775325, 7.214669298250665E-5, 6.226551864305413E-4, 4.9320180741551454E-5, 40.607768912211135, 0.4183972289925437, -0.009903934457346776, -49.9866, 150.5748, 10490
0.0, 900.0, 89.86282571566767, -0.9384791555624776, 61.896728582173466, 3.9824007210796895, 0.06627601793118866, 2.1250546537341988E-6, 1.7031087955633665E15, 0.6388758699184856, 0.13125271666707497, 0.006311078280123422, 0.6780811830584986, 0.14293666995273768, 2.0697595345624658, 1548.7898951774898, 6.986257414901259E-6, 145.62351961620556, 7.288770034167632E-5, 6.269087284969211E-4, 5.054069710162035E-5, 40.59880863138011, 0.40818480965833404, -0.009908072357428402, -49.9866, 150.5775, 10490
0.0, 900.0, 94.93016111689131, -0.991907840036936, 63.51297880848917, 4.000298513565222, 0.07215096540867062, 2.1324625766293913E-6, 1.7524363862210268E15, 0.6396115832470828, 0.13143583992299085, 0.006501956310036389, 0.6794051095324654, 0.05968923679552365, 2.1489253052484685, 1596.3743226517015, 6.777996214848127E-6, 145.56770771300796, 7.365290797411414E-5, 6.312859368350189E-4, 5.183009225620697E-5, 40.589344967603004, 0.39740054202941355, -0.009912456311661157, -49.9866, 150.5804, 10490
0.0, 900.0, 100.28324190686716, -1.0483983353622017, 65.1768499586069, 4.019118987613466, 0.07862523577745105, 2.140060711615546E-6, 1.8026393543306828E15, 0.6403626515003483, 0.13162326765114718, 0.006697948000559506, 0.6826191627178357, -0.18622839350356715, 2.389533171371152, 1645.9024038641037, 6.574016849101755E-6, 145.50872351162664, 7.444330435934032E-5, 6.357912697399121E-4, 5.319225596900704E-5, 40.57934975290546, 0.38601263971213173, -0.00991710162346203, -49.9866, 150.5834, 10490
0.0, 900.0, 105.93818117476894, -1.1081283798850072, 66.8896061802507, 4.038905486151373, 0.08576731191201549, 2.1478549885258584E-6, 1.8537164490117165E15, 0.641129414206064, 0.1318151173282914, 0.006899220026828801, 0.6790896811628996, 0.1178565567619075, 2.0788509024161983, 1697.4702670576569, 6.374284605932885E-6, 145.44641331336908, 7.525997176900856E-5, 6.404295011926552E-4, 5.4631297907313136E-5, 40.56879325600766, 0.37398757606802, -0.009922024615169583, -49.9866, 150.5866, 10490
0.0, 900.0, 111.91200062160786, -1.1712862858466107, 68.6525475191911, 4.0597029928455335, 0.09365420589992098, 2.1558515143002665E-6, 1.905665379333669E15, 0.6419122136233804, 0.1320115089976796, 0.007105944363638067, 0.68267622005629, -0.1452671546694491, 2.334033739626152, 1751.1798972775493, 6.178762309790455E-6, 145.3805918259352, 7.610403028844658E-5, 6.45205557460582E-4, 5.615156008607054E-5, 40.55764409705003, 0.3612899919356223, -0.009927242704439055, -49.9865, 150.59, 10490
0.0, 900.0, 118.22268179655741, -1.2380715977331265, 70.46701095717103, 4.081558160262383, 0.10237259664675807, 2.1640566108104247E-6, 1.9584827356001052E15, 0.6427113976644985, 0.13221256609674054, 0.007318299293908287, 0.6774915404669991, 0.2627934890562624, 1.916637280775214, 1807.1395069170244, 5.987411158650443E-6, 145.31106326129984, 7.697665763259374E-5, 6.501245814396613E-4, 5.775763001934918E-5, 40.545869157839405, 0.347882598792133, -0.009932774482843064, -49.9865, 150.5936, 10490
0.0, 900.0, 124.88922022247789, -1.3086957950246418, 72.33437147419389, 4.1045193358280105, 0.11202012845795997, 2.172476758672667E-6, 2.012163911860743E15, 0.6435273135986957, 0.13241841397314771, 0.0075364679862242046, 0.6815271081464666, 0.006762628362321247, 2.1618920338564713, 1865.4639275429874, 5.800191030071702E-6, 145.23762073429629, 7.787908567084073E-5, 6.551919047486506E-4, 5.9454354615628986E-5, 40.533433487399726, 0.3337260771667192, -0.009938639802620866, -49.9865, 150.5974, 10490
0.0, 900.0, 131.93168257356152, -1.383383042924673, 74.25604313613294, 4.128636585419764, 0.12270689455587186, 2.181118648326152E-6, 2.0667030292425005E15, 0.6443603122199408, 0.13262918103001337, 0.0077606398460301484, 0.6813491579099638, 0.050793686775993004, 2.105606730508653, 1926.2750239975894, 5.6170602713387805E-6, 145.16002402855017, 7.881259384570921E-5, 6.604130460041834E-4, 6.124685485479924E-5, 40.520300202605, 0.318778970114439, -0.009944859869899101, -49.9865, 150.6014, 10490
0.0, 900.0, 139.37126707720626, -1.4623709939776632, 76.23348020864627, 4.153961714436825, 0.13455713325775015, 2.1899891060536094E-6, 2.1220928621107105E15, 0.6452107398840183, 0.13284499681128764, 0.00799100862571206, 0.6826948096131653, -0.022845585154428125, 2.165485086290866, 1989.7021318069358, 5.437976943554809E-6, 145.07804215159481, 7.977853260454904E-5, 6.657937479434355E-4, 6.314054129862373E-5, 40.50643038366241, 0.30299757155385443, -0.00995145734493235, -49.9865, 150.6056, 10489
0.0, 900.0, 147.23036732193168, -1.5459116459216353, 78.26817829840618, 4.180548286215521, 0.14771116896074304, 2.199095150773649E-6, 2.178324766113743E15, 0.6460789431960383, 0.1330659932805515, 0.00822777392261101, 0.6797949350366008, 0.228266827900898, 1.8990876686318428, 2055.882518965918, 5.262898540942257E-6, 144.99143098969964, 8.077831824342058E-5, 6.713399805970609E-4, 6.514113046994907E-5, 40.49178296420682, 0.28633580927159086, -0.009958456451410497, -49.9864, 150.61, 10489
0.0, 900.0, 155.53263966340234, -1.6342722589078869, 80.36167552267793, 4.208451637677493, 0.1623276349791928, 2.2084439362110095E-6, 2.2353886105062415E15, 0.6469652626690128, 0.13329230330537592, 0.008471139700875763, 0.684596486718239, -0.10295917765533896, 2.2135004221204686, 2124.961873209402, 5.091782187125944E-6, 144.8999325490084, 8.181342958300832E-5, 6.770579127135697E-4, 6.725466215936544E-5, 40.47631461575937, 0.2687451223919344, -0.009965883093265997, -49.9864, 150.6148, 10489
0.0, 900.0, 164.3030744314547, -1.7277363374851107, 82.51555370830815, 4.237728892124817, 0.1785860213686583, 2.218042778932615E-6, 2.2932727141404905E15, 0.6478700346285989, 0.13352406123119084, 0.008721315040667421, 0.6837604976890498, 0.018377597238528807, 2.073833416052425, 2197.0948159254053, 4.9245848042935695E-6, 144.80327415033133, 8.28854141192423E-5, 6.829539354662211E-4, 6.948751770406681E-5, 40.45997962629578, 0.2501743331095634, -0.00997376498110938, -49.9864, 150.6197, 10489
0.0, 900.0, 173.56807115246514, -1.8266046818868087, 84.73143962121203, 4.268438969125955, 0.1966895975302691, 2.2278990549736077E-6, 2.351963787046608E15, 0.648793580741062, 0.13376140028230107, 0.008978511460043831, 0.6857474983059919, -0.1052491323372541, 2.1776421882952555, 2272.4454439161136, 4.761263255653054E-6, 144.70116757433752, 8.399587964825632E-5, 6.890346056164992E-4, 7.184643928986765E-5, 40.44272977266225, 0.23056951248146085, -0.009982131768633173, -49.9864, 150.625, 10489
0.0, 900.0, 183.35551801348282, -1.931196515736395, 87.01100622747774, 4.300642591469587, 0.21686876748711378, 2.2380203575963485E-6, 2.4114468765758505E15, 0.6497362221332366, 0.1340044562640662, 0.009242947042125471, 0.687706252695195, -0.2402610358307746, 2.291397807485225, 2351.1879002684145, 4.601773973871565E-6, 144.59328664078734, 8.514649947501708E-5, 6.953067092247675E-4, 7.433855034013556E-5, 40.42451418656987, 0.20987384007596965, -0.009991015199731366, -49.9864, 150.6305, 10489
0.0, 900.0, 193.6948758073189, -2.041850693669751, 89.35597398723883, 4.334402289199831, 0.23938492489855434, 2.2484142378556166E-6, 2.471705321127999E15, 0.6506982544767084, 0.13425336122439838, 0.009514839670692832, 0.6848453549113066, 0.09373355826256387, 1.9347812199523473, 2433.5069756579037, 4.446074044443831E-6, 144.47930931978556, 8.633901737901102E-5, 7.017771876198865E-4, 7.697137704247601E-5, 40.40527921389217, 0.1880274572723053, -0.010000449266746316, -49.9863, 150.6364, 10489
0.0, 900.0, 204.61726661127196, -2.158926999758082, 91.76811218250133, 4.369782400785782, 0.26453488590871377, 2.259088438765322E-6, 2.532720710033601E15, 0.6516799692305096, 0.13450824898931438, 0.009794413149434383, 0.6893957316210817, -0.276773417903258, 2.281398406926952, 2519.598741479807, 4.294120767470572E-6, 144.35889514754527, 8.757526247122812E-5, 7.084532500600729E-4, 7.975287107597297E-5, 40.384968266983286, 0.16496731401372244, -0.010010470382143125, -49.9863, 150.6425, 10489
0.0, 900.0, 216.15556746641786, -2.2828075401207824, 94.24924028015172, 4.406849071520075, 0.292655990223702, 2.27005063368689E-6, 2.594472851203511E15, 0.6526816289127795, 0.134769248815317, 0.01008189035498433, 0.6874693905828795, 0.0019800148639494814, 1.9776136780156972, 2609.6712162778913, 4.145871700615728E-6, 144.23168413444543, 8.885712269710009E-5, 7.153422175463908E-4, 8.269143360587748E-5, 40.36352166973044, 0.1406270088095778, -0.010021117562243456, -49.9863, 150.6491, 10489
0.0, 900.0, 228.34450933944416, -2.4138982411181598, 96.80122933141723, 4.445670249284928, 0.32413197587660325, 2.2813086028238786E-6, 2.6569397471407955E15, 0.6537034829580861, 0.1350364895363585, 0.010377497846457778, 0.6857118641106325, 0.21629844940206763, 1.7372790904539133, 2703.945067029001, 4.001284192389049E-6, 144.09727416274302, 9.018655200549774E-5, 7.22451597748666E-4, 8.57959406064396E-5, 40.34087649504851, 0.11493662179440367, -0.010032432625382746, -49.9863, 150.6559, 10488
0.0, 900.0, 241.22078166490996, -2.552630459458178, 99.42600340910056, 4.486315677869107, 0.35939975012746506, 2.2928700783150338E-6, 2.720097579482406E15, 0.6547457531777479, 0.13531009580607112, 0.010681461788762198, 0.6905785418423758, -0.14259716529279734, 2.0693631872545337, 2802.6543469371577, 3.860316861600882E-6, 143.95528410594173, 9.156560552501078E-5, 7.297891190390477E-4, 8.907576958405527E-5, 40.31696639452096, 0.08782254064757922, -0.01004446040463702, -49.9863, 150.6632, 10488
0.0, 900.0, 254.82314278260984, -2.69946271725338, 102.12554108397083, 4.528856888064747, 0.39895719906103116, 2.3047427368638243E-6, 2.7839207028012055E15, 0.655808632978809, 0.1355901878844909, 0.010994007728045568, 0.6921653797554617, -0.2229962485989439, 2.1223795051333707, 2906.0472714980615, 3.7229271064947425E-6, 143.8052453156629, 9.299635847111648E-5, 7.373625220611453E-4, 9.254082777130215E-5, 40.291721419889804, 0.05920727919159807, -0.010057248977879765, -49.9863, 150.6709, 10488
0.0, 900.0, 269.19253660246443, -2.8548825688815165, 104.90187694176062, 4.5733671868181744, 0.44337220185068926, 2.316934208022522E-6, 2.848381648095238E15, 0.6568922880328658, 0.135876881799202, 0.01131536077507661, 0.6925411555334203, -0.16347921938931517, 2.035168435073642, 3014.3870347129655, 3.5890740441272806E-6, 143.6467287820983, 9.448101162051399E-5, 7.451798231075838E-4, 9.620158186493291E-5, 40.26506783609399, 0.029009288481632645, -0.010070849911627997, -49.9863, 150.679, 10488
0.0, 900.0, 284.3722158481064, -3.0194086172195784, 107.75710314229939, 4.619921644752951, 0.49329304317497424, 2.3294519982367974E-6, 2.9134511356327355E15, 0.6579968495443971, 0.13617028753532173, 0.0116457435620137, 0.6943394173020127, -0.2796748791757772, 2.1236553534754314, 3127.952667461018, 3.458715968668076E-6, 143.47923653850123, 9.602180072394048E-5, 7.532490593649832E-4, 1.0006908938402665E-4, 40.236927925558874, -0.002857239778750742, -0.01008531852658521, -49.9862, 150.6875, 10488
0.0, 900.0, 300.4078722501316, -3.193592686466743, 110.69337102240922, 4.668597082425426, 0.5494604490927575, 2.3423034485049513E-6, 2.9790980985903055E15, 0.6591224107916281, 0.13647050804941932, 0.01198537506882541, 0.6936524142705611, -0.06707702739619663, 1.8836670452837605, 3247.03994018179, 3.3318117822428517E-6, 143.30226425496048, 9.762104590410545E-5, 7.615783936948168E-4, 1.0415503172416229E-4, 40.20721978343802, -0.03648257767115215, -0.010100714177561027, -49.9862, 150.6966, 10488
0.0, 900.0, 317.3477740809056, -3.378022171609981, 113.71289274430143, 4.719472055712135, 0.6127215092226148, 2.355495744177786E-6, 3.045289716587273E15, 0.6602690284027971, 0.13677763952151897, 0.01233447081779318, 0.693325087836317, 0.08594407525519492, 1.7039418156834354, 3371.962312175405, 3.208320411978801E-6, 143.11527808508097, 9.928113903351674E-5, 7.701760825737777E-4, 1.0847174898993058E-4, 40.175857103515284, -0.07196167349508054, -0.010117100555578368, -49.9863, 150.7061, 10488
0.0, 900.0, 335.24291144491264, -3.5733225768173558, 116.81794299134802, 4.772626840763689, 0.6840457918158095, 2.3690357761769743E-6, 3.1119914597279415E15, 0.6614367108866794, 0.13709176816823754, 0.012693239126759737, 0.6949241006350934, 0.01865995357436494, 1.7456089511038904, 3503.051929996764, 3.0882002360873807E-6, 142.9176915384319, 1.0100451052572709E-4, 7.79050343597776E-4, 1.130322766838832E-4, 40.14274895448038, -0.10939437235413374, -0.01013454600835468, -49.9863, 150.7162, 10487
0.0, 900.0, 354.1471497619802, -3.7801602619904, 120.01086071326607, 4.8281434189904, 0.7645440094412186, 2.3829301594023274E-6, 3.179167143070927E15, 0.6626254211883689, 0.13741297075944217, 0.013061881502875433, 0.6970919599373082, -0.14686521820655263, 1.8870337744497092, 3640.660677603251, 2.9714094949912636E-6, 142.70888486395327, 1.0279365139618411E-4, 7.882094118395068E-4, 1.1785038433174616E-4, 40.10779954630002, -0.14888564503443913, -0.010153123881156315, -49.9863, 150.7268, 10487
0.0, 900.0, 374.1173919053724, -3.9992454184432793, 123.29405092295013, 4.886105462570036, 0.8554896529873801, 2.3971852043634523E-6, 3.2467789912220905E15, 0.6638350752904078, 0.13774131406010356, 0.013440591793064283, 0.6978450959565247, -0.12632206645272037, 1.8443595055781254, 3785.1612811121067, 2.857907165644496E-6, 142.48824530806252, 1.0465115061472409E-4, 7.976616144569228E-4, 1.229406161291144E-4, 40.07090798641852, -0.19054582530677777, -0.010172912879066933, -49.9863, 150.738, 10487
0.0, 900.0, 395.2137494827975, -4.23133529568467, 126.66998654742964, 4.946598320987181, 0.9583440816277805, 2.411806793344939E-6, 3.3147877134761875E15, 0.6650655330062722, 0.1380768521097302, 0.013829552783948595, 0.6978829088153397, -0.005625586234294195, 1.7039695991486128, 3936.948471234627, 2.747650389631827E-6, 142.25505862882764, 1.065795856046209E-4, 8.074150597086184E-4, 1.2831833368470794E-4, 40.03196802553769, -0.23449085577740014, -0.010193997450338766, -49.9863, 150.7498, 10487
0.0, 900.0, 417.49972377589546, -4.47723769706949, 130.14121033572204, 5.0097090091260466, 1.0747856385205279, 2.4268002937428846E-6, 3.383152588267942E15, 0.6663165924691415, 0.13841962442507427, 0.014228933763485135, 0.6988977189368568, -0.049305229264807036, 1.7308685673888657, 4096.440206679486, 2.6405973479718957E-6, 142.00863387993752, 1.0858162698923917E-4, 8.174778516088833E-4, 1.3399976094293154E-4, 39.990867792744304, -0.28084254241651685, -0.010216468187518686, -49.9864, 150.7623, 10486
0.0, 900.0, 441.0423968828444, -4.737814784151434, 133.71033682671532, 5.075526197443957, 1.2067434580090355, 2.442170652075467E-6, 3.451831557902188E15, 0.6675879999647963, 0.13876965836805824, 0.014638892883908766, 0.697522844777911, 0.23215351523002686, 1.4360121397787804, 4264.078962056938, 2.5367046719951734E-6, 141.74819468966908, 1.1065995463108206E-4, 8.278579175158838E-4, 1.4000203135620023E-4, 39.94748951977636, -0.3297288178671125, -0.010240422252385549, -49.9865, 150.7755, 10486
0.0, 900.0, 465.91263363943585, -5.013987203328663, 137.3800543806585, 5.1441402047507525, 1.3564367424115145, 2.4579221346625448E-6, 3.520781331676319E15, 0.6688794306040335, 0.13912696347778758, 0.01505957009994785, 0.7000792109053485, -0.05382665367754662, 1.7124300787809514, 4440.333084069376, 2.4359278736209883E-6, 141.47289773370713, 1.1281723983423792E-4, 8.385628701047487E-4, 1.463432373803253E-4, 39.90170925424789, -0.3812840136754354, -0.010265963815109778, -49.9865, 150.7894, 10486
0.0, 900.0, 492.1852949264137, -5.30673857634696, 141.15312727838997, 5.215642994110076, 1.5264204182062548, 2.474058329481604E-6, 3.589957498384632E15, 0.6701904913494815, 0.1394915318452043, 0.015491087040341217, 0.6999890356050472, 0.025148927337778054, 1.6281472699372164, 4625.698220042036, 2.338223707913747E-6, 141.1819347789493, 1.1505624829258468E-4, 8.496002413103878E-4, 1.5304248235686118E-4, 39.8533965616853, -0.4356491415609458, -0.010293204512117595, -49.9866, 150.8041, 10486
0.0, 900.0, 519.9394630051444, -5.617120396120241, 145.0323978931166, 5.290128172361979, 1.7196382352907877, 2.490582111129267E-6, 3.6593146464097995E15, 0.6715207211766483, 0.13986333767419087, 0.015933545891078316, 0.7008067480478091, -0.08435026760731296, 1.736964278297845, 4820.698886606797, 2.2435456074389098E-6, 140.87433965565845, 1.1737964574324439E-4, 8.609770109193611E-4, 1.6226234201784583E-4, 39.802414216264864, -0.4929721838668244, -0.010322263919107998, -49.9867, 150.8196, 10485
0.0, 900.0, 549.2586795598918, -5.946257347175091, 149.02078894040432, 5.367690993742799, 1.9394845537101892, 2.5074954923345237E-6, 3.728806489410658E15, 0.6728695824777898, 0.14024233434049593, 0.01638702522856844, 0.6995037340165681, 0.13283143436619713, 1.5240282089726953, 5025.890173040234, 2.1518475629226834E-6, 140.54915286532704, 1.1979014059030198E-4, 8.726998781862158E-4, 1.794899529992513E-4, 39.74861788019091, -0.5534083933858085, -0.010353270028538987, -49.9869, 150.8359, 10485
0.0, 900.0, 580.2311971632184, -6.2953531170713, 153.12130581309677, 5.448428368048381, 2.1898762729948955, 2.5247995518930613E-6, 3.798385823969611E15, 0.6742364592338325, 0.14062845325129042, 0.016851577877155882, 0.7005641331824558, -0.06893678447478568, 1.7351869434512985, 5241.858866767612, 2.0630827896041335E-6, 140.20535409548424, 1.222904072465805E-4, 8.847750498170397E-4, 1.9751604317708223E-4, 39.691855771701064, -0.617120602747808, -0.010386359738363033, -49.987, 150.8531, 10485
0.0, 900.0, 612.9502449214388, -6.665696731163098, 157.33703900919622, 5.53243887375096, 2.4753366070750134, 2.542494309357811E-6, 3.868005132472844E15, 0.6756206514557029, 0.14102160158137622, 0.017327227323499284, 0.7004392763306473, -0.11115624451963743, 1.7920547434555838, 5469.225775369502, 1.9772024410547405E-6, 139.8418159731688, 1.2488301537228152E-4, 8.972080268095014E-4, 2.1638268107731622E-4, 39.63196832174914, -0.6842795436557747, -0.01042167933471521, -49.9872, 150.8713, 10484
0.0, 900.0, 647.5143090997319, -7.058669462646481, 161.67116666238465, 5.6198227764392525, 2.8010926967059477, 2.5605786143321083E-6, 3.9376163168320785E15, 0.6770213714044251, 0.14142166041962587, 0.017813964504192786, 0.6995547640182201, -0.04188481798828153, 1.7426807978557537, 5708.647419275852, 1.8941576486136643E-6, 139.45738253159087, 1.2757049481074202E-4, 9.100037038047068E-4, 2.3613476937721397E-4, 39.56878781948422, -0.755064176315114, -0.01045938496475207, -49.9874, 150.8905, 10484
0.0, 900.0, 684.0274295716143, -7.475752384730138, 166.12695718692245, 5.71068205290638, 3.173189390387245, 2.5790500427804352E-6, 4.007170969040524E15, 0.6784377409258981, 0.1418284831494316, 0.018311744767875032, 0.6976701600826719, 0.12497053131846729, 1.6008262152458939, 5960.818032974237, 1.8138979920945156E-6, 139.05080096218123, 1.303552421480377E-4, 9.231661116542131E-4, 2.571413400541142E-4, 39.50213804671991, -0.8296620294963688, -0.010499643091001525, -49.9877, 150.9107, 10483
0.0, 900.0, 722.5995129851, -7.9185346151295, 170.7077720512371, 5.805120421162148, 3.5986219209838795, 2.5979048092046822E-6, 4.076620521584009E15, 0.679868790517747, 0.1422418942514272, 0.018820485254847336, 0.6971460837124516, 0.08390566231971523, 1.671699688261316, 6226.471703898628, 1.7363715023516059E-6, 138.62071568831965, 1.3323949232384817E-4, 9.366983156254909E-4, 2.802630264507724E-4, 39.431833901679845, -0.9082695518285435, -0.010542630908979325, -49.9879, 150.932, 10483
0.0, 900.0, 763.3466635881991, -8.38872231978225, 175.41706869774808, 5.903243376595944, 4.085490669473093, 2.617137540220221E-6, 4.145916326631723E15, 0.6813134484812371, 0.1426616851523835, 0.0193400585250951, 0.6975686296595323, -0.09859395956284801, 1.8883623465010089, 6506.384162540216, 1.6615267503727592E-6, 138.16574403508844, 1.3622536694548554E-4, 9.50602428034871E-4, 3.0339827852583957E-4, 39.35768101240347, -0.991092475082521, -0.010588536715644022, -49.9883, 150.9545, 10482
0.0, 900.0, 806.3915327095585, -8.888148557793794, 180.258403630525, 6.0051582344652, 4.643181748834801, 2.6367411198645643E-6, 4.215010057766105E15, 0.6827705364505476, 0.14308761177484017, 0.01987028809843941, 0.69649791449033, -0.07903845898455616, 1.906710107670214, 6801.375558296528, 1.5893092597473285E-6, 137.68432410097427, 1.3931465922540417E-4, 9.648790686234216E-4, 3.2653691300233795E-4, 39.27947534030594, -1.0783461904174385, -0.010637560209111612, -49.9887, 150.9782, 10482
0.0, 900.0, 851.8636879462005, -9.41752526414014, 185.2354336307812, 6.110974178832978, 5.280396791749337, 2.656706531759766E-6, 4.283853620113029E15, 0.6842387654034675, 0.14351939212030265, 0.02041094389822337, 0.6965253049210505, -0.21859608640456166, 2.087139972212871, 7112.312762623331, 1.5196650826725181E-6, 137.20455594318108, 1.4250907481307593E-4, 9.795275748025868E-4, 3.4970797070078683E-4, 39.19894540353051, -1.1738760266155706, -0.010662230813295667, -49.9891, 151.0032, 10481
0.0, 900.0, 899.9000031696388, -9.969482743842919, 190.35190787339792, 6.220802318027847, 5.99491345841191, 2.677040704077032E-6, 4.352399197369596E15, 0.6857180349332402, 0.14395709055741204, 0.02096222604229156, 0.6954591776138173, -0.19810704246267072, 2.109613484769771, 7440.112067092603, 1.4525412532497628E-6, 136.90425028317003, 1.458136079511448E-4, 9.945592702110435E-4, 3.733505112700074E-4, 39.12759048508619, -1.29977474650476, -0.010495841510955652, -49.9896, 151.0296, 10481
0.0, 900.0, 950.6450705243117, -10.544514399903068, 195.61171090914863, 6.334755746650705, 6.81424106209708, 2.697850162317393E-6, 4.4180540721580035E15, 0.6872153566480457, 0.1444028976589397, 0.02152703910853243, 0.6930876415015508, -0.022263347216131976, 1.9780323908001887, 7785.741733765999, 1.3878824015865903E-6, 136.5854664228093, 1.49248269369311E-4, 0.0010100601580858364, 3.973554784772452E-4, 39.052331065798214, -1.4324220250624276, -0.01032169302334138, -49.9902, 151.0574, 10480
0.0, 900.0, 1004.2516356584715, -11.143059192659933, 201.01882860531998, 6.452949614107498, 7.754646455676596, 2.719132460629918E-6, 4.48327776579592E15, 0.6887296987749721, 0.14485664279690155, 0.022105336643764906, 0.6936163767554885, -0.1898103574271153, 2.189997077591398, 8150.225020871949, 1.3256318376863225E-6, 136.24693932609603, 1.5281678324888042E-4, 0.0010260365604360204, 4.2174568402227156E-4, 38.97296322071997, -1.5721624890712338, -0.010139453903336901, -49.9909, 151.0867, 10480
0.0, 900.0, 1060.8810574976033, -11.76548958318693, 206.57736442834033, 6.575501199604492, 8.835018666887752, 2.7408836135854506E-6, 4.548023464851354E15, 0.6902599360251073, 0.14531812383935933, 0.022697028390082086, 0.689012114427097, 0.19575221878670446, 1.8477502531977863, 8534.64323739908, 1.265731174577117E-6, 135.8872564314973, 1.565226741656128E-4, 0.0010424936335248684, 4.4654728076123993E-4, 38.88927381829713, -1.719356873756737, -0.00994877250737082, -49.9917, 151.1176, 10479
0.0, 900.0, 1120.703793944315, -12.412097621485639, 212.2915442191154, 6.702529993504717, 10.077300561957182, 2.7630978664744E-6, 4.612245200855247E15, 0.6918048408968259, 0.14578710325956287, 0.023301973766581302, 0.6903061562569924, 0.007902561212203413, 2.0764823098369773, 8940.139003401826, 1.2081229000198794E-6, 135.5049475321721, 1.6036934868286342E-4, 0.0010594354381041706, 4.7178984928054044E-4, 38.801040334344265, -1.8743826922030555, -0.009749273410284046, -49.9926, 151.1501, 10478
0.0, 900.0, 1183.8999149666872, -13.083078888575344, 218.16572148304158, 6.834157784910565, 11.506991718858735, 2.7857675190573946E-6, 4.675897971152138E15, 0.6933630797281075, 0.14626330552009942, 0.023919976790603786, 0.6901886690558144, -0.03905936335105588, 2.160534893999873, 9367.91970590572, 1.1527479739334714E-6, 135.09837042814596, 1.6435989756796894E-4, 0.001076864445178404, 4.975064604543567E-4, 38.708030704964074, -2.037634939711646, -0.009540552972740955, -49.9937, 151.1845, 10478
0.0, 900.0, 1250.6596446195063, -13.778513866939667, 224.2043833049452, 6.970508755309047, 13.153733971440085, 2.8088825729702256E-6, 4.738937857403263E15, 0.6949331976458445, 0.14674641089960253, 0.024550776179962236, 0.687655212272507, 0.15146809004018236, 2.0019768974728076, 9819.261164376563, 1.099547928633355E-6, 134.6657769845308, 1.6849711991640288E-4, 0.001094781435051245, 5.237337102660966E-4, 38.610003228043894, -2.209526838797743, -0.009322173875630387, -49.9949, 151.2206, 10477
0.0, 900.0, 1321.183933629898, -14.498346316721628, 230.412157025983, 7.11170957809266, 15.051992797442544, 2.8324306378551935E-6, 4.801322144891089E15, 0.6965136223942667, 0.14723605491331637, 0.025194042498181496, 0.6906829550972323, -0.1714899320267344, 2.350545712168927, 10295.511521172462, 1.0484634720547686E-6, 134.2052359212255, 1.7278337996184658E-4, 0.0011131851559808067, 5.505117230970422E-4, 38.50670652460631, -2.390490631784328, -0.00909365841498731, -49.9963, 151.2588, 10476
0.0, 900.0, 1395.6850642708794, -15.24235804209437, 236.79381785268333, 7.257889523750685, 17.241849641462437, 2.856396519991243E-6, 4.863009435553205E15, 0.6981026475466733, 0.14773182124008824, 0.025849366634558668, 0.689521954256486, -0.06069479880257106, 2.25792374771696, 10798.09537411717, 9.994351116819874E-7, 133.71463414527884, 1.7722051734527717E-4, 0.0011320719669627576, 5.778841183003747E-4, 38.39787957325151, -2.5809784295871285, -0.008854480297842483, -49.9979, 151.2989, 10476
0.0, 900.0, 1474.387289343531, -16.010139358809873, 243.35429760918962, 7.409180570512612, 19.769922395638677, 2.8807618767384567E-6, 4.923959759561262E15, 0.6996984217855444, 0.14823323625453977, 0.026516250062122743, 0.6892695325577077, -0.030299720651904154, 2.237410684359119, 11328.518170379602, 9.52402781392055E-7, 133.191635490947, 1.8180969617538387E-4, 0.0011514353857031638, 6.058979342483973E-4, 38.283251833156676, -2.781463127105427, -0.008604054642349144, -49.9997, 151.3412, 10475
0.0, 900.0, 1557.5275071911658, -16.798824067615463, 250.0989977116501, 7.565717520217435, 22.83853768904827, 2.9055049392634656E-6, 4.984138631658059E15, 0.7012989439525846, 0.14873976515725976, 0.02719409696180694, 0.6883809452599993, 0.07712896708046679, 2.131007438440692, 11888.373548075808, 9.073082197786028E-7, 132.63833456312727, 1.865517486789476E-4, 0.0011712660734156794, 6.360669628909681E-4, 38.163142006540546, -2.9956211674016275, -0.008314899844929821, -50.0018, 151.3858, 10474
0.0, 900.0, 1645.3559747773274, -17.606691700457315, 257.0343838534928, 7.727638119179236, 27.007407050410997, 2.930604067248594E-6, 5.04327721339734E15, 0.7029023023056088, 0.14925088608326217, 0.027882311477645028, 0.6899091327376207, -0.029075555431378977, 2.229154815569443, 12479.342041137807, 8.640925923169182E-7, 132.05288844858285, 1.9144679111771798E-4, 0.0011915541960297667, 6.672604673113784E-4, 38.0370001733324, -3.22123886388531, -0.008006654140555423, -50.0042, 151.4327, 10473
0.0, 900.0, 1738.137060974023, -18.431838396261227, 264.16651578191204, 7.895083183820769, 32.41148688819257, 2.956034115832188E-6, 5.101178261478056E15, 0.7045064457130784, 0.14976601666390973, 0.02858019818365823, 0.6915177860854693, -0.13663766926567347, 2.3197254468321242, 13103.201254993928, 8.226976799168124E-7, 131.43337393864974, 1.9649430873817293E-4, 0.0012122866261790358, 6.993741464268435E-4, 37.90453746196555, -3.4584261016327473, -0.007681156461316657, -50.0069, 151.4821, 10472
0.0, 900.0, 1836.1500423276334, -19.271864875012547, 271.50119675763347, 8.068196730851932, 38.96901184377717, 2.9817655100376087E-6, 5.158230411981718E15, 0.7061091394117499, 0.1502844972912555, 0.02928693647132699, 0.6897421811941662, 0.1255039086122402, 2.0322008475647255, 13761.830749668265, 7.830645873341298E-7, 130.77812642047374, 2.0169262300884387E-4, 0.001233445824323657, 7.324747678687306E-4, 37.76552879851641, -3.70767136363464, -0.00733707981254977, -50.0099, 151.5342, 10472
0.0, 900.0, 1939.6899436978047, -20.123787961107432, 279.045268330925, 8.247126111778986, 46.90537243516099, 3.0077646417169166E-6, 5.214393194723785E15, 0.7077080053315413, 0.15080560134975485, 0.03000159124555199, 0.6930729077306725, -0.12248027093525694, 2.247345032466715, 14457.217935312527, 7.451358754688202E-7, 130.0855253654147, 2.0703898318513012E-4, 0.0012550102673366543, 7.666308956759493E-4, 37.61975801451765, -3.969467114124593, -0.006972919524377851, -50.0134, 151.5889, 10471
0.0, 900.0, 2049.0684262996897, -20.983935495851973, 286.8061533104847, 8.4320221515424, 56.484242469138586, 3.0339936924037625E-6, 5.269659549712917E15, 0.7093005251287311, 0.1513285336975429, 0.030723107943838895, 0.6933842006011403, -0.03012114664272433, 2.1159873812268386, 15191.46468712932, 7.088551276923111E-7, 129.35399732680148, 2.1252940416509938E-4, 0.001276954068590499, 8.019119948678763E-4, 37.46702182485349, -4.244306679852564, -0.006586961430371178, -50.0173, 151.6466, 10470
0.0, 900.0, 2164.6147258226047, -21.847821067546455, 294.791978809109, 8.623039291096033, 68.01244780667257, 3.060410290560187E-6, 5.324031907522245E15, 0.71088403329804, 0.1518524258864256, 0.03145030304167107, 0.695555295926349, -0.14492360290015552, 2.18724202480483, 15966.794480139986, 6.74166533396731E-7, 128.58202508762884, 2.1815845534981879E-4, 0.0012992464416819991, 8.383872771307871E-4, 37.30713456817229, -4.532680507364132, -0.006177244276118849, -50.0217, 151.7072, 10469
0.0, 900.0, 2286.676643448888, -22.7099942148726, 303.0117239704445, 8.820335733757291, 81.8448852394562, 3.086967094832152E-6, 5.377523973372151E15, 0.7124557064873831, 0.15237633002321924, 0.03218185254974329, 0.6969211598256244, -0.1556337336858494, 2.151698519738989, 16785.560107594505, 6.410149788825342E-7, 127.76818306549471, 2.2391905713188114E-4, 0.0013218511550632246, 8.761242259303934E-4, 37.13993383102208, -4.835071710115139, -0.00574151540303842, -50.0267, 151.771, 10468
0.0, 900.0, 2415.6215927559915, -23.56386079034155, 311.47539329203966, 9.024073595176722, 98.38922553792077, 3.1136114190687835E-6, 5.430178668327156E15, 0.7140125559319747, 0.1528992135651588, 0.03291628169070146, 0.6958209954399339, 0.1506580224611089, 1.798428509130246, 17650.252056983132, 6.093466232136214E-7, 126.91119929930812, 2.2980231589332667E-4, 0.001344726084105521, 9.151867243746792E-4, 36.96528709398967, -5.151950811654691, -0.0052771786186078485, -50.0323, 151.8381, 10467
0.0, 900.0, 2551.8377056530344, -24.401466974752356, 320.19458536529737, 9.234419056795582, 118.1756000622906, 3.14028498044235E-6, 5.482062575136776E15, 0.7155514272269529, 0.15341995657193214, 0.033651958009494776, 0.6986902643704209, -0.020092791754967202, 1.9234848702900114, 18563.507628508545, 5.791089534172525E-7, 126.01000676282645, 2.3579733772713192E-4, 0.0013678227865886953, 9.556326902490959E-4, 36.783099557295145, -5.483769584205732, -0.004781233020894961, -50.0386, 151.9087, 10466
0.0, 900.0, 2695.7350006807646, -25.2132392147206, 329.18138509253964, 9.451542522680953, 141.61627202239842, 3.1669259415807335E-6, 5.533150408445419E15, 0.7170691294766944, 0.15393739335108006, 0.03438714785859545, 0.7007423255597112, -0.1277004227829722, 1.988597601549781, 19528.120891711224, 5.502513255187837E-7, 125.06799550929712, 2.4189403846371413E-4, 0.0013910881694957078, 9.97511099655425E-4, 36.593235730226134, -5.83003255232531, -0.004250201394296623, -50.0457, 151.9829, 10466
0.0, 900.0, 2847.7466171915685, -25.959380737924164, 338.42629912129587, 9.675618779649447, 165.87866925024719, 3.193467722159722E-6, 5.582532071262402E15, 0.7185623734628197, 0.15445029040790578, 0.03511998390623877, 0.7012938360665185, -0.01448725851478855, 1.8378026958727025, 20546.68225040151, 5.227418190569476E-7, 126.38655776849016, 2.480837242063104E-4, 0.0014144645475322984, 0.00101492111973879, 36.464598500998264, -6.1405789040951655, -0.0034939475840202877, -50.0537, 152.0608, 10465
0.0, 900.0, 3008.33011912449, -26.607237031765305, 347.94295958218095, 9.906827160612433, 192.14674728933647, 3.2223362767733347E-6, 5.629043195343468E15, 0.7201656178189351, 0.15500523430028865, 0.035917467703924094, 0.7019412051751881, 0.0807351434026994, 1.7087226478410376, 21622.408510977006, 4.965336652165506E-7, 128.48209012559855, 2.54935130457827E-4, 0.0014401192226585723, 0.0010246795406011248, 36.350613158313394, -6.45007498992122, -0.0025942355687966923, -50.0626, 152.1429, 10464
0.0, 900.0, 3177.968872299698, -27.125261883842196, 357.74545900995014, 10.145351711097259, 221.35238676332236, 3.2544967070828694E-6, 5.669688418800459E15, 0.7219265524573706, 0.15561993857159184, 0.036806345869851126, 0.7041624755973328, -0.11923820886489545, 1.8812723552092718, 22758.64835915869, 4.7158275721666726E-7, 130.72550578798274, 2.6271137059068515E-4, 0.0014689810097923577, 0.001033851815448866, 36.2316044646066, -6.773141576985631, -0.0015846852492403963, -50.0724, 152.2294, 10464
0.0, 900.0, 3357.173499378138, -27.474741850946756, 367.8448613561085, 10.391381358920334, 253.8690044707604, 3.2902353064122186E-6, 5.709360156813755E15, 0.7238530351997952, 0.15629876082466784, 0.03779463590471349, 0.703625804044195, 0.12524376651046684, 1.620583190088511, 23958.84774707147, 4.478502488881261E-7, 133.13184251335682, 2.715326002436208E-4, 0.0015014015903353983, 0.0010422225190785718, 36.107480781643126, -7.109985049745405, -4.4875188569269903E-4, -50.0833, 152.3205, 10463
0.0, 900.0, 3546.4834168658836, -27.608207993762147, 378.25374783720196, 10.645110087008682, 290.19004363236394, 3.329848001125697E-6, 5.74806081267763E15, 0.7259519067668505, 0.1570460141271702, 0.03889062544778238, 0.7039231742941224, 0.1319217928965787, 1.6143645338903052, 25226.64636706692, 4.2530152646047893E-7, 135.7182470983493, 2.815342202372778E-4, 0.0015377639063327876, 0.001049525477007622, 35.97817330086499, -7.460743763187262, 8.327573771722492E-4, -50.0954, 152.4165, 10463
0.0, 900.0, 3746.468458789663, -27.467490829782907, 388.98701069112343, 10.906737109386613, 330.98742057674673, 3.373643210085431E-6, 5.785817401686198E15, 0.7282289902315315, 0.15786599520365163, 0.040102945188761924, 0.7044319278045366, -0.025250509814897786, 1.7939164404576837, 26565.886720523024, 4.039050832264447E-7, 138.50421322597813, 2.928698707325625E-4, 0.0015784883525717204, 0.0010554342146617973, 35.84364169052724, -7.825472691478242, 0.002282118669014832, -50.1089, 152.5175, 10463
0.0, 900.0, 3957.730591930917, -26.98133400595674, 400.0630762788983, 11.176467050363348, 377.19478678428845, 3.4219405239677995E-6, 5.822696617300059E15, 0.7306888700563687, 0.15876293291574003, 0.041440523977008537, 0.7028480846208552, 0.07650157743708082, 1.7400090595827644, 27980.62265235343, 3.8363389191286867E-7, 141.5119446583089, 3.0571403751557323E-4, 0.0016240361198733332, 0.0010595510766292207, 35.70388075479531, -8.20412524115616, 0.003925209272271342, -50.1237, 152.6238, 10464
0.0, 900.0, 4180.905727781344, -26.062460665128782, 411.47357974768533, 11.454510126975624, 427.05599767469135, 3.475068929416637E-6, 5.858569773749462E15, 0.7333346685705184, 0.1597409301103167, 0.04291252865197914, 0.7026274211988497, -0.1383245444241734, 2.027816974574801, 29475.126924097673, 3.6446765606578074E-7, 144.76679090563408, 3.202650435552904E-4, 0.0016749127671453986, 0.001061394988088906, 35.558928259534746, -8.596531539409002, 0.005792131255731992, -50.1402, 152.7357, 10465
0.0, 900.0, 4416.66563667403, -24.6039568952528, 423.1160033256028, 11.741082334756541, 470.4277519743852, 3.5333646732106363E-6, 5.89295589277188E15, 0.7361678350291686, 0.16080390203085385, 0.04452829096016858, 0.6990765482301036, 0.122749779447392, 1.8582013479836932, 31053.897290377383, 3.463909483718587E-7, 148.298079871385, 3.3674831598115215E-4, 0.0017316711375916132, 0.0010603879042777554, 35.408862699674174, -9.002252420838847, 0.007917973201982308, -50.1585, 152.8536, 10466
0.0, 900.0, 4665.719969851805, -22.4748015738461, 435.0161474129129, 12.036405636917975, 509.6518373171869, 3.5971729781090047E-6, 5.924285696239448E15, 0.7391881541661288, 0.16195558839903001, 0.0462973381938466, 0.6993518949092378, -0.12122757062114134, 2.197308282961666, 32721.660448768045, 3.2939481148288183E-7, 152.1373565988661, 3.5541933399614427E-4, 0.0017949191629089802, 0.0010558399319214422, 35.253859974028806, -9.421034983013415, 0.01034373880886215, -50.1786, 152.9776, 10468
0.0, 900.0, 4928.818395559379, -19.1110500429451, 447.17914262075624, 12.340708157049036, 544.591146541573, 3.66683254072504E-6, 5.952910405364664E15, 0.7423929891923808, 0.16319926073034283, 0.048228943398919116, 0.6967860456300261, 0.08859903020844308, 2.063726920266194, 34483.338286669816, 3.1360492476416403E-7, 154.5628196853589, 3.7656448708991985E-4, 0.0018653390100649794, 0.0010463944342090047, 35.15666460452912, -9.65259127997781, 0.01465025482982846, -50.2009, 153.1081, 10472
0.0, 900.0, 5206.752855589003, -14.32190915073317, 459.5955323360886, 12.65422437544691, 573.370870003034, 3.74035013394264E-6, 5.978128438577715E15, 0.745675177172557, 0.1644969221820014, 0.0502676197865711, 0.6984825356875443, -0.12154078738107757, 2.3054233569120783, 36343.93608351946, 2.990217785744878E-7, 156.77107631498768, 3.997610998840437E-4, 0.0019412262162407273, 0.0010288792834095585, 35.068152821566784, -9.845662925454995, 0.019172074340602835, -50.2251, 153.2457, 10477
0.0, 900.0, 5500.359949072024, -13.521069973295605, 470.2870369376743, 12.97719532920945, 341.58156705242146, 3.817270916556991E-6, 6.002713036015287E15, 0.7490041858025126, 0.16583887645218268, 0.05240045797351467, 0.6987592360260769, -0.006573867851006764, 2.1641781460454284, 38290.68880171848, 2.8406472920521096E-7, 166.15633553852535, 4.217933233949699E-4, 0.0020219495865891808, 7.573787915327862E-4, 33.988786517326766, -12.751484645929487, 0.00474947831770536, -50.2511, 153.3866, 10477
0.0, 900.0, 5810.523450691647, -12.022651605965153, 483.44235795689275, 13.309868816230779, 376.0052942228575, 3.906238880564363E-6, 5.996856256552146E15, 0.7527269899032101, 0.16737166063063902, 0.0548666758860655, 0.701286822896742, -0.007055901319203531, 2.0739652531203574, 40366.844816328936, 2.6991303839649143E-7, 166.5042041412729, 4.522001356650431E-4, 0.002117413827802634, 7.701366917962864E-4, 33.90379161520303, -13.013667871922046, 0.0069483574499204824, -50.2867, 153.5352, 10479
0.0, 900.0, 6138.176970896903, -9.518510986883346, 496.9235986768814, 13.652499603252167, 405.20358510293, 3.996949546017093E-6, 6.031243967595588E15, 0.7563889799274799, 0.16891397383417134, 0.057380049124111154, 0.7050991450118914, -0.10404118751644109, 2.0507656602868893, 42560.35166097096, 2.5676591259139966E-7, 167.05925087429492, 4.846783789946036E-4, 0.0022170996926099357, 7.797518574645455E-4, 33.81609381304017, -13.282712966879163, 0.00985954511926003, -50.3251, 153.692, 10481
0.0, 900.0, 6484.306766125216, -5.608179241773151, 510.66984586448893, 14.00534963813053, 416.556594870437, 4.088638432184064E-6, 6.064185390682526E15, 0.7599604819627273, 0.17045277478083898, 0.05991892876518953, 0.707141525502475, 0.09381361407746368, 1.7522250336907794, 44877.63246880506, 2.446960853444858E-7, 167.86278601663892, 5.190492819978596E-4, 0.0023203172332299433, 7.841687359119792E-4, 33.726129664175154, -13.558700495799714, 0.013617284543116477, -50.3664, 153.8573, 10485
0.0, 900.0, 6849.954707492494, 0.4068563839715207, 524.5748567424112, 14.368688266496122, 383.01039618581484, 4.181580951639976E-6, 6.093373179698793E15, 0.7634544668185668, 0.17199281043963463, 0.06249049334644627, 0.7096016506129532, -0.07018338425597703, 1.8746711409825494, 47324.81342046281, 2.3386146476218494E-7, 168.76438878851386, 5.555106600170464E-4, 0.0024275405501292743, 7.770728928364821E-4, 33.66036222309217, -13.78038036025883, 0.0188773539722817, -50.4111, 154.0316, 10491
0.0, 900.0, 7236.221416886692, 9.56704611711389, 538.5837075956932, 14.74279245297959, 251.54410624213926, 4.2757537309422355E-6, 6.11670412861427E15, 0.7668717482650433, 0.17353373834024038, 0.06509365027116873, 0.7093920203596318, -0.0597278166932669, 1.8975488427505172, 49906.487990296235, 2.2451073540040278E-7, 168.90959203992256, 5.941425087864874E-4, 0.0025389630337944056, 7.414977012198829E-4, 33.714197927872, -13.735472718064226, 0.026252788014608598, -50.459, 154.2157, 10500
0.0, 900.0, 7644.269579904668, 21.71698133519196, 553.2272531006877, 15.127947007196298, 95.44949062410664, 4.369729931843877E-6, 6.14481861928625E15, 0.7701649204863419, 0.17505269177382649, 0.06768858662858412, 0.7078888929092869, -0.04593162365846376, 1.9752541682643978, 52631.022054470064, 2.1648913940181102E-7, 169.102305104173, 6.344247142579827E-4, 0.002652975920095995, 6.898339622838677E-4, 33.76459179752001, -13.674961850927625, 0.03242753462801162, -50.5094, 154.4106, 10513
0.0, 900.0, 8075.327445604458, 36.57282749929939, 568.5506156629135, 15.524444814683095, 1.5384596600540086, 4.463373506694638E-6, 6.177290545509418E15, 0.773336142224705, 0.17654838032852402, 0.07027127219997012, 0.7060818655165475, -0.001583363533363535, 2.040959683885075, 55505.87901081005, 2.096146879306973E-7, 169.33820852804314, 6.763226433632598E-4, 0.002769407617974386, 6.214464058229435E-4, 33.80917589771803, -13.598437116755873, 0.0372315946588426, -50.5625, 154.617, 10527
0.0, 900.0, 8530.692523607451, 53.669345172603556, 584.4172965895822, 15.932587072989373, -122.93521646982899, 4.5565062808976E-6, 6.214601575237866E15, 0.7763863330927233, 0.17801889531907147, 0.07283657042254923, 0.7055106590787479, -0.05646730266261247, 2.1808498470574627, 58539.35613770399, 2.0365872960397738E-7, 169.61004133077105, 7.197754318487642E-4, 0.002887995803392998, 5.367148797796E-4, 33.84513930071121, -13.5056658558363, 0.04043082579102205, -50.6182, 154.8356, 10545
0.0, 900.0, 9011.735489678938, 71.34053932441192, 600.9272178959595, 16.352683533130442, -286.1707825275253, 4.649004390780964E-6, 6.254678903004646E15, 0.7793183603323561, 0.1794632374296241, 0.07538089674894982, 0.7052095074836605, 0.025550041155767825, 2.128770805834644, 61741.06354682001, 1.9807192573629466E-7, 169.8913583154352, 7.647542377636665E-4, 0.003008389717307727, 4.3828204911927046E-4, 33.87205919431192, -13.322282723924587, 0.03974160783662169, -50.6766, 155.0671, 10562
0.0, 900.0, 9519.904311543081, 86.54895800294757, 618.2290897915955, 16.785052746617144, -498.6481827749294, 4.740849412463642E-6, 6.298251516208393E15, 0.7821382656669437, 0.18088204946462882, 0.07790361071685503, 0.7063973527346011, 0.03383032589281474, 2.0887009761895743, 65122.39760707326, 1.9199123034276178E-7, 170.13377946750603, 8.113048614270416E-4, 0.0031301781151866223, 3.334003960985327E-4, 33.880929350576515, -12.936649689438802, 0.03305631666368319, -50.7376, 155.312, 10577
0.0, 900.0, 10056.728607351233, 110.42588174853937, 634.5431640444037, 17.230022318281026, -176.20703421771015, 4.832209198455917E-6, 6.350322250737647E15, 0.7848571315104718, 0.18227875970021223, 0.08040920739179103, 0.7083116397598066, 0.05861013337211574, 1.9864733286207734, 68709.90617234372, 1.884221388480485E-7, 170.5147626421688, 8.53193121806573E-4, 0.0032548365997912498, 3.385015253918361E-4, 33.986417745830174, -15.177549555696016, 0.04773008058821219, -50.8001, 155.5705, 10601
0.0, 900.0, 10623.824249922869, 133.39029552974642, 652.5123676695625, 17.687929165119666, -370.0866217866071, 4.923656778887379E-6, 6.366161532330404E15, 0.7874965269782767, 0.18366274209090958, 0.0829132626950598, 0.7109549896026565, 0.016958456872366568, 1.9351345611446267, 72485.87280227809, 1.8465938509469223E-7, 170.88197433775903, 9.029126016504229E-4, 0.003382052250016011, 2.5461050613157546E-4, 34.10957489074479, -14.834293289093262, 0.04387397606234212, -50.8775, 155.8451, 10624
0.0, 900.0, 11222.898230618162, 154.01072038159745, 671.5054321726622, 18.15911978139175, -661.549399826361, 5.013973928004308E-6, 6.395856630175882E15, 0.7900263181069518, 0.18501627828508269, 0.08538234070909215, 0.7131766880055105, -0.007063331766317539, 1.8851399657858459, 76473.93668801124, 1.803337095184795E-7, 171.2122318003704, 9.539673666797136E-4, 0.0035099331647761764, 1.5241012534223864E-4, 34.223564254883634, -14.354991459578178, 0.03792776584140727, -50.9575, 156.1366, 10645
0.0, 900.0, 11855.753797482741, 170.54522325013892, 692.107857963559, 18.643950510196294, -1089.4334078541444, 5.10375430643293E-6, 6.430708264711232E15, 0.7924685999311217, 0.1863490771062863, 0.0878326531374718, 0.714486084329726, -0.022543654134651543, 1.868865545195786, 80690.5308924196, 1.7507614490074393E-7, 171.47745895536448, 0.0010067174671382106, 0.0036389750556400065, 3.0253157485044794E-5, 34.31018281454464, -13.668453643538005, 0.02976357552434396, -51.0393, 156.4462, 10661
0.0, 900.0, 12524.29588313075, 182.36248117068226, 714.5801334341817, 19.142787821775215, -1609.6894751702823, 5.1934003732434335E-6, 6.479640595519544E15, 0.7948382448322104, 0.18766767134144888, 0.09027511473954777, 0.7145979414694427, -0.007499432309532771, 1.8722097229949644, 85154.95537214361, 1.6882731434061697E-7, 171.66721193689773, 0.001061467049987024, 0.003769576804174392, -8.399148097613223E-5, 34.33909452019181, -12.911435451947511, 0.02144409454799619, -51.1215, 156.7743, 10673
0.0, 900.0, 13230.536838704473, 190.96942925204056, 737.8572793745892, 19.656008598783142, -2084.269110239765, 5.2834565750657095E-6, 6.543129940658065E15, 0.7971522767319874, 0.18898040977440206, 0.09272443523465307, 0.7139082675528213, 0.006874320015662752, 1.9179956329192618, 89877.46747794635, 1.620662098770168E-7, 171.80554442785868, 0.001118555102401984, 0.003902683520870704, -1.5583915408573542E-4, 34.26579841683229, -12.069157508424654, 0.016088428256976955, -51.2036, 157.1215, 10682
0.0, 900.0, 13976.602491170059, 210.36249806987138, 753.09897554146, 20.184000428772883, -1550.2146335700334, 5.374237091994688E-6, 6.60792153809755E15, 0.7994203447962279, 0.19029203067701586, 0.09518898127059142, 0.7131086685060738, -0.02426008902764534, 2.0297876138054276, 94848.22644826015, 1.5824889100242085E-7, 172.1171774014149, 0.0011696421859416304, 0.004040839715937776, -8.418539539809623E-5, 35.60114740928128, -12.638722031745944, 0.030031730934392143, -51.2846, 157.5013, 10701
0.0, 900.0, 14764.738542182178, 230.26268696865492, 776.6282278212552, 20.72716190414986, -1993.7172912250878, 5.465367575474154E-6, 6.563643823865682E15, 0.8016346668686136, 0.19159728800913223, 0.09765842163569355, 0.7124469811644636, -0.019024421488401028, 2.0978686248265537, 100121.0992173692, 1.5461248271002967E-7, 172.43774378361093, 0.001230923098862292, 0.004182119487675826, -1.5819359354526783E-4, 35.68261297084999, -11.603794200305805, 0.029428729338085567, -51.3742, 157.9045, 10721
0.0, 900.0, 15597.317327778572, 248.24928924251992, 799.444395063242, 21.285902929853357, -2257.274080832692, 5.556841754322204E-6, 6.603790840460987E15, 0.803796978953879, 0.19289631803609011, 0.10013245259175155, 0.7121405650132243, 0.04098185019418972, 2.0798293656985827, 105686.69463010407, 1.506273214007831E-7, 172.72790176984788, 0.0012945563661217767, 0.0043261642358835, -1.8140705668687253E-4, 35.63461742180045, -10.453338842449476, 0.025926767541704792, -51.4612, 158.3319, 10739
0.0, 900.0, 16476.844959251564, 262.9566929304662, 821.7036573566503, 21.860645039027435, -2387.076637300057, 5.648320473586832E-6, 6.632493030854243E15, 0.8059013915107222, 0.19418458154496457, 0.10260180074233974, 0.7127891701135588, 0.04066880302736195, 2.078305191349413, 111556.06721224092, 1.460395837469097E-7, 172.9654513833228, 0.0013604715483859324, 0.004472211496136608, -1.67614273682727E-4, 35.51772920288062, -9.24674690935629, 0.021191709173544154, -51.5439, 158.7834, 10754
0.0, 900.0, 17405.968866690986, 274.29441657679973, 841.1421901612231, 22.451821716949084, -2044.1087859025029, 5.739949905668897E-6, 6.655213214651616E15, 0.8079534687646603, 0.19546443526743454, 0.10507033295309634, 0.714250324583145, -0.007494074428349489, 2.083658551554081, 117736.06044583577, 1.4090974391680268E-7, 173.14877460469947, 0.0014287813890780862, 0.004620431314633951, -7.76548382041411E-5, 35.26913142492817, -8.050457878077733, 0.016821084596422353, -51.6212, 159.2594, 10765
0.0, 900.0, 18387.48576790503, 282.48075817362286, 859.3788714769464, 23.059878733486478, -1056.2823532227133, 5.831933498161001E-6, 6.650078198101566E15, 0.8099595481719315, 0.19673894664343525, 0.10754342920618651, 0.7160283524419616, -0.04082100992258604, 2.0489859487617816, 124288.33010382004, 1.35291747946316E-7, 173.28124480281187, 0.0014996850820977986, 0.0047711535023885945, 8.36427918324986E-5, 34.913968285797104, -6.834434713576729, 0.013110204012331376, -51.6923, 159.7594, 10773
0.0, 900.0, 19424.350086705945, 308.45135703213685, 881.9421499354406, 23.685274484365323, -507.2700487802548, 5.9251887475578995E-6, 6.637561307786632E15, 0.8119403892465941, 0.19802086104803762, 0.11004556883733557, 0.7175902637585425, 0.0417103119020657, 1.895921035572567, 131216.3006849462, 1.3377647709013431E-7, 173.70138104492912, 0.0015618862123964099, 0.004929705492924587, 1.0800718029031559E-4, 37.22758401260392, -7.041950922428733, 0.029972208340273858, -51.7561, 160.3213, 10799
0.0, 900.0, 20519.68284590011, 324.7064129664666, 906.3505270501266, 24.32848034152665, 445.69416600070855, 6.018853216816669E-6, 6.660277960981351E15, 0.813878351138955, 0.19929834453254114, 0.11255342062703988, 0.7191519776892579, -0.009086348641945189, 1.8977603885935623, 138576.61360412266, 1.3011338060422304E-7, 173.96509472026696, 0.0016380352862267484, 0.005089868547194207, 1.946984712288729E-4, 36.95118749035331, -6.132391075515058, 0.01992708354339156, -51.8255, 160.9128, 10816
0.0, 900.0, 21676.78106175092, 328.80493576419843, 937.0664657931715, 24.9899810128652, 2248.0919239468476, 6.112760671179459E-6, 6.704119688263648E15, 0.8157714866462813, 0.20056931307152223, 0.11506243186063972, 0.7198845400609007, 0.002431289419196074, 1.8742682833645707, 146476.51063019436, 1.2395391599027134E-7, 174.03170584692546, 0.001717385493645558, 0.005250735342942393, 3.399520686768694E-4, 36.61609624768318, -5.4548573362014015, 0.008792003968636533, -51.8894, 161.5337, 10820
0.0, 900.0, 22899.12766819236, 324.03810008814025, 986.1066014182396, 25.670274911643187, 5271.470275976536, 6.208875310903459E-6, 6.790666268411711E15, 0.8176594435636909, 0.2018602509044747, 0.11762482717015346, 0.7198843644747284, 0.03794128424922596, 1.867005848242749, 155124.99784847358, 1.1604941068487367E-7, 173.95440695538875, 0.001801655281995219, 0.0054161951363235275, 5.423016385597032E-4, 36.25255099895305, -4.885886286462363, 0.001517413069990444, -51.9494, 162.1845, 10815
0.0, 900.0, 24190.402000665745, 323.72272309212815, 1088.1686860761242, 26.369874535880417, 10621.892322820924, 6.310198519767769E-6, 6.998735504771235E15, 0.8195974519144459, 0.20321060769727858, 0.12031991805143369, 0.7194772098791835, 0.018617044847711133, 1.9473355734150537, 165181.33850141117, 1.0891950303002052E-7, 173.94570129425858, 0.001893043950300911, 0.005594347611785276, 8.60693696336933E-4, 35.850064079199704, -4.559063351110959, 0.005350175293417497, -52.0062, 162.8658, 10815
0.0, 900.0, 25554.490871136604, 343.0341892665431, 1248.5105247028741, 27.089306858028042, 17184.0961371413, 6.4237304174596455E-6, 7.542505359510744E15, 0.8217079016530291, 0.204711204919094, 0.12333218122787765, 0.7190001909930214, 0.009627073714689018, 2.0326123320098906, 177387.0107006096, 1.0537111229955529E-7, 173.58095699336295, 0.001997440665880127, 0.00580163081598351, 0.001241527213440007, 35.76091156314245, -4.616126297963129, 0.019954507429914163, -52.0621, 163.5776, 10834
0.0, 900.0, 26995.500267628126, 368.72770732440785, 1440.875558673131, 27.82911372523971, 24056.704675208173, 6.553415121207142E-6, 8.356527922493984E15, 0.8240432173661715, 0.20640969886005858, 0.12676316959113096, 0.7191028771671976, -0.019681282794529294, 2.115811550666391, 191843.10930692087, 1.0251393074605685E-7, 171.45461856058517, 0.002120831967552627, 0.0060440285460227824, 0.0015951475737477933, 35.894877760682874, -4.818114065790626, 0.023868468859244547, -52.122, 164.3285, 10860
0.0, 900.0, 28517.767713487487, 380.2849433792044, 1623.029438611976, 28.589852270560833, 30259.9802577381, 6.692580338129912E-6, 9.175956529535552E15, 0.8264642260471002, 0.20821449950189894, 0.13043322807174765, 0.7200993737136148, -0.01835125786753864, 2.1027832722523097, 207670.01495947858, 9.693743785670154E-8, 165.30744191158323, 0.0022598234124124295, 0.0063061679727034825, 0.0018496028606380817, 36.21055560998712, -5.018014670711473, 0.013895569635687024, -52.188, 165.1257, 10871
0.0, 900.0, 30125.875323587185, 376.970199409727, 1285.9347231988588, 29.372095335363614, 17034.425916004097, 6.824268546281813E-6, 9.751901223421328E15, 0.8286782161578395, 0.20990591309630452, 0.133894842407685, 0.7216958854729971, 0.03160912790937985, 1.9870931045585032, 207670.01495947858, 9.693743785670154E-8, 167.22816513973632, 0.0023802316830345525, 0.006555959689183736, 0.0012908952276771944, 40.13122410319762, -3.9678892458350754, 0.0044955093015655884, -52.2606, 166.0585, 10868
