angle, time_diff, t, z, sigmah, sigmav, sigmas, rice, Nice, g_t, Qabs_t, Qsca_t, g_s, Qabs_s, Qsca_s, CCS, IWC, RHice, Re, v_sed, windshear_s, wind_u, wind_v, wind_w, lat, lon, altitude
90.0, 900.0, 0.0, 0.0, 15.384787559509277, 3.6509575843811035, 0.0, 1.049793033786834E-6, 6.28E15, 0.4772129549087957, 0.1003190526092572, -0.017109351818909116, 0.6978848670957184, -0.43874937835461736, 1.7877015285861608, 352.9215350355194, 1.6969325183810817E-5, 146.5066210196693, 8.776472099442486E-6, 1.5294337934055246E-4, 2.700288516688968E-5, 40.77052181462817, 0.6028902323080487, -0.009822524127634782, -49.9868, 150.5252, 10491
90.0, 900.0, 1.0, -0.009976321631173079, 16.634052069809737, 3.654821260939263, 3.637085254586744E-4, 1.049793033786834E-6, 5.716690733434826E15, 0.4772129549087957, 0.1003190526092572, -0.017109351818909116, 0.6978848670957184, -0.43874937835461736, 1.7877015285861608, 381.9830284763506, 1.6515264886915557E-5, 146.49563848312778, 8.776479114439285E-6, 1.5294332711276182E-4, 2.7257141462288068E-5, 40.76864713962075, 0.6007463859644533, -0.009823378251832526, -49.9867, 150.5258, 10491
90.0, 900.0, 1.0564406686968904, -0.010539697075595083, 16.701775804092794, 3.6550392076644402, 3.8446172329713947E-4, 1.0681509877508926E-6, 5.716690733434826E15, 0.48134781673427873, 0.10088510641514536, -0.01683701038023748, 0.6978924669064028, -0.8399627460618486, 2.2200505310356364, 383.56110224689854, 1.6492577391373717E-5, 146.49500407652698, 9.245005401962164E-6, 1.583391933624353E-4, 2.7271491987082154E-5, 40.768541336216146, 0.6006253958291401, -0.009823389530121492, -49.9867, 150.5259, 10491
90.0, 900.0, 1.1160668864767327, -0.0111348900331424, 16.773024882908647, 3.6552694413324955, 4.0641241691577576E-4, 1.0691298919620149E-6, 5.716684876885655E15, 0.4815662901053684, 0.10091539991714031, -0.016822276438415024, 0.6981832981901731, -1.0051473676946014, 2.3871912809839966, 385.22162177808354, 1.6468904995384796E-5, 146.4943568919997, 9.270447432786572E-6, 1.5862954543647444E-4, 2.728665247374807E-5, 40.76842956145971, 0.6004975775215176, -0.009823438405694431, -49.9867, 150.5259, 10491
90.0, 900.0, 1.1790584478599357, -0.011763698558976417, 16.847968013367474, 3.655512653791278, 4.296312363489022E-4, 1.0701580002003473E-6, 5.716678689986731E15, 0.4817955278484096, 0.10094722713767826, -0.016806779111483566, 0.6814401826155059, 0.8055060490319708, 0.5786234053650332, 386.96856701759094, 1.6444218449703775E-5, 146.49365138191527, 9.297216789033178E-6, 1.5893476903600855E-4, 2.7302668637932623E-5, 40.768311478354704, 0.600362545723351, -0.009823490042263017, -49.9867, 150.5259, 10491
90.0, 900.0, 1.2456052950898682, -0.012428022436064584, 16.926780558342312, 3.655769575747704, 4.541931521318896E-4, 1.0712374611901888E-6, 5.716672154115829E15, 0.4820359767655802, 0.10098065610488768, -0.01679048263138469, 0.6930648241947933, 0.14481930777075816, 1.241533925144436, 388.8060790116285, 1.6418490978473726E-5, 146.49292908055196, 9.32538046673305E-6, 1.592555635555546E-4, 2.7319588776157417E-5, 40.76818673088797, 0.600219893377087, -0.009823544595147672, -49.9867, 150.526, 10491
90.0, 900.0, 1.3159080908771277, -0.013129868946139288, 17.009644673054822, 3.6560409789391177, 4.801777615306094E-4, 1.072370531250091E-6, 5.716665249602334E15, 0.48228810412355977, 0.10101575831728256, -0.0167733492418269, 0.6888686295712911, 0.4849934475374988, 0.9037312961045891, 390.7384637379502, 1.639169507948366E-5, 146.4921660118755, 9.355003965654713E-6, 1.5959263754544015E-4, 2.7337463910431953E-5, 40.76805494295634, 0.600069190459037, -0.009823602229960739, -49.9867, 150.526, 10491
90.0, 900.0, 1.390178823469881, -0.013871358963223276, 17.09674943401008, 3.6563276784246765, 5.076695955046691E-4, 1.073559500940072E-6, 5.716657955668369E15, 0.4825523810082994, 0.10105260648, -0.016755340274309097, 0.6950798876228707, -0.19210497184901926, 1.5833590042412748, 392.7701958242495, 1.6363804228584806E-5, 146.49133807736717, 9.38615458803616E-6, 1.5994671484848016E-4, 2.735634794328929E-5, 40.767915717233755, 0.599909982684808, -0.009823663120559142, -49.9867, 150.526, 10491
90.0, 900.0, 1.4686414458747774, -0.014654733396412612, 17.188290959481463, 3.656630535003255, 5.367584490758334E-4, 1.0748067274326208E-6, 5.716650250366654E15, 0.4828292892276522, 0.10109127551407783, -0.016736415627948753, 0.6969755276202252, -0.7131871150215195, 2.1071389077738534, 394.90592213889516, 1.6334794335072954E-5, 146.49048644147624, 9.41890759371517E-6, 1.6031857250582997E-4, 2.737629781846994E-5, 40.7677686339737, 0.5997417901408886, -0.009823727450667268, -49.9867, 150.5261, 10491
90.0, 900.0, 1.5515325511559177, -0.015482360002584602, 17.28447252077945, 3.656950457764683, 5.675397354372988E-4, 1.0761146614920896E-6, 5.71664211051488E15, 0.48311932695250975, 0.10113184340047261, -0.016716533324488428, 0.6955935809170231, -0.3646802892915273, 1.7615097470463654, 397.1504652421715, 1.630464068594893E-5, 146.48956494119165, 9.453334839015997E-6, 1.6070898447001622E-4, 2.7397373695480507E-5, 40.76761324974436, 0.599564105839312, -0.009823795415530169, -49.9867, 150.5261, 10491
90.0, 900.0, 1.6391020858481498, -0.016356740580049225, 17.38550464358493, 3.657288406781483, 6.001148674570345E-4, 1.077485775152409E-6, 5.716633511626434E15, 0.48342299231325914, 0.10117438894382648, -0.01669565057041622, 0.6937437637328169, -0.058831112696995175, 1.458730186256096, 399.50882668773795, 1.627332185833579E-5, 146.48861445830914, 9.489516901025553E-6, 1.611187747454656E-4, 2.7419639127624112E-5, 40.76744909609247, 0.5993763941911752, -0.009823867219957831, -49.9867, 150.5262, 10491
90.0, 900.0, 1.731614103635887, -0.017280518580493252, 17.491605198689022, 3.657645395948633, 6.345916679596525E-4, 1.0789226416118865E-6, 5.716624427837258E15, 0.4837408007447501, 0.10121899425626414, -0.01667372250471387, 0.669507409924529, 0.9823071163490152, 0.4208663891816905, 401.9861901659454, 1.6240816195780816E-5, 146.48758853229617, 9.527531301047935E-6, 1.6154876739834031E-4, 2.7443161257252964E-5, 40.767275678131774, 0.5991780893937944, -0.00982394308186559, -49.9867, 150.5262, 10491
90.0, 900.0, 1.8293475615700627, -0.01825648714580789, 17.602999481558058, 3.6580224959792713, 6.710848115540679E-4, 1.0804278513892527E-6, 5.716614831828641E15, 0.4840732660289381, 0.10126574216054741, -0.01665070343656745, 0.6940515849934202, -0.14476956295664206, 1.5514358422397199, 404.58792448296197, 1.6207105290065016E-5, 146.48650593263883, 9.567462659674152E-6, 1.6199982724864756E-4, 2.7468011014860667E-5, 40.76709247305207, 0.5989685937274136, -0.009824023230023415, -49.9867, 150.5263, 10491
90.0, 900.0, 1.9325971612241029, -0.01928759761128022, 17.719920280234923, 3.658420837564641, 7.097163009048081E-4, 1.0820040823147438E-6, 5.716604694745704E15, 0.48442091537697723, 0.10131471836631142, -0.016626545737046625, 0.6971318722129515, -0.9400370329456694, 2.3504287989230517, 407.3195863723818, 1.617217263129219E-5, 146.4853852573059, 9.609399430667021E-6, 1.6247285356153093E-4, 2.7494263335960403E-5, 40.766898928543775, 0.5987472757553975, -0.009824107907306213, -49.9867, 150.5264, 10491
90.0, 900.0, 2.041674237325303, -0.020376968490313667, 17.842607931196355, 3.6588416147069904, 7.506159798543093E-4, 1.0836540627503646E-6, 5.716593986111366E15, 0.48478428086112124, 0.10136601033134054, -0.016601200356824178, 0.6931419157588158, -0.06538190497136466, 1.4797470289597188, 410.1869231391244, 1.6136002590154246E-5, 146.4841795334998, 9.6534276907656E-6, 1.6296874138094764E-4, 2.7521997384953842E-5, 40.76669446113406, 0.5985134684236009, -0.00982419737034316, -49.9867, 150.5264, 10491
90.0, 900.0, 2.1569076965411567, -0.021527894967407563, 17.971310362909577, 3.659286088234581, 7.939220881288152E-4, 1.085380541205996E-6, 5.716582673735521E15, 0.48516389230292906, 0.10141970631736887, -0.016574617250864634, 0.6911075891731585, 0.1446650167266589, 1.2739372270989147, 413.19587513896965, 1.60985833521352E-5, 146.48290698808867, 9.699641103438505E-6, 1.634884294124999E-4, 2.755129679586868E-5, 40.7664784544293, 0.5982664670527944, -0.009824291889208596, -49.9867, 150.5265, 10491
90.0, 900.0, 2.278645009251409, -0.02274385894134045, 18.106283126970755, 3.6597555895083844, 8.397818595250891E-4, 1.0871863439755817E-6, 5.716570723619181E15, 0.4855602895146953, 0.10147589718115729, -0.01654674444805289, 0.6839473963017347, 0.5993340574921618, 0.8237858452085173, 416.35257810101666, 1.6059905559713624E-5, 146.4815856457149, 9.748137300025216E-6, 1.640328899776331E-4, 2.7582249920946217E-5, 40.766250257258065, 0.5980055272175528, -0.009824391750436508, -49.9867, 150.5266, 10491
90.0, 900.0, 2.4072532572963903, -0.024028539637675043, 18.24778941686064, 3.66025152433054, 8.883521690791073E-4, 1.0890743369850595E-6, 5.716558099853294E15, 0.48597401342259905, 0.10153467518634789, -0.01651752859005773, 0.6741655163795941, 0.86747971368035, 0.5604559704693108, 419.663365304677, 1.6019961323321054E-5, 146.4801679295867, 9.799011563382724E-6, 1.6460308969203167E-4, 2.761495010189471E-5, 40.76600918170942, 0.5977298625058087, -0.009824497256804853, -49.9867, 150.5266, 10491
90.0, 900.0, 2.543120240860966, -0.025385824822258173, 18.396100074518344, 3.6607753770650895, 9.398002325695604E-4, 1.0910473950244071E-6, 5.716544764511968E15, 0.48640559886947865, 0.10159613303992789, -0.016486915362625656, 0.6835560882025098, 0.5885499119974664, 0.8445179881602078, 423.134769627484, 1.5978747094637055E-5, 146.47867142679783, 9.852366942023641E-6, 1.6520003779672745E-4, 2.7649495949376245E-5, 40.76575450106124, 0.5974386421530276, -0.00982460872717093, -49.9867, 150.5267, 10491
90.0, 900.0, 2.6866556478317554, -0.026819822665424153, 18.551493585110357, 3.661328714982043, 9.94304364501672E-4, 1.0931084582376604E-6, 5.716530677539781E15, 0.48685558651038974, 0.10166036564360516, -0.016454848573946745, 0.6862043792060271, 0.43592262243752594, 1.0026131077969709, 426.77352548499596, 1.59362619072563E-5, 146.4770916905471, 9.90830872998814E-6, 1.658247660809787E-4, 2.7685991638527277E-5, 40.76548544759102, 0.5971309885421427, -0.009824726499637207, -49.9867, 150.5268, 10491
90.0, 900.0, 2.8382922891536566, -0.028334874277572433, 18.714256060556657, 3.661913192836315, 0.0010520547985132004, 1.095260484096504E-6, 5.716515796632864E15, 0.4873245117996126, 0.1017274685885161, -0.016421270850136782, 0.6950598666993435, -0.6659972334285321, 2.110356317531482, 430.58657068932536, 1.589250803287486E-5, 146.47542402305467, 9.96694512556262E-6, 1.6647832463690187E-4, 2.772454722531454E-5, 40.765201210264, 0.5968059745638281, -0.009824850931132657, -49.9867, 150.5269, 10491
90.0, 900.0, 2.9984874039107163, -0.029935566963266252, 18.884681212566047, 3.6625305576936262, 0.0011132545776655586, 1.0975064538616647E-6, 5.716500077113417E15, 0.48781290592141063, 0.1017975383429523, -0.016386123488276824, 0.6859871025764841, 0.40043881062918096, 1.0501197805797562, 434.5810482583046, 1.5847491112155815E-5, 146.47366346138665, 1.002838756593435E-5, 1.6716178461192123E-4, 2.7765278978641098E-5, 40.764900932290544, 0.5964626208275967, -0.009824982398875295, -49.9867, 150.527, 10491
90.0, 900.0, 3.16772403806664, -0.03162674823353789, 19.063070316125913, 3.6631826540159955, 0.0011781205196662431, 1.0998493673598063E-6, 5.71648347179731E15, 0.48832129415923786, 0.1018706720730377, -0.01634934649053256, 0.695189715096489, -0.7925806567561334, 2.2497362043038085, 438.76430821291723, 1.580122026706569E-5, 146.4718047625025, 1.0092750752402554E-5, 1.6787623745046865E-4, 2.7808309729931354E-5, 40.76458370854627, 0.5960998927165191, -0.009825121301533637, -49.9867, 150.5271, 10491
90.0, 900.0, 3.3465125010223344, -0.03341354062011551, 19.249732164583847, 3.663871429020036, 0.001246884266328504, 1.1022922375725588E-6, 5.716465930854391E15, 0.4888501942280054, 0.10194696745393138, -0.01631087860202174, 0.6949141074020565, -0.784528139768603, 2.2486999868265816, 443.14390940633234, 1.575370819241409E-5, 146.4698423874313, 1.0160152675039189E-5, 1.686227940911282E-4, 2.7853769245268696E-5, 40.76424858284643, 0.5957166972757406, -0.009825268060456166, -49.9867, 150.5272, 10491
90.0, 900.0, 3.535391904382538, -0.03530135733783722, 19.444983017646493, 3.6645989383218383, 0.001319793422961613, 1.1048380850768248E-6, 5.716447401661112E15, 0.48940011458120497, 0.10202652247254217, -0.016270657352179654, 0.6899656864762239, -0.007169557332273862, 1.4787994531451287, 447.7276214335817, 1.570497122449023E-5, 146.4677704845815, 1.0230714637466529E-5, 1.694025841278608E-4, 2.79017946141968E-5, 40.76389454506713, 0.595311879926621, -0.009825423120971987, -49.9867, 150.5273, 10491
90.0, 900.0, 3.734931787571461, -0.03729591884422046, 19.64914654380078, 3.6653673518828205, 0.0013971127985793028, 1.1074899323796638E-6, 5.71642782864507E15, 0.48997155270568876, 0.1021094352228923, -0.016228619099315486, 0.6947354253757941, -0.8674544410670109, 2.3470069482457774, 452.52342667656086, 1.5655029044108483E-5, 146.46556107834655, 1.030455937431632E-5, 1.70216745086196E-4, 2.7952530664539254E-5, 40.76352052810437, 0.5948842209959944, -0.009825586953768, -49.9867, 150.5274, 10491
90.0, 900.0, 3.945733835199266, -0.03940327034533037, 19.86255375883035, 3.6661789602715484, 0.0014791257562832038, 1.1102507901385055E-6, 5.71640715312102E15, 0.4905649916882955, 0.10219580344332321, -0.016184699206384878, 0.6918181124252997, -0.34553511115664415, 1.83349786246105, 457.5395225445089, 1.5603906229519255E-5, 146.46325122577488, 1.0381818471052724E-5, 1.7106645844647972E-4, 2.8006130401600768E-5, 40.76312540466141, 0.5944324320499463, -0.009825760055981122, -49.9867, 150.5275, 10491
90.0, 900.0, 4.168433691357858, -0.041629800316373484, 20.085542962252237, 3.6670361812571493, 0.0015661356835466479, 1.1131236877054957E-6, 5.716385313117915E15, 0.4911809063173481, 0.10228572543621695, -0.01613883151291605, 0.6647946032449646, 0.917643897829863, 0.5792400201235398, 462.7843239753825, 1.5551629688165787E-5, 146.46081223342307, 1.0462622004149383E-5, 1.7195290092778865E-4, 2.8062755466280472E-5, 40.76270798385609, 0.5939551520225952, -0.009825942954198256, -49.9867, 150.5276, 10491
90.0, 900.0, 4.403702876316743, -0.0439822600677919, 20.318459673631114, 3.667941566750572, 0.0016584675975305535, 1.1161116070919175E-6, 5.716362243196503E15, 0.49181974845806636, 0.1023792979614967, -0.016090949347294714, 0.6922422711481815, -0.5189736099563786, 2.0253127689534782, 468.26646626848503, 1.5498230166751835E-5, 146.4582150198514, 1.0547102522790105E-5, 1.7287725431113632E-4, 2.8122576624189192E-5, 40.7622670076361, 0.593450943126224, -0.009826136203902942, -49.9867, 150.5278, 10491
90.0, 900.0, 4.652250811398479, -0.04646778444264207, 20.561656570838725, 3.6688978101106087, 0.001756469894512742, 1.1192175137006994E-6, 5.716337874256973E15, 0.49248195326700056, 0.10247661715237516, -0.01604098500418502, 0.6937463880712375, -0.8964926556215632, 2.4128440531665207, 473.9948083232978, 1.544374315622979E-5, 146.4554954705903, 1.0635402000062349E-5, 1.7384074592144142E-4, 2.8185774280227833E-5, 40.76180114699332, 0.5929182865326719, -0.009826340392297317, -49.9867, 150.5279, 10491
90.0, 900.0, 4.914826958139459, -0.04909391371270932, 20.81549343241011, 3.6699077538322253, 0.0018605162632275424, 1.1224443745964068E-6, 5.716312133336135E15, 0.49316794266123853, 0.10257777903937652, -0.015988869413909118, 0.6907123857794892, -0.3967115870287709, 1.9236547670991997, 479.978436363621, 1.5388205977939446E-5, 146.4526018660092, 1.0727658902578308E-5, 1.7484458516988527E-4, 2.8252539024524176E-5, 40.761308997964775, 0.5923555778119245, -0.00982655614122453, -49.9867, 150.5281, 10491
90.0, 900.0, 5.192223078186354, -0.051868616708912255, 21.0803370862046, 3.6709743976354368, 0.0019710077749914906, 1.1257950855291482E-6, 5.716284943393588E15, 0.49387810941513866, 0.10268287720932204, -0.015934533288651673, 0.6912224086185331, -0.5262157356239161, 2.064351934606938, 486.2266682298338, 1.533166065228952E-5, 146.44954740491428, 1.0824019999480392E-5, 1.75890011890474E-4, 2.8323072205109916E-5, 40.76078907740836, 0.5917611221146397, -0.009826784106557754, -49.9867, 150.5282, 10491
90.0, 900.0, 5.485275620742618, -0.05480031530623623, 21.356561366606126, 3.672100906973584, 0.002088375171236724, 1.129272538219851E-6, 5.716256223086304E15, 0.4946128311435771, 0.10279200485612437, -0.01587790601096968, 0.6683512193986556, 0.7860165084274424, 0.7639347319208927, 492.74905832528145, 1.5274151894515937E-5, 146.44632300841857, 1.0924634656172174E-5, 1.7697827798859967E-4, 2.8397586537527795E-5, 40.7602398185411, 0.5911331290844313, -0.009827024982802975, -49.9867, 150.5284, 10491
90.0, 900.0, 5.794868244764081, -0.05789791030252437, 21.64454708249279, 3.6732906219805734, 0.0022130813678699025, 1.1328795711428008E-6, 5.716225886531028E15, 0.4953724595385065, 0.10290525317534843, -0.015818916406522762, 0.6670870700356909, 0.7982861967744592, 0.7641215207086229, 499.5554033055084, 1.5215727440786154E-5, 146.4429190852122, 1.1029655582769983E-5, 1.7811064296498964E-4, 2.8476306744138797E-5, 40.75965956622643, 0.5904697074849579, -0.009827279503816545, -49.9867, 150.5286, 10491
90.0, 900.0, 6.121934483508941, -0.061170808790642094, 21.94468199817021, 3.6745470668772438, 0.002345624200288515, 1.1366189775496903E-6, 5.716193843053857E15, 0.49615732181975847, 0.10302271154903465, -0.01575749259753062, 0.6884839969394483, -0.32990276512854816, 1.9054261227403126, 506.65574860125605, 1.5156437839303008E-5, 146.43932550264637, 1.1139239264050326E-5, 1.7928837719962857E-4, 2.855947023538454E-5, 40.759046571996365, 0.589768859525635, -0.009827548445472805, -49.9867, 150.5287, 10491
90.0, 900.0, 6.467460559476737, -0.06462895310728108, 22.257360829396447, 3.6758739598577193, 0.002486539433580506, 1.1404935016706144E-6, 5.716159996926369E15, 0.4969677197075301, 0.1031444673561809, -0.015693562051325202, 0.6813852137024571, 0.24112754596561684, 1.3481862693951263, 514.0603958678822, 1.5096336217562086E-5, 146.4355315561803, 1.125354605239988E-5, 1.805127615380652E-4, 2.8647327823054983E-5, 40.75839898879376, 0.5890284748693957, -0.009827832628105436, -49.9867, 150.5289, 10491
90.0, 900.0, 6.832488358224368, -0.06828285145037725, 22.582985256530385, 3.6772752234771904, 0.0026364040666081376, 1.1445058353973022E-6, 5.716124247087592E15, 0.4978039285371414, 0.10327060579488262, -0.01562705162572678, 0.6691273622381919, 0.6937859898734005, 0.9100062631180825, 521.7799114551634, 1.5035478028105954E-5, 146.4315259370981, 1.1372740274582125E-5, 1.8178508700191374E-4, 2.874014447948643E-5, 40.7577148654188, 0.5882463243045075, -0.009828132919094118, -49.9867, 150.5291, 10491
90.0, 900.0, 7.218118570026269, -0.07214361026260833, 22.921963956711608, 3.678754995563201, 0.002795839962088222, 1.1486586154927682E-6, 5.716086486851104E15, 0.49866619652562927, 0.10340120971789987, -0.015557887610535226, 0.6837113749875701, -0.013980936426344456, 1.632949824344742, 529.8251359923821, 1.4973920507231852E-5, 146.4272749103607, 1.1496988224727931E-5, 1.831066440317969E-4, 2.8838200135141655E-5, 40.75699214066363, 0.5874200530624716, -0.009828450235606712, -49.9867, 150.5294, 10491
90.0, 900.0, 7.625514008851994, -0.07622296847886958, 23.274712656830843, 3.680317640673087, 0.002965517836837951, 1.152954414482872E-6, 5.716046603596538E15, 0.499554742777001, 0.10353635926670424, -0.01548599587992347, 0.6874723211119319, -0.4549451080860581, 2.0897955911430546, 538.2071951842515, 1.491172370225537E-5, 146.42280943145994, 1.1626466586734371E-5, 1.844787626257514E-4, 2.8941790525520847E-5, 40.756228637117154, 0.5865471737614034, -0.009828785547140782, -49.9867, 150.5296, 10491
90.0, 900.0, 8.055903118669105, -0.08053333377473763, 23.64165420887947, 3.6819677621207547, 0.0031461616530037537, 1.1573957728087289E-6, 5.716004478444682E15, 0.5004697638478776, 0.10367613280158414, -0.015411301357490248, 0.6810834918629565, 0.08799571489145229, 1.563444243592405, 546.9375119136823, 1.4848947576612003E-5, 146.41807259139395, 1.1761348731589705E-5, 1.859027491451243E-4, 2.9051228080764775E-5, 40.75542205462192, 0.585625058955022, -0.00982913988006367, -49.9867, 150.5298, 10491
90.0, 900.0, 8.510583677644155, -0.08508782086996554, 24.02321868907764, 3.683710214596493, 0.0033385534519393073, 1.1619851312843896E-6, 5.715959985915393E15, 0.5014114197712131, 0.1038206046930145, -0.015333729158253609, 0.6688386090012667, 0.6100866294776357, 1.0586489735523827, 556.0278197477602, 1.4785654526337517E-5, 146.41307209214526, 1.1901817808526262E-5, 1.873799396771424E-4, 2.9166842872028183E-5, 40.7545699633633, 0.5846509332646073, -0.009829514318328765, -49.9867, 150.5301, 10491
90.0, 900.0, 8.99092671141123, -0.08990029209148781, 24.419843521977892, 3.6855501174039667, 0.0035435386826910523, 1.1667249034843385E-6, 5.715912993567468E15, 0.5023798489891499, 0.10396984751497122, -0.015253203385941674, 0.6860599218950558, -0.4697264513244187, 2.1564572314769954, 565.4901779436872, 1.4721907270851775E-5, 146.40779305262112, 1.2048060608165546E-5, 1.8891168135813028E-4, 2.9288983604462942E-5, 40.75366979657078, 0.5836218650713763, -0.009829910009493542, -49.9867, 150.5304, 10491
90.0, 900.0, 9.498380627208013, -0.09498540026057391, 24.831973630528513, 3.6874928683389037, 0.0037620320763189895, 1.1716174299169853E-6, 5.7158633616196E15, 0.5033751589497689, 0.10412393051743035, -0.015169647920774673, 0.6872617974364782, -0.6985884072306123, 2.4040015780137987, 575.336988051963, 1.4657769042462689E-5, 146.40221975183087, 1.2200268510388989E-5, 1.904993289025254E-4, 2.941801867193249E-5, 40.75271884280964, 0.5825347577450395, -0.009830328166939304, -49.9867, 150.5307, 10491
90.0, 900.0, 10.034475581345221, -0.10035863407323112, 25.260061612863534, 3.689544158234333, 0.003995024130910738, 1.1766649920898204E-6, 5.71581094255151E15, 0.5043974290840303, 0.10428291998344193, -0.015082986204605658, 0.6854030281302568, -0.5191252505695175, 2.243889473016328, 585.5810122148866, 1.459330326748826E-5, 146.3963355814897, 1.2358638122532733E-5, 1.9214424970030424E-4, 2.955433726736434E-5, 40.75171423783957, 0.5813863403819095, -0.009830770074137246, -49.9867, 150.531, 10491
90.0, 900.0, 10.600828093178963, -0.10603636611454555, 25.704567946367888, 3.691709986197425, 0.004243588272903604, 1.1818698141850998E-6, 5.715755580684306E15, 0.5054467112527073, 0.10444687919669529, -0.014993141237140503, 0.6726214690493403, 0.3596056595798376, 1.385152881774267, 596.2353932596368, 1.4528573025527018E-5, 146.39010121340195, 1.2523369228129625E-5, 1.938478137128931E-4, 2.9698350559605788E-5, 40.75065295601706, 0.5801731580270366, -0.009831237088790844, -49.9867, 150.5313, 10491
90.0, 900.0, 11.199145919498765, -0.11203590365461968, 26.16596121935167, 3.693996675563144, 0.004508888772175984, 1.1872340592577244E-6, 5.715697111739104E15, 0.506523029124065, 0.10461586823733261, -0.014900035670661324, 0.6850063097892171, -0.6115348378356971, 2.376898097451663, 607.3136766868987, 1.4463641709477943E-5, 146.38351989610925, 1.2694671777364426E-5, 1.9561142626072783E-4, 2.9850492932059795E-5, 40.74953180121553, 0.5788915613507615, -0.009831730646867548, -49.9867, 150.5316, 10491
90.0, 900.0, 11.831233204029326, -0.11837554242494724, 26.64471839046059, 3.6964108905899016, 0.0047921894986971665, 1.192759858571727E-6, 5.715635362372887E15, 0.5076263842111631, 0.1047899448230194, -0.014803591331044183, 0.6727553826782703, 0.2852550761010832, 1.5012824580779778, 618.8298346583299, 1.439857147653591E-5, 146.37657204765762, 1.2872760217682164E-5, 1.9743650495961394E-4, 3.0011223296392964E-5, 40.748347397235996, 0.5775376957498701, -0.009832252268361161, -49.9867, 150.532, 10491
90.0, 900.0, 12.498995917573593, -0.12507462350013868, 27.14132507575405, 3.698959653922321, 0.005094863613979696, 1.1984492814863434E-6, 5.715570149690559E15, 0.5087567499883587, 0.104969163278808, -0.01470372977182624, 0.6668941525053549, 0.4975356758518995, 1.3106961551028293, 630.7982920892317, 1.4333423472621991E-5, 146.36923698088236, 1.305785503008493E-5, 1.9932448144986423E-4, 3.018102647621073E-5, 40.74709617768116, 0.5761074898425842, -0.009832803561157354, -49.9867, 150.5324, 10491
90.0, 900.0, 13.204447605201148, -0.13215359350550746, 27.65627586320131, 3.7016503648459214, 0.005418404305237571, 1.2043043533894067E-6, 5.715501280732122E15, 0.5099140756942901, 0.10515357502273193, -0.014600371999288944, 0.674631512257323, 0.1100487358304682, 1.720338682546538, 643.2339549566912, 1.426825756266487E-5, 146.36149284103027, 1.3250183539881046E-5, 2.0127680784969173E-4, 3.036041467202774E-5, 40.745774375261284, 0.5745966433223497, -0.009833386226665788, -49.9867, 150.5328, 10491
90.0, 900.0, 13.949715457811752, -0.13963406834000164, 28.1900746541823, 3.7044908183581278, 0.005764436688713156, 1.2103270606154825E-6, 5.71542855193386E15, 0.5110982875077701, 0.10534322864384138, -0.014493438422260294, 0.6741335357077667, 0.10301277615124446, 1.7499230712440148, 656.1522409382866, 1.4203131880470185E-5, 146.35329476279344, 1.344997783934212E-5, 2.0329494721090633E-4, 3.054992900724764E-5, 40.744378010502224, 0.5730006141375679, -0.009834002065419374, -49.9867, 150.5332, 10491
90.0, 900.0, 14.737046726381994, -0.14753890061369607, 28.743235031435248, 3.707489225079384, 0.006134731008645467, 1.2165193503084367E-6, 5.715351748562388E15, 0.5123092887382051, 0.10553816982380351, -0.014382848892888433, 0.6563779510711917, 0.7359358806807232, 1.139862581751178, 669.5691125022649, 1.4138103503654245E-5, 146.34464013445455, 1.3657482439546315E-5, 2.0538040915618692E-4, 3.0750141163400605E-5, 40.74290287982083, 0.5713146049583302, -0.00983465298265989, -49.9867, 150.5337, 10491
90.0, 900.0, 15.568815498236312, -0.15589225106904608, 29.316280652769525, 3.7106542320273146, 0.006531217293683507, 1.2228831623995227E-6, 5.715270644120402E15, 0.5135469662757701, 0.10573844227229186, -0.014268522172154713, 0.6683572717807477, 0.32331619616174706, 1.575569897538403, 683.5011125769728, 1.407322701847426E-5, 146.33550318821605, 1.3872948301629852E-5, 2.0753472646377542E-4, 3.0961655103838056E-5, 40.741344542933504, 0.5695335488925748, -0.00983534099576023, -49.9867, 150.5341, 10491
90.0, 900.0, 16.44752985577528, -0.1647196641538258, 29.909745669760287, 3.7139949442758495, 0.006956001634309824, 1.2294204016237902E-6, 5.715184999722916E15, 0.5148111852960762, 0.10594408677756217, -0.014150376464751466, 0.6766733683836212, -0.18897073431577538, 2.1110693404280925, 697.9654029352876, 1.4008554654796161E-5, 146.3258349289404, 1.409663201018995E-5, 2.0975944577046303E-4, 3.118510890249933E-5, 40.73969830956086, 0.5676520944103234, -0.009836068239860489, -49.9867, 150.5346, 10491
90.0, 900.0, 17.375839439247304, -0.17404814803189841, 30.52417517056186, 3.7175209475198847, 0.0074113842822412365, 1.236132953496014E-6, 5.715094563442775E15, 0.5161017926017363, 0.10615514164461087, -0.014028329173143839, 0.6770819165664915, -0.26911684849780265, 2.214441557774963, 712.9798054389009, 1.3944136990262516E-5, 146.31562837405403, 1.432880435975641E-5, 2.1205616983486575E-4, 3.142117666578027E-5, 40.737959225389005, 0.5656645894324632, -0.009836836975028698, -49.9867, 150.5352, 10491
90.0, 900.0, 18.35654343636822, -0.18390625934384427, 31.16012564591908, 3.721242331564494, 0.007899879780628232, 1.2430227175428976E-6, 5.714999069624195E15, 0.5174186231701946, 0.10637164367792619, -0.013902296327319541, 0.6598702205924275, 0.5696102744645904, 1.3988316590874201, 728.5628462975524, 1.3880021596854356E-5, 146.30485314205544, 1.4569744181398452E-5, 2.1442653381298214E-4, 3.167057057259657E-5, 40.73612205724729, 0.5635650645400236, -0.009837649594976435, -49.9867, 150.5357, 10491
90.0, 900.0, 19.392599022880354, -0.19432419291867475, 31.818165477419562, 3.7251697147557907, 0.008424239374092994, 1.250091580104638E-6, 5.714898238163053E15, 0.5187614950468938, 0.10659362726692628, -0.013772193110183503, 0.6807389701292244, -0.7126626061528102, 2.703979132338628, 744.7338035097199, 1.3816253256484709E-5, 146.29345536848834, 1.4819737557254153E-5, 2.1687219621537514E-4, 3.193404302476305E-5, 40.734181277458205, 0.5613472152547461, -0.009838508634078659, -49.9866, 150.5363, 10491
90.0, 900.0, 20.487130279502384, -0.20533387678168422, 32.49887544701416, 3.7293142693683246, 0.008987475971886268, 1.2573414322360284E-6, 5.714791773752651E15, 0.520130212933135, 0.10682112489314123, -0.01363793356562544, 0.6521701740444034, 0.7518643264694975, 1.2619393316054404, 761.5127576638395, 1.375287469854141E-5, 146.28142291725834, 1.5079086956974936E-5, 2.193948833517159E-4, 3.2212388919481394E-5, 40.73213104731464, 0.5590043833420539, -0.009839416776015159, -49.9866, 150.5369, 10491
90.0, 900.0, 21.643437612157808, -0.21696907283468786, 33.20284926683604, 3.733687747961301, 0.009592891977192925, 1.2647742038807144E-6, 5.714679365093662E15, 0.5215245747082649, 0.10705416814884078, -0.013499429992262182, 0.6576563269697058, 0.5915841487805974, 1.4441636903661164, 778.9206462928207, 1.3689925327164722E-5, 146.26871996698353, 1.5348104839517336E-5, 2.2199636520639976E-4, 3.250644805278743E-5, 40.72996519963589, 0.556529537083208, -0.009840376864072504, -49.9866, 150.5376, 10491
90.0, 900.0, 22.86500770388742, -0.22926548345055434, 33.93069412836949, 3.738302510712949, 0.010244110327504998, 1.2723918370355182E-6, 5.714560684066953E15, 0.5229443663826939, 0.10729278684316289, -0.013356593462557506, 0.6796125889997973, -0.7250218408045791, 2.7820051713589993, 796.979321989457, 1.362744151381908E-5, 146.25528691191337, 1.562711291676709E-5, 2.2467844659617754E-4, 3.281710765521012E-5, 40.72767722035202, 0.5539152504611793, -0.00984139190986173, -49.9866, 150.5383, 10491
90.0, 900.0, 24.155524028454376, -0.24226086439935135, 34.68303127005591, 3.7431715537389536, 0.010945109143899996, 1.2801963052375138E-6, 5.714435384867986E15, 0.5243893658050324, 0.10753700956498978, -0.013209333485410216, 0.6583595185598103, 0.5437833183351468, 1.5335515964241873, 815.711614506233, 1.3565457364655488E-5, 146.24110553952661, 1.5916451907766062E-5, 2.2744301392895667E-4, 3.3145305075863235E-5, 40.725260229062854, 0.5511536812021758, -0.009842465103781716, -49.9866, 150.539, 10491
90.0, 900.0, 25.51887795734414, -0.25599514456117906, 35.460496562474525, 3.748308538397058, 0.01170026044035041, 1.2881896483576962E-6, 5.714303103101504E15, 0.5258593490409809, 0.10778686472366253, -0.013057557364866995, 0.6754402929147383, -0.3916454526015458, 2.4882643692103494, 835.1413970800038, 1.3504003378126685E-5, 146.22611185615753, 1.6216471891990566E-5, 2.3029199724371597E-4, 3.349203061247938E-5, 40.72270695851626, 0.5482365476122117, -0.009843599827272884, -49.9866, 150.5398, 10491
90.0, 900.0, 26.95918049365098, -0.27051055269528024, 36.263741110296756, 3.7537278215756134, 0.012514373380240215, 1.2963739411484544E-6, 5.714163454835224E15, 0.5273540844379457, 0.1080423795177661, -0.012901170804737794, 0.6752598905443087, -0.39551118938276786, 2.510155485813355, 855.2936572400004, 1.3443107736772579E-5, 146.21028300520786, 1.652754341236319E-5, 2.332274130572268E-4, 3.385833050821217E-5, 40.72000973294552, 0.5451551041438285, -0.009844799663266294, -49.9866, 150.5406, 10491
90.0, 900.0, 28.4807746682328, -0.2858517518884322, 37.09343187028489, 3.759444486959079, 0.013392742676638082, 1.3047513438863122E-6, 5.714016035611282E15, 0.5288733417686536, 0.10830358147150156, -0.012740076953311669, 0.6681462403375583, 0.07627572761559319, 2.0549384804991084, 876.1945723765673, 1.338279514877196E-5, 146.19357184898863, 1.6850051224284678E-5, 2.3625134483433574E-4, 3.424531011218927E-5, 40.717160445203625, 0.541900115625455, -0.009846068410354953, -49.9866, 150.5415, 10491
90.0, 900.0, 30.088248635513313, -0.30206598199270707, 37.95025228468435, 3.7654743772581436, 0.014341202755824976, 1.313324075200033E-6, 5.7138604194142E15, 0.5304168870259669, 0.1085704975394146, -0.012574176922633296, 0.6745737169413556, -0.38141400180602236, 2.5275416522738268, 897.8715903679166, 1.3323087116058256E-5, 146.17588508757083, 1.7184390483355164E-5, 2.3936592049175504E-4, 3.4654137222780614E-5, 40.714150532629965, 0.5384618300841142, -0.009847410095274196, -49.9866, 150.5424, 10491
90.0, 900.0, 31.78644950841998, -0.3192032106027687, 38.83490292944401, 3.77183412738631, 0.015366188434542087, 1.3220944291971387E-6, 5.713696157594202E15, 0.5319844853185746, 0.10884315459599574, -0.012403369463070205, 0.6559027159293285, 0.5810626514205491, 1.5781188686153147, 920.3535155829202, 1.3264003496704737E-5, 146.15721362391207, 1.7530986952537772E-5, 2.4257340299641938E-4, 3.508604561925638E-5, 40.71097095157898, 0.534829950085745, -0.009848828987040988, -49.9866, 150.5434, 10491
90.0, 900.0, 33.580497974175145, -0.3373162933155881, 39.7481021767877, 3.7785411985583766, 0.0164748029276254, 1.3310648360006295E-6, 5.713522777744756E15, 0.5335759113053806, 0.10912158126838538, -0.012227549772535665, 0.6755249831306351, -0.4889698400830322, 2.6591428413094875, 943.6706005995328, 1.3205560249523673E-5, 146.13750187951985, 1.7890281617186822E-5, 2.458761331499826E-4, 3.554233879344607E-5, 40.707612150538836, 0.5309936025163453, -0.009850329614647404, -49.9866, 150.5444, 10491
90.0, 900.0, 35.475803735012164, -0.35646114350100416, 40.690586871751364, 3.7856139132793043, 0.017674894131770296, 1.3402377962108866E-6, 5.713339782533283E15, 0.5351909370271887, 0.10940580584757219, -0.01204661075567351, 0.6760480110611724, -0.5371490544564455, 2.716051130822979, 967.8546440007513, 1.3147770384661921E-5, 146.11666939643234, 1.8262731718576137E-5, 2.492765207848908E-4, 3.60243938914451E-5, 40.70406404176377, 0.5269413067223918, -0.009851916781447647, -49.9866, 150.5455, 10491
90.0, 900.0, 37.47808182037589, -0.37669691240780145, 41.66311302239313, 3.79307149118444, 0.018975140250355287, 1.3496159195017283E-6, 5.713146648484056E15, 0.5368293383856986, 0.10969585743861247, -0.011860442259237963, 0.6633373762598087, 0.2931869787364197, 1.89198754455716, 992.9390946330534, 1.3090644647570063E-5, 146.09465415359773, 1.8648819741945986E-5, 2.527770897638082E-4, 3.6533665881805754E-5, 40.700315971339435, 0.5226609409249572, -0.009853595583258946, -49.9866, 150.5466, 10491
90.0, 900.0, 39.593369819794674, -0.39808618030901255, 42.6664565034747, 3.800934085684011, 0.02038514597766314, 1.3592019556491792E-6, 5.712942824712433E15, 0.5384909000000478, 0.10999176686494051, -0.011668930430820457, 0.6583841057260522, 0.5005971671602125, 1.6882080043063132, 1018.9591627359155, 1.3034191179040864E-5, 146.0714123641555, 1.9049056058094666E-5, 2.563804935343272E-4, 3.707169195622572E-5, 40.69635668759712, 0.5181397068188365, -0.0098553714280744, -49.9865, 150.5478, 10491
90.0, 900.0, 41.82804608838716, -0.42069515932794227, 43.70141377350441, 3.8092228213561787, 0.02191555060886982, 1.3689987908532137E-6, 5.712727731609644E15, 0.5401754138568635, 0.11029356649241998, -0.011471957754620829, 0.667524980490606, 0.09675611902114215, 2.092865302192648, 1045.9519383752606, 1.2978414752350838E-5, 146.0468313331532, 1.9463965871093463E-5, 2.600894579479674E-4, 3.764009618196601E-5, 40.692174307787624, 0.5133640922628206, -0.009857250056390307, -49.9865, 150.5491, 10491
90.0, 900.0, 44.18884897990008, -0.4445939085399947, 44.7688026051196, 3.817959832023851, 0.023578149659109256, 1.3790094278037435E-6, 5.712500759477533E15, 0.5418826752220874, 0.11060128955408029, -0.01126940342070229, 0.6651930289841387, 0.22821922891925475, 1.9592478468449093, 1073.9565176384585, 1.2923318783197905E-5, 146.02088139815567, 1.989411416442776E-5, 2.6390688086244755E-4, 3.824059441832995E-5, 40.687756282921875, 0.508319831963381, -0.009859237561519915, -49.9865, 150.5504, 10491
90.0, 900.0, 46.68289716527154, -0.4698565626213801, 45.869462828872145, 3.827168299440817, 0.025386031760356947, 1.389237062705866E-6, 5.712261267112768E15, 0.5436124950467913, 0.11091497245218947, -0.011061141730016585, 0.6706374757659543, -0.06002416790769474, 2.242230591002714, 1103.0141370737033, 1.2868903062320528E-5, 145.9934635657513, 2.0340085501006853E-5, 2.678357610286892E-4, 3.887499951036022E-5, 40.683089360679936, 0.5029918660503943, -0.009861340415492768, -49.9865, 150.5519, 10491
90.0, 900.0, 49.31771109798763, -0.4965615743030384, 47.00425709056235, 3.836872492502785, 0.027353732887463393, 1.3996850117195567E-6, 5.712008580340249E15, 0.5453646865640959, 0.11123465242361907, -0.01084704353635163, 0.6765734827273058, -0.4986138462770672, 2.672342416618054, 1133.1683168822044, 1.2815165545549303E-5, 145.96451793476766, 2.0802500284654786E-5, 2.7187924946317347E-4, 3.9545226776633674E-5, 40.67815954628577, 0.4973642964374938, -0.009863565491522881, -49.9865, 150.5534, 10491
90.0, 900.0, 52.101235690958106, -0.5247919721203267, 48.17407162234464, 3.847097806888497, 0.029497410220648432, 1.4103567799976863E-6, 5.7117419904956E15, 0.5471390761169808, 0.11156036958207927, -0.010626974796694902, 0.6746521387644501, -0.2950335713321611, 2.4569855045509965, 1164.4650133975442, 1.2762101133964141E-5, 145.9339148325145, 2.1282000379982762E-5, 2.760406025911453E-4, 4.025329981095046E-5, 40.672952061239535, 0.49142034085665065, -0.00986592009268803, -49.9865, 150.5549, 10490
90.0, 900.0, 55.04186427329007, -0.5546356339621528, 49.37981702790145, 3.85787080502547, 0.031835038305240065, 1.4212560230068443E-6, 5.7114607528569E15, 0.5489354957095597, 0.1118921656516253, -0.010400797311564167, 0.6683338461933982, 0.15665768027450871, 1.9901712367934574, 1196.9527814127277, 1.270970353512775E-5, 145.90158488332878, 2.17792718379028E-5, 2.803232656518282E-4, 4.100135660959163E-5, 40.6674512997941, 0.48514228445011787, -0.009868411978919099, -49.9865, 150.5566, 10490
90.0, 900.0, 58.148463899198035, -0.5861855780942637, 50.62242908205118, 3.8692192562640635, 0.03438663051098258, 1.4323866198311973E-6, 5.711164085026015E15, 0.5507537941018957, 0.11223008611100513, -0.010168367151360921, 0.6701290307743063, 0.09592988459256298, 2.03242065595801, 1230.6829469418217, 1.2657963715465456E-5, 145.8674318425358, 2.2295034779125688E-5, 2.8473084407713145E-4, 4.1791656048598944E-5, 40.66164078305694, 0.47851142879996544, -0.009871049400141918, -49.9865, 150.5584, 10490
90.0, 900.0, 61.430402085365756, -0.6195402722460502, 51.902869545220206, 3.8811721771327496, 0.037174489282051776, 1.4437526212499414E-6, 5.710851165260196E15, 0.5525938270749767, 0.11257417851227176, -0.00992953566658096, 0.6643632942399462, 0.4149557990447688, 1.6915953954196257, 1265.70979102958, 1.2606870472439634E-5, 145.83135402873248, 2.2830046667006752E-5, 2.8926710404844955E-4, 4.262658472745787E-5, 40.655503110592655, 0.47150803826864074, -0.00987384112805993, -49.9865, 150.5603, 10490
90.0, 900.0, 64.89757505738264, -0.6548039623051194, 53.22212699326919, 3.8937598715366546, 0.040223489101520994, 1.455358274609358E-6, 5.710521130754904E15, 0.5544554604107742, 0.11292449313705419, -0.009684148911959664, 0.6729225855758766, 0.0190284958797584, 2.062484708457107, 1302.0907452490385, 1.2556410492987275E-5, 145.7932440158132, 2.338510539347087E-5, 2.9393598781721333E-4, 4.3508664201265823E-5, 40.649019909395854, 0.46411128352021613, -0.009876796492252576, -49.9864, 150.5622, 10490
90.0, 900.0, 68.56043759042794, -0.6920870219019193, 54.58121766321912, 3.907013970750974, 0.043561396714383464, 1.4672080295728087E-6, 5.710173075879135E15, 0.5563385696252092, 0.11328108306187891, -0.009432047461414267, 0.678190173631873, -0.2995703876437083, 2.352941571909689, 1339.8865995536933, 1.2506568335993698E-5, 145.75296661947323, 2.396104721422673E-5, 2.987416046425278E-4, 4.444055862226862E-5, 40.64217178009704, 0.4562991820859965, -0.009879925418598568, -49.9864, 150.5643, 10490
90.0, 900.0, 72.43003453418311, -0.7315063242583653, 55.98118631547427, 3.9209674730507946, 0.04721923380030653, 1.4793065403425397E-6, 5.70980605036491E15, 0.5582430390955407, 0.11364400411106604, -0.009173066296711246, 0.6797892714970474, -0.3573798968410026, 2.3796959365065646, 1379.1617231775115, 1.245732712596038E-5, 145.7104236293221, 2.455876218253637E-5, 3.036882892807666E-4, 4.542508281608708E-5, 40.63493824025887, 0.4480485358335873, -0.009883238470241857, -49.9864, 150.5665, 10490
90.0, 900.0, 76.51803411703126, -0.7731856381759096, 57.4231071131861, 3.9356547828094857, 0.05123168803255213, 1.491658695471528E-6, 5.709419057452953E15, 0.5601687654485779, 0.11401331562834711, -0.008907034101130196, 0.6804193689851078, -0.3193887043464509, 2.307987088241542, 1419.9842993026712, 1.2408667509410063E-5, 145.6654883569512, 2.51791851497386E-5, 3.087805700859709E-4, 4.6465210815783006E-5, 40.627297664612655, 0.43933486519355913, -0.009886746893173688, -49.9864, 150.5688, 10490
90.0, 900.0, 80.83676312996798, -0.8172560493550485, 58.90808451944631, 3.9511117488893204, 0.05563757936486362, 1.504269578730215E-6, 5.709011051996997E15, 0.5621156500872243, 0.11438907917590943, -0.008633774031145555, 0.6754595008274422, 0.13826826537988685, 1.814263190766705, 1462.4265742415748, 1.2360568138656075E-5, 145.61800528268324, 2.5823295832256688E-5, 3.140231585781785E-4, 4.756408487793278E-5, 40.6192272220787, 0.4301323399913337, -0.009890462663023325, -49.9864, 150.5713, 10490
90.0, 900.0, 85.3992440963155, -0.8638564091169061, 60.43725421303689, 3.967375702140656, 0.06048038938120082, 1.5171444885310264E-6, 5.708580938529618E15, 0.5640836009839909, 0.1147713589895698, -0.00835310324188697, 0.6834392369519454, -0.3859548500077474, 2.3004478777651287, 1506.56512190638, 1.2313006322752337E-5, 145.56785466692207, 2.6492136546150383E-5, 3.1942101851757914E-4, 4.872502501381376E-5, 40.6107028094069, 0.42041370672852807, -0.009894398536637612, -49.9864, 150.5739, 10490
90.0, 900.0, 90.21923453932051, -0.913133812794505, 62.01178402350243, 3.984485491820055, 0.06580886273873703, 1.5302889647864E-6, 5.708127569292952E15, 0.5660725354223323, 0.11516022263838208, -0.00806483223741812, 0.6805973718179029, -0.018660143545755615, 1.8935863424768142, 1552.4811243660927, 1.2265956920233474E-5, 145.5148654348103, 2.718679759797549E-5, 3.2497931274803356E-4, 4.995153905849908E-5, 40.60169898126654, 0.41015021215156233, -0.009898568108756405, -49.9863, 150.5766, 10490
90.0, 900.0, 95.31126846604134, -0.965244109208838, 63.63287488634426, 4.002481520733504, 0.07167769103271618, 1.5437087430617315E-6, 5.707649742238112E15, 0.5680823716638783, 0.11555573952448411, -0.007768765812580139, 0.6819886458724619, -0.010955805720408766, 1.8452949284123692, 1600.2606693182845, 1.2219393419563399E-5, 145.45887973220655, 2.790843216365916E-5, 3.307034462055237E-4, 5.1247333310655774E-5, 40.592188876607224, 0.39931152294018535, -0.00990298587044056, -49.9863, 150.5795, 10490
90.0, 900.0, 100.69070019261355, -1.0203524442930334, 65.30176181916762, 4.021405778908612, 0.07814829107096972, 1.557409797155281E-6, 5.707146198997706E15, 0.5701130340892161, 0.11595798200195294, -0.007464702066857426, 0.6777693179231137, 0.3646812121279367, 1.4286217345208327, 1649.9950653298679, 1.2173287431825406E-5, 145.39973076887736, 2.8658257090390476E-5, 3.3659907433893126E-4, 5.261632377724869E-5, 40.58214414110533, 0.3878656413451127, -0.009907667274750589, -49.9863, 150.5826, 10490
90.0, 900.0, 106.37375064304275, -1.078633840910408, 67.01971491964333, 4.041301875599719, 0.08528969128023682, 1.5713983156659663E-6, 5.706615622836271E15, 0.5721644483249815, 0.1163670245376455, -0.007152432867222044, 0.6832853282347705, 0.142733968689632, 1.609714230085333, 1701.7811757292684, 1.2127608684308654E-5, 145.3372423084538, 2.943755508416013E-5, 3.426721019341114E-4, 5.406264805292916E-5, 40.57153484550237, 0.375778816597538, -0.009912628806020994, -49.9863, 150.5858, 10490
90.0, 900.0, 112.37755626113236, -1.1402738176963865, 68.78804038617298, 4.062215069432401, 0.09317954210556832, 1.585680697565367E-6, 5.706056636584087E15, 0.5742365393474861, 0.11678294343852871, -0.006831743906158774, 0.6872665870048573, -0.04149985636861926, 1.7539589854984767, 1755.721772061038, 1.2082325005187626E-5, 145.27122812852218, 3.0247678048594116E-5, 3.489286901261015E-4, 5.5590677874949805E-5, 40.560329399633964, 0.363015451909237, -0.009917888054981684, -49.9863, 150.5892, 10490
90.0, 900.0, 118.72022068303308, -1.2054690498702054, 70.60808156217415, 4.084192296499329, 0.10190526869591203, 1.6002635460502679E-6, 5.705467800560303E15, 0.576329229401183, 0.11720581653112376, -0.006502414807079596, 0.6909528051580541, -0.2652014029203364, 1.9392672479223068, 1811.9259080437323, 1.2037402299123375E-5, 145.20149144891315, 3.1090050505079653E-5, 3.5537526290675247E-4, 5.720503238877786E-5, 40.54849446194022, 0.3495380068777578, -0.00992346379980778, -49.9862, 150.5928, 10490
90.0, 900.0, 125.42086932622585, -1.2744280752185397, 72.48122000492722, 4.107282196227945, 0.11156538700019751, 1.6151536605400924E-6, 5.704847610491863E15, 0.5784424357349824, 0.11763572279135032, -0.006164219281981964, 0.6925454559354797, -0.2813537270357294, 1.919387766559844, 1870.509315003096, 1.1992804513660477E-5, 145.12782432617732, 3.196617308239118E-5, 3.6201851302266073E-4, 5.8910592159947945E-5, 40.53599484424042, 0.335306895107359, -0.009929376093579826, -49.9862, 150.5966, 10490
90.0, 900.0, 132.49970705954334, -1.3473720487349725, 74.4088765799512, 4.131535134852342, 0.12227100769069346, 1.6303580266804632E-6, 5.704194495435271E15, 0.5805760681609599, 0.11807274192324684, -0.0058169253463701, 0.6882205288212097, 0.319262279364995, 1.2858898713057174, 1931.5948197857083, 1.1948493567762517E-5, 145.04998542854082, 3.287761997362091E-5, 3.6886538578512467E-4, 6.0712513984784995E-5, 40.522793411546886, 0.32028037685231103, -0.009935646358672058, -49.9862, 150.6006, 10490
90.0, 900.0, 139.97807912812604, -1.4245355495393353, 76.39251258190035, 4.157003226337117, 0.13414755609658113, 1.6458838028998045E-6, 5.703506815708714E15, 0.5827300262606718, 0.1185169538478088, -0.005460295626820391, 0.6938130978260464, -0.062037591293521044, 1.6382534349339375, 1995.31278619368, 1.190442983302868E-5, 144.96774255961068, 3.382605408691642E-5, 3.759231242924248E-4, 6.26162465314512E-5, 40.508850976684315, 0.3044144464852012, -0.009942297488255638, -49.9862, 150.6049, 10490
90.0, 900.0, 147.8785355170237, -1.5061674447645341, 78.43363088299891, 4.183740350620041, 0.14733674086481044, 1.6617383307335528E-6, 5.702782860842573E15, 0.584904199991441, 0.11896843887931932, -0.005094087133997616, 0.6924982580352899, 0.24122002557065647, 1.3107897152017263, 2061.8015810193715, 1.186057158349971E-5, 144.88087187986108, 3.4813233034491315E-5, 3.831992861213327E-4, 6.462754687006951E-5, 40.494126189473846, 0.2876627145924342, -0.00994935395698701, -49.9862, 150.6094, 10489
90.0, 900.0, 156.22489894752135, -1.5925318145448177, 80.53377711005673, 4.211802169063264, 0.16199880909229647, 1.6779290965309848E-6, 5.702020847556752E15, 0.5870984636764588, 0.1194272765209064, -0.004718052165716163, 0.6978586899677539, -0.38597781638852985, 1.919264414027404, 2131.2080658009936, 1.1816874361581756E-5, 144.78907089521007, 3.584098589675711E-5, 3.907016477105741E-4, 6.675249792773997E-5, 40.47857542023252, 0.26997628449391176, -0.009956841939670535, -49.9861, 150.6141, 10489
90.0, 900.0, 165.04233671122358, -1.6839089421719118, 82.69454085113507, 4.241246137029293, 0.17831513176620786, 1.6944636852584235E-6, 5.701218917773683E15, 0.5893126693483591, 0.1198935440723997, -0.004331939429965612, 0.6973791464199245, -0.1462892792456213, 1.6670332415502118, 2203.688115466082, 1.1773292467326215E-5, 144.69208703646083, 3.691125316162112E-5, 3.984383245811061E-4, 6.899752693284986E-5, 40.46215263733187, 0.25130362298359366, -0.009964789437828733, -49.9861, 150.6191, 10489
90.0, 900.0, 174.35743655850237, -1.7805963770716944, 84.91755689296048, 4.272131513528301, 0.19649117028395763, 1.7113498327221318E-6, 5.700375136676136E15, 0.5915466535218697, 0.1203673180363572, -0.003935492891489062, 0.699014062756788, -0.3996666014564217, 1.9146651993038695, 2279.4071650808824, 1.172977732954023E-5, 144.5896305253247, 3.802606978526779E-5, 4.064177180017564E-4, 7.13694248917869E-5, 40.444809278550636, 0.23159042508812266, -0.009973226420073023, -49.9861, 150.6244, 10489
90.0, 900.0, 184.19828687013987, -1.8829100740960452, 87.20450649021419, 4.304519367917069, 0.21675988302291135, 1.7285953284130404E-6, 5.699487490819215E15, 0.5938002241020656, 0.12084867132577763, -0.003528454119355498, 0.6935299576043996, 0.42343856049753387, 1.0931208245305288, 2358.5407859805005, 1.1686277916858405E-5, 144.48139503103104, 3.9187570263257944E-5, 4.146485010581089E-4, 7.387536715770128E-5, 40.42649411595149, 0.2107794726374257, -0.009982184969631453, -49.9861, 150.6299, 10489
90.0, 900.0, 194.59456135391218, -1.991185616851043, 89.5571186678579, 4.338472583666926, 0.23938564024851772, 1.7462080113288445E-6, 5.698553886306035E15, 0.596073160205532, 0.12133767313738736, -0.0031105625005331677, 0.6967196669539226, 0.04151365060973144, 1.4842854777476964, 2441.2752926180106, 1.1642740624830138E-5, 144.3670352159941, 4.039798589899004E-5, 4.2313960104554103E-4, 7.65229351551183E-5, 40.407153114003414, 0.18881048644448306, -0.009991699445379025, -49.986, 150.6358, 10489
90.0, 900.0, 205.57760852150503, -2.1057795315946355, 91.9771715576926, 4.374055859257923, 0.2646687269207457, 1.764195738689997E-6, 5.697572147036571E15, 0.5983652086377699, 0.12183438809029605, -0.0026815561089724993, 0.6981749765452572, -0.30574798895002414, 1.8486742888912493, 2527.808381541453, 1.159910966507537E-5, 144.24618725547708, 4.165965439417127E-5, 4.3190021569609275E-4, 7.932013931352471E-5, 40.386729280665584, 0.16561997189054356, -0.01000180665460646, -49.986, 150.642, 10489
90.0, 900.0, 217.1805462155663, -2.227070700089274, 94.4664937703875, 4.411335706298886, 0.29295052562653795, 1.782566377548887E-6, 5.696540013039054E15, 0.6006760835854037, 0.12233887602861293, -0.0022411720513761113, 0.6938156829207343, 0.21127110537242055, 1.3566867331570835, 2618.3498039866527, 1.15553269315559E-5, 144.11853208235382, 4.297504830453572E-5, 4.409398939905483E-4, 8.227544327906194E-5, 40.36516251114434, 0.1411410577182508, -0.010012546039874186, -49.986, 150.6486, 10489
90.0, 900.0, 229.43836147192874, -2.3554618806099374, 97.0269658042622, 4.450380445017132, 0.3246194870574005, 1.8013277685205885E-6, 5.695455138892971E15, 0.603005462999858, 0.12285119108203757, -0.0017891474956781978, 0.6944519185747762, -0.005793108014726009, 1.6064874092240398, 2713.122073661865, 1.1511330362588179E-5, 143.9836439491413, 4.43467240612665E-5, 4.502683519207642E-4, 8.539778947071188E-5, 40.34238942402849, 0.1153033278350466, -0.010023959880840384, -49.986, 150.6555, 10489
90.0, 900.0, 242.38801601812324, -2.491381342936077, 99.66052149215686, 4.491260197307046, 0.36011801291330925, 1.8204876072420717E-6, 5.694315092252259E15, 0.6053529753708939, 0.12337137854303723, -0.0013252227252964904, 0.6957760991375916, -0.4078652970994812, 2.0485639964103326, 2812.3612113982704, 1.14670558141778E-5, 143.841118003072, 4.577736424436391E-5, 4.598955693052622E-4, 8.869662604967264E-5, 40.3183431895062, 0.08803264593180726, -0.010036093507501821, -49.986, 150.6628, 10489
90.0, 900.0, 256.06855772629865, -2.635284632544142, 102.3691494877853, 4.534046877572577, 0.39995039663957194, 1.840053503618383E-6, 5.693117352476622E15, 0.607718209057495, 0.12389947665262663, -8.491399428680046E-4, 0.6890980154469453, 0.2174769166354136, 1.4698043013377884, 2916.317528449025, 1.142243588868722E-5, 143.69052598835404, 4.726977190038294E-5, 4.698317756517998E-4, 9.218193537312069E-5, 40.29295334936301, 0.05925097273504143, -0.010048995534324557, -49.986, 150.6705, 10488
90.0, 900.0, 270.5212383566192, -2.7876564721460744, 105.1548947930365, 4.578814181644117, 0.4446919913222024, 1.860032881760633E-6, 5.691859309378001E15, 0.610100702213772, 0.12443551408075133, -3.606459357847619E-4, 0.6924773138758047, -0.3182649721044326, 2.05775605054924, 3025.2564503397743, 1.1377399776370167E-5, 143.53141482120705, 4.8826868029350136E-5, 4.8008740468334415E-4, 9.586426400655454E-5, 40.26614562846005, 0.02887617570812573, -0.010062718108344472, -49.986, 150.6787, 10488
90.0, 900.0, 285.78963794617766, -2.949012813902805, 108.01986032777123, 4.625637574094515, 0.494999802098552, 1.8804329275822127E-6, 5.690538262088109E15, 0.6124999393038302, 0.12497950878322012, 1.4050636287279983E-4, 0.6906565258710967, -0.276155947914194, 2.072273654799769, 3139.4593833057356, 1.1331873104015741E-5, 143.36328373251442, 5.0451682730231624E-5, 4.906730419360817E-4, 9.975475437343111E-5, 40.23784173739196, -0.003178168970183304, -0.010077317175848604, -49.986, 150.6873, 10488
90.0, 900.0, 301.9197962185021, -3.1199030556124607, 110.96620854375814, 4.674594274321005, 0.5516247330708605, 1.9012605331866467E-6, 5.689151418051567E15, 0.6149153477962188, 0.12553146683921623, 6.545562013733908E-4, 0.6895619288872956, -0.32715188094879266, 2.1828548225857793, 3259.2246254954466, 1.128577824548468E-5, 143.18562538019688, 5.2147372729813994E-5, 5.015994520238278E-4, 1.0386517811643705E-4, 40.20795916602591, -0.037002982316626465, -0.010092852767348644, -49.986, 150.6964, 10488
90.0, 900.0, 318.9603514099032, -3.3009124376066397, 113.99616308450932, 4.725763241798866, 0.6154257569690893, 1.9225222638035804E-6, 5.687695892147519E15, 0.6173462979905173, 0.1260913819501588, 0.0011817338643768105, 0.6886262925890849, -0.3835193300995587, 2.300085267382078, 3384.868325279364, 1.123903362934918E-5, 142.99790269473522, 5.391721405230919E-5, 5.128775341139865E-4, 1.082079712543404E-4, 40.176410967627014, -0.0726938964991728, -0.01010938930310442, -49.986, 150.706, 10488
90.0, 900.0, 336.96268693127325, -3.492664635448396, 117.11201049291388, 4.779225160947697, 0.6873863206462071, 1.944224265538973E-6, 5.686168705940694E15, 0.6197920965628406, 0.12665923344207836, 0.0017222580360940765, 0.6857510561978987, -0.21326884164919718, 2.1901105811463015, 3516.725489173216, 1.1191553570609655E-5, 142.79952574955468, 5.5764587399309596E-5, 5.245182401367996E-4, 1.1279627121198728E-4, 40.14310553328288, -0.11035147698767078, -0.010126995917593088, -49.986, 150.7161, 10488
90.0, 900.0, 355.9810863075752, -3.6958245668813823, 120.31610196873531, 4.83506242608146, 0.7686333515626799, 1.966372197132742E-6, 5.6845667870606E15, 0.6222519836669407, 0.12723498499738334, 0.002276333714183648, 0.6805369240612255, 0.1217769929990446, 1.9127574530115787, 3655.1510420715736, 1.1143248549387584E-5, 142.58989232993994, 5.7692994447479776E-5, 5.365325912541015E-4, 1.1764395580637416E-4, 40.107946356349366, -0.15008145303882792, -0.010145746804539208, -49.986, 150.7268, 10487
90.0, 900.0, 376.07289686222015, -3.91110143536032, 123.61085517824122, 4.893359126938168, 0.8604592920173253, 1.9889711841329783E-6, 5.682886968705028E15, 0.6247251331269777, 0.12781858404710472, 0.002844150656887895, 0.6802105779425608, 0.06872524251348743, 2.0188596390130518, 3800.520942686786, 1.1094024518388158E-5, 142.3683432354816, 5.970603524744486E-5, 5.489315845950041E-4, 1.2276568427242068E-4, 40.0708317866501, -0.19199495664630062, -0.010165721583924231, -49.986, 150.7381, 10487
90.0, 900.0, 397.2987026399005, -4.1392520298858235, 126.99875611848131, 4.954201035303587, 0.9643476591878037, 2.0120257125689724E-6, 5.681125989261088E15, 0.6272106465753656, 0.128409959676307, 0.0034258802873110283, 0.6774073180393689, 0.20336455492440056, 1.9305870274298298, 3953.2333573023207, 1.1043783159581705E-5, 142.1342024019243, 6.180742062009229E-5, 5.617261851833454E-4, 1.2817694040225395E-4, 40.03165477418008, -0.23620877008384777, -0.010187005688339893, -49.9861, 150.75, 10487
90.0, 900.0, 419.72250708930346, -4.381084308940848, 130.4823610390313, 5.017675593255037, 1.082002713097229, 2.0355395734772477E-6, 5.6792804920338E15, 0.6297075539358569, 0.1290090219425487, 0.0040216738411257835, 0.6832490689062739, -0.30708777612251864, 2.4787910837297957, 4113.709895177815, 1.0992421149459125E-5, 141.88675307815836, 6.400095678276579E-5, 5.749272504380401E-4, 1.3389407788600295E-4, 39.990302602082366, -0.28284558215803557, -0.010209690771374298, -49.9861, 150.7625, 10487
90.0, 900.0, 443.411926056559, -4.637461293448153, 134.0642984243926, 5.083871903555972, 1.2153839130614057, 2.059515743279054E-6, 5.677347025068587E15, 0.6322148077142694, 0.12961565964473587, 0.0046316588682204785, 0.6792977948850305, 0.011781648254547182, 2.187337898821899, 4282.396909185702, 1.0939829978703295E-5, 141.6251929186103, 6.629050808776039E-5, 5.885453761759307E-4, 1.3993436792001426E-4, 39.946656608689615, -0.3320342532943763, -0.010233875134587072, -49.9862, 150.7758, 10486
90.0, 900.0, 468.4383916713673, -4.909305298005961, 137.74727104069459, 5.152880722729241, 1.3667459576620955, 2.0839562909051567E-6, 5.675322041050011E15, 0.6347312810768818, 0.13022973889529849, 0.005255936373343317, 0.6780232667462928, 0.10277871533418391, 2.112016003042095, 4459.7668655164125, 1.0885896638319717E-5, 141.34871553317856, 6.868003125715129E-5, 6.025909515261618E-4, 1.463160491589072E-4, 39.90059189845325, -0.3839100895783556, -0.010259664172480734, -49.9862, 150.7898, 10486
90.0, 900.0, 494.8773677405951, -5.197602539347969, 141.53405805091336, 5.224794457326732, 1.5386853384403514, 2.1088623353006964E-6, 5.67320189725458E15, 0.637255771753665, 0.13085110304837344, 0.005894579228005403, 0.6819165676745352, -0.18458515677779364, 2.4023253643425444, 4646.319786560769, 1.0830502338644233E-5, 141.05646485746803, 7.117354419311802E-5, 6.170740429075002E-4, 1.530583800720546E-4, 39.85197704161264, -0.438615125878806, -0.010287170836100637, -49.9863, 150.8045, 10486
90.0, 900.0, 522.8085772988312, -5.503408152381716, 145.42751720352211, 5.299707163895634, 1.7341944950944925, 2.134233873510877E-6, 5.670982855530525E15, 0.6397869933692626, 0.13147956948056166, 0.006547627256842187, 0.675603072537103, 0.3115426076164422, 1.8959347664833799, 4842.584803783478, 1.0773522229304964E-5, 140.7475315959138, 7.37751020670752E-5, 6.320042613960231E-4, 1.6126296565856688E-4, 39.80067376250161, -0.4962984182077044, -0.010316516107767964, -49.9864, 150.8201, 10485
90.0, 900.0, 552.3162430020471, -5.827851656089698, 149.43058710036098, 5.37771455311719, 1.9567248443518523, 2.160069666903918E-6, 5.668661082271899E15, 0.6423235738656209, 0.13211492797767413, 0.007215083770982067, 0.6798597850649677, 0.09553886938699632, 2.08857536358839, 5049.121998461567, 1.0714825123991237E-5, 140.4208866426836, 7.648873362050368E-5, 6.473905432670501E-4, 1.7853097169401772E-4, 39.746536616430824, -0.5571163454936578, -0.010347829486052434, -49.9866, 150.8366, 10485
90.0, 900.0, 583.4893410892369, -6.172142910197904, 153.54628955060073, 5.458913998562966, 2.210260171459338, 2.186367148702881E-6, 5.666232648348185E15, 0.6448640567838381, 0.13275693975536604, 0.007896912638790249, 0.6818961692584469, 0.02961434309546056, 2.1187835000793926, 5266.523368265317, 1.0654274764030455E-5, 140.07552349653423, 7.931851429635499E-5, 6.632413038333187E-4, 1.966015064504456E-4, 39.68941265514202, -0.6212329209898453, -0.010381249473818693, -49.9867, 150.8539, 10485
90.0, 900.0, 616.4218696778213, -6.537578621560681, 157.77773201903074, 5.543404550477017, 2.4994021257973977, 2.2131222887632504E-6, 5.663693528943712E15, 0.6474068990754512, 0.1334053355351013, 0.008593034244694542, 0.6842047893687163, -0.04354495843587004, 2.145279933501539, 5495.415281358924, 1.059172733857828E-5, 139.7103070387059, 8.226844052076016E-5, 6.795640461382337E-4, 2.1551701817634317E-4, 39.62914108088693, -0.688820113584498, -0.010416924067586262, -49.9869, 150.8722, 10484
90.0, 900.0, 651.2131322018249, -6.925549436111233, 162.12811017859497, 5.631286954950777, 2.8294698593177854, 2.2403294046792818E-6, 5.661039603253354E15, 0.6499504648363039, 0.13405981246152593, 0.00930332003046852, 0.6874686769144729, -0.19789455271253928, 2.2440693270595684, 5736.4601611900725, 1.052703263255027E-5, 139.3240728598041, 8.534246116077219E-5, 6.963653722820855E-4, 2.353228208889015E-4, 39.5655528892592, -0.7600581793904051, -0.010455011230233933, -49.9871, 150.8915, 10484
90.0, 900.0, 687.9680368474924, -7.3375476896407354, 166.60071057922096, 5.722663678811797, 3.2066161928014045, 2.267981075191198E-6, 5.658266653972057E15, 0.6524930296887921, 0.13472003363196028, 0.010027589686964794, 0.6890085519029481, -0.1648498934167206, 2.14919843359132, 5990.358494194863, 1.0460032633771534E-5, 138.91555898740626, 8.85444016538155E-5, 7.136507459414776E-4, 2.562316094568502E-4, 39.49847050098109, -0.8351360040634792, -0.01049567934625452, -49.9874, 150.9118, 10484
90.0, 900.0, 726.7974128892517, -7.775175866349859, 171.19891344764252, 5.817638940498673, 3.637963101493502, 2.2960679000932964E-6, 5.655370366505501E15, 0.6550327716941359, 0.13538562406306576, 0.010765604334019685, 0.6872159332035801, 0.19393467717179366, 1.7254304843403432, 6257.851048028373, 1.0390561571814189E-5, 138.48342048537324, 9.187792385427046E-5, 7.314243017936289E-4, 2.794258462103301E-4, 39.42770738294153, -0.91425145647211, -0.01053910763815969, -49.9877, 150.9333, 10483
90.0, 900.0, 767.818344879891, -8.240155838888084, 175.92619563624788, 5.916318747143782, 4.131759786672614, 2.324578356854071E-6, 5.652346327817229E15, 0.6575677724006435, 0.13605616914023397, 0.011517062212774098, 0.6939025323255994, -0.2665610279632894, 2.1212241939078655, 6539.7205987475645, 1.031844555840677E-5, 138.0262224562095, 9.534647716019607E-5, 7.496886654517644E-4, 3.026354401769809E-4, 39.353067658880704, -0.9976117544979362, -0.010585486531962337, -49.988, 150.956, 10483
90.0, 900.0, 811.1545257026517, -8.734338957236396, 180.78613374316689, 6.018810938033585, 4.697567155543286, 2.353498539010636E-6, 5.649190024813537E15, 0.6600960082674061, 0.13673121042064385, 0.012281591265487501, 0.6918539188549799, 0.21197948110830814, 1.5818456468148028, 6836.794789664679, 1.0243501922510006E-5, 137.54241177506134, 9.89532112961575E-5, 7.684446415640547E-4, 3.258504869707258E-4, 39.274345710230676, -1.0854338439926496, -0.010635017949194797, -49.9884, 150.9798, 10482
90.0, 900.0, 856.9366295498182, -9.257768755301173, 185.7824042130453, 6.125225234564681, 5.343093406164318, 2.3828119818117994E-6, 5.645896842150741E15, 0.6626153510892983, 0.13741024366657423, 0.013058744003795503, 0.697572237795198, -0.22335199179801932, 1.9637153892497268, 7149.948450530236, 1.016599581177911E-5, 137.0759894131916, 1.027011102920661E-4, 7.876911649066012E-4, 3.4911684505687686E-4, 39.194311337547134, -1.183507950460363, -0.010645359419157866, -49.9889, 151.005, 10482
90.0, 900.0, 905.3027059524693, -9.803604490132969, 190.91877953708934, 6.235673296763119, 6.0683808301124, 2.412535550374816E-6, 5.642462098304329E15, 0.6651265898766655, 0.1380935428569011, 0.013848952420349725, 0.6984773826464259, -0.08931737868305213, 1.786763991546745, 7480.1063105107905, 1.0087670624217723E-5, 136.77422972623725, 1.0659784493234892E-4, 8.074491720289921E-4, 3.7283570383734004E-4, 39.122477747710924, -1.3102351130134617, -0.010478042549948432, -49.9894, 151.0315, 10481
90.0, 900.0, 956.398596049531, -10.372340394989683, 196.1991658730939, 6.350268786386012, 6.900321028180233, 2.4428061081276964E-6, 5.638881143695168E15, 0.6676403240164922, 0.13878410049348378, 0.014655853369806987, 0.7005594177738583, -0.23224839495083843, 1.899945676009006, 7828.2455999265985, 1.0008365788555844E-5, 136.45386400631298, 1.106667182239489E-4, 8.278215338787912E-4, 3.9692141208658974E-4, 39.04671106431791, -1.443758522654432, -0.010302917645844878, -49.99, 151.0595, 10481
90.0, 900.0, 1010.3783723513336, -10.964416709035866, 201.6275722839815, 6.469127436578762, 7.855499562876391, 2.473614283883024E-6, 5.635148885389718E15, 0.670154572652523, 0.13948151911959134, 0.015479204774883043, 0.7011825720212298, -0.20228565410036228, 1.8556665656178388, 8195.39909395698, 9.927911693360766E-6, 136.11361502462947, 1.1491327387975499E-4, 8.488155128471175E-4, 4.21397254206033E-4, 38.966805838207605, -1.5844253104044723, -0.010119650185118916, -49.9907, 151.089, 10480
90.0, 900.0, 1067.4048033237184, -11.580207567241068, 207.2081263472557, 6.5923671280191805, 8.953179849468848, 2.504948377765867E-6, 5.631260276323614E15, 0.6726672639110661, 0.14018535964166712, 0.016318694929232047, 0.699588118217897, 0.11633962309402368, 1.5395646257489004, 8582.658205840457, 9.846129589938053E-6, 135.75205666184672, 1.1934279410899549E-4, 8.70436571537756E-4, 4.4628987458713643E-4, 38.882547359063615, -1.732598832977566, -0.009927885013987043, -49.9915, 151.1201, 10479
90.0, 900.0, 1127.6498441935817, -12.220007003712166, 212.94507900369376, 6.7201079714419505, 10.215744533444836, 2.5367941704461744E-6, 5.627210145550631E15, 0.675176235021498, 0.14089513916386143, 0.017173936949668456, 0.7006129387176087, -0.11531583059200089, 1.7909567945992169, 8991.176284388841, 9.762831968630956E-6, 135.36772365940894, 1.239603550945427E-4, 8.926884190556806E-4, 4.7162936162355304E-4, 38.793711472124144, -1.888659348361866, -0.009727242661329698, -49.9924, 151.1529, 10479
90.0, 900.0, 1191.2951554558115, -12.88401276696494, 218.84280993474243, 6.852472396403693, 11.669209738566133, 2.569134759853149E-6, 5.622993189577839E15, 0.6776792353487698, 0.1416103295603234, 0.01804446399566545, 0.6999641402153368, -0.1615347959470599, 1.8733557245103443, 9422.172109728348, 9.677819743498773E-6, 134.95893658131374, 1.2877057569350383E-4, 9.155723666809471E-4, 4.974493072626052E-4, 38.70006443494978, -2.0530047271647818, -0.009517314783861086, -49.9935, 151.1875, 10478
90.0, 900.0, 1258.5326506451033, -13.572307496559658, 224.90583358235017, 6.989585246120768, 13.34382391438356, 2.601950098911028E-6, 5.618603961669419E15, 0.6801739073583285, 0.14233034960324703, 0.018929716460121288, 0.6974210171755698, 0.020633931392803288, 1.7418673773344486, 9876.933601475577, 9.590883458870884E-6, 134.5239082002937, 1.3377761622245698E-4, 9.390871520480317E-4, 5.237868382202023E-4, 38.601362824105365, -2.226051205612093, -0.009297658549785775, -49.9947, 151.2239, 10477
90.0, 900.0, 1329.5650750243828, -14.284836832638469, 231.13880595262776, 7.131573878188997, 15.274764762499665, 2.635216849260312E-6, 5.614036858717321E15, 0.6826577937212023, 0.14305456432565664, 0.0198290376636151, 0.6966392391421407, -0.08751581700371322, 1.9121490394343006, 10356.821755049392, 9.501801396316362E-6, 134.06072594823834, 1.38985089757631E-4, 9.632286778182477E-4, 5.506826150379749E-4, 38.49735350328893, -2.408234187371149, -0.009067789752439912, -49.9962, 151.2623, 10477
90.0, 900.0, 1404.60661693479, -15.021383835426867, 237.54653237895047, 7.278568270976792, 17.502949679029058, 2.6689079348549482E-6, 5.609286105198697E15, 0.6851283226121929, 0.14378227796422965, 0.020741661486079033, 0.6958260515982029, -0.19655695525757966, 2.090785644582146, 10863.274823586407, 9.410337367466179E-6, 133.56721269705608, 1.4439575660789246E-4, 9.879891731563925E-4, 5.781807937371059E-4, 38.38777366644121, -2.6000091030536177, -0.008827174386160952, -49.9978, 151.3027, 10476
90.0, 900.0, 1483.8835536506665, -15.781538948381751, 244.13397646231775, 7.430701135470749, 20.075977326194216, 2.7029920147653504E-6, 5.604345104537978E15, 0.6875827894735479, 0.144512725500035, 0.02166669779209454, 0.6935804428584809, -0.10409853344042516, 2.0707217529498116, 11397.812765032106, 9.316241158228293E-6, 133.0410450129514, 1.500115132416783E-4, 0.0010133569756323418, 6.063289438102289E-4, 38.27235097167596, -2.8018523381465026, -0.008575218376445398, -49.9996, 151.3453, 10475
90.0, 900.0, 1567.634933687028, -16.562493224662756, 250.90656890214217, 7.588108032345248, 23.1941997961897, 2.737433153870767E-6, 5.599197770641616E15, 0.6900183552381236, 0.14524506876498086, 0.02260312322557448, 0.6930558823052931, -0.20402497926887528, 2.2408441615743433, 11962.044581431906, 9.219294234394593E-6, 132.48426933172567, 1.5583341047627244E-4, 0.0010393159487040013, 6.365818252473312E-4, 38.151391030640156, -3.0173256486164903, -0.00828532792755582, -50.0018, 151.3902, 10474
90.0, 900.0, 1656.1132976169292, -17.36240317280907, 257.8701503626069, 7.75092749402503, 27.124881582676426, 2.7721951972786994E-6, 5.593838615466557E15, 0.6924323690193562, 0.14597849154755313, 0.023549900281318037, 0.6915738601624447, -0.1525239040197397, 2.2524146647980343, 12557.667416403272, 9.119271396326611E-6, 131.89530737221835, 1.6186163558167452E-4, 0.0010658485382239833, 6.67940642037704E-4, 38.02438701834152, -3.2444960268663063, -0.007974861102837879, -50.0042, 151.4375, 10474
90.0, 900.0, 1749.5854395722408, -18.179342988463357, 265.03199894361546, 7.919301151511421, 32.56353136561252, 2.8072374472692087E-6, 5.588260401071691E15, 0.6948220686548459, 0.14671210885525585, 0.02450586020702783, 0.6875578194442277, 0.1632291846003149, 1.9881550911274948, 13186.476215428185, 9.015935156850863E-6, 131.27200859998143, 1.680951272091246E-4, 0.0010929321730753882, 7.002290127454524E-4, 37.89102292478416, -3.4833137872679223, -0.0076469634617072, -50.0069, 151.4872, 10473
90.0, 900.0, 1848.333211724041, -19.010884020915576, 272.3974168694307, 8.093373865748736, 39.166392045063326, 2.8425140572648206E-6, 5.58245668454115E15, 0.6971845590497489, 0.1474449571727183, 0.025469686467382402, 0.6879220838498519, 0.09654789360342375, 2.0911548079148083, 13850.369116491216, 8.909043669967637E-6, 130.6127807032534, 1.7453148774919207E-4, 0.0011205390309202117, 7.33513917302101E-4, 37.75107384726398, -3.7342693878239244, -0.007300285657147838, -50.01, 151.5396, 10472
90.0, 900.0, 1952.6543741684168, -19.854004273773832, 279.973288490057, 8.273293863316788, 47.16144165400925, 2.8779743643122875E-6, 5.576412807292625E15, 0.6995168540767255, 0.1481760043437852, 0.026439923901787787, 0.6898753444850262, -0.09226982168500268, 2.2986963194451224, 14551.353312388894, 8.79834884276333E-6, 129.91594046543128, 1.8116654172295227E-4, 0.0011486353977293127, 7.678640165618031E-4, 37.60432424167738, -3.99785697163436, -0.00693329676094509, -50.0135, 151.5948, 10471
90.0, 900.0, 2062.86349278039, -20.704980659747957, 287.7670845827938, 8.459212876247998, 56.815404252895746, 2.9135622195318874E-6, 5.570115201847048E15, 0.7018158497842032, 0.14890413845961206, 0.027414960628376644, 0.6895573959084674, -0.0240998275093007, 2.230630588739113, 15291.55175699025, 8.683600738055532E-6, 129.17995173460798, 1.8799440390284807E-4, 0.0011771815721430897, 8.033487239956743E-4, 37.45057200085197, -4.274571170323903, -0.006544251699478299, -50.0175, 151.6528, 10470
90.0, 900.0, 2179.292887743318, -21.559260549829617, 295.78698664668775, 8.6512862857828, 68.4386551160442, 2.9492159768994215E-6, 5.56354810615832E15, 0.7040783414000077, 0.1496281704108199, 0.02839302800645166, 0.68903709564358, 0.09772467303955878, 2.09074870889931, 16073.210401304086, 8.564545888244243E-6, 128.40327974505317, 1.9500701571077952E-4, 0.0012061309858369161, 8.400370114419027E-4, 37.28963331280384, -4.564903270895376, -0.006131152793838607, -50.0219, 151.7139, 10469
90.0, 900.0, 2302.2936356139276, -22.411307943356174, 304.0420360127981, 8.849673269894462, 82.39015834517919, 2.984867789623837E-6, 5.556693066451779E15, 0.7063009951378645, 0.15034682223499987, 0.029372181700669076, 0.6916232861909715, -0.051268249216100764, 2.2054084263521356, 16898.70602468064, 8.440930471762104E-6, 127.5845240774679, 2.0219399139386127E-4, 0.0012354296679811358, 8.779958845366323E-4, 37.12134842292844, -4.869336658356727, -0.0056917044154694485, -50.027, 151.7782, 10469
90.0, 900.0, 2432.2366279445723, -23.254418897009845, 312.54230855553715, 9.054536954433452, 99.08215903254133, 3.020443391027685E-6, 5.549512003205454E15, 0.7084803513947752, 0.15105872541005666, 0.03035029606727599, 0.6916445314493878, 0.08696834255847673, 2.0196822495570337, 17770.554736816972, 8.312502814425817E-6, 126.72240502033192, 2.095422708999006E-4, 0.001265015548905785, 9.172884493495998E-4, 36.9455884414117, -5.188341438815325, -0.005223259653834203, -50.0327, 151.8458, 10468
90.0, 900.0, 2569.513689654834, -24.080499392937316, 321.29911306984, 9.266044567762057, 118.98421974337191, 3.055861776183128E-6, 5.541987978262549E15, 0.7106128204615697, 0.15176241698856544, 0.03132505589375889, 0.6939437344797342, 0.019684777263233245, 2.0303591600932145, 18691.42123723752, 8.179017992563669E-6, 125.81587359446502, 2.1703596044362247E-4, 0.001294818099570583, 9.579714712569569E-4, 36.762263356875344, -5.522368140848964, -0.004722757732391164, -50.0391, 151.9168, 10467
90.0, 900.0, 2714.5387605247665, -24.87979744744894, 330.3253797545551, 9.484367598771001, 142.6534894164516, 3.0910351154673247E-6, 5.534119988836942E15, 0.7126946906611372, 0.15245634014152198, 0.03229395459105594, 0.6959868557433154, -0.00840939314209301, 1.9972907386108971, 19664.12892970624, 8.040240466289815E-6, 124.86419231220137, 2.2465615658692352E-4, 0.0013247580474618405, 0.0010000923029485397, 36.571331439152864, -5.871840387581952, -0.004186650765401018, -50.0463, 151.9916, 10466
90.0, 900.0, 2867.749143372412, -25.60760699330472, 339.60973305785103, 9.709681958191755, 166.9447253307727, 3.1258684200609154E-6, 5.5258890518434E15, 0.7147221193387538, 0.15313883947410556, 0.03325428562804186, 0.6966893927395754, 0.12892850117155907, 1.7988819724924365, 20691.232997337058, 7.924427696387388E-6, 126.52523078743933, 2.3239113125015512E-4, 0.0013547480822485988, 0.0010137252813051001, 36.45196055548962, -6.1771765812494746, -0.0033956090536757353, -50.0544, 152.0701, 10465
90.0, 900.0, 3029.6068226792854, -26.23434815418541, 349.16996131869246, 9.942168143139996, 193.6502882494325, 3.164032011841672E-6, 5.517394406749763E15, 0.7169051879897868, 0.15388131364765578, 0.034307267202484115, 0.6985846170300621, 0.1556983577165342, 1.7096109690416503, 21776.08560528119, 7.835154472195876E-6, 128.63757221231205, 2.410665524661413E-4, 0.0013879983501214551, 0.0010233720364328058, 36.33723069964704, -6.488762407347268, -0.0024841442513812207, -50.0634, 152.1529, 10465
90.0, 900.0, 3200.5998576399656, -26.727853376880848, 359.0182594515868, 10.182011404847612, 223.38213657987606, 3.2062587580139686E-6, 5.50856225484553E15, 0.7192753991892736, 0.15469654624122742, 0.03547328172076983, 0.7016743492625817, 0.015530135638875241, 1.791792535750716, 22922.02557678612, 7.772552425224676E-6, 130.89961037300301, 2.5091165649375593E-4, 0.0014252680125815091, 0.0010324145438759776, 36.21745362278421, -6.813974548051376, -0.0014608193607781282, -50.0734, 152.24, 10464
90.0, 900.0, 3381.243853836337, -27.048615780226328, 369.16599235185356, 10.429401919561881, 256.5343222262451, 3.252832198747485E-6, 5.499365161536531E15, 0.7218360536930535, 0.1555882137126559, 0.036760329551254106, 0.702645143078553, 0.1436984219786953, 1.6194659596114702, 24132.534407791132, 7.736832525847884E-6, 133.32662053107964, 2.6207422859990636E-4, 0.0014669578067556107, 0.0010406328553461716, 36.09253967483552, -7.153011327966779, -3.086854416827224E-4, -50.0845, 152.3318, 10464
90.0, 900.0, 3572.0835179741102, -27.148161176877604, 379.6261395281118, 10.68453496261145, 293.6276580140817, 3.304036370728673E-6, 5.489787190226735E15, 0.7245885819769026, 0.15655971339487101, 0.03817641444324796, 0.7035980112829546, 0.15982174726371395, 1.583959702416772, 25411.289361033258, 7.728285330747407E-6, 135.93606577469762, 2.747204972421514E-4, 0.0015134997674633257, 0.0010477552297427485, 35.962422722725194, -7.5060008295001825, 9.918873199763428E-4, -50.0967, 152.4285, 10464
90.0, 900.0, 3773.6943003697093, -26.967046232708398, 390.41413585854934, 10.947611085658659, 335.3707499282571, 3.3601556280281617E-6, 5.479808597007042E15, 0.7275324977665268, 0.15761414798502707, 0.03972952502594568, 0.7039819695511841, 0.09254845183133859, 1.666903980902083, 26762.172555711488, 7.747280207170505E-6, 138.74782279301408, 2.890377070353042E-4, 0.0015653605811884448, 0.0010534483825872338, 35.82706593611962, -7.8729851371332185, 0.0024636897433677188, -50.1104, 152.5302, 10464
90.0, 900.0, 3986.684130140219, -26.43240024194736, 401.5491671254187, 11.218836297177035, 382.7467670877545, 3.421471968063952E-6, 5.469403438171303E15, 0.7306652586643791, 0.15875426764268136, 0.04142754464326273, 0.7041293106447073, -0.14989230565746664, 1.9658403577935732, 28189.2794790085, 7.79426378839146E-6, 141.78448905348262, 3.0523645745705077E-4, 0.0016230430713096693, 0.0010573063825999763, 35.68646860958125, -8.253901661914329, 0.00413320636811943, -50.1255, 152.6374, 10465
90.0, 900.0, 4211.695248328613, -25.45490028979653, 412.9570092358699, 11.498422246210913, 427.66487472154483, 3.4882623012892284E-6, 5.45853601809181E15, 0.733982180757771, 0.15998241836596838, 0.04327815700428539, 0.7018183736088516, -0.07042526642975522, 1.9801120988169174, 29696.926476491943, 7.869753699450602E-6, 145.07188350249206, 3.2355366031994187E-4, 0.0016870883999175604, 0.0010588381718500297, 35.54067417916545, -8.648560828659898, 0.006031257762470373, -50.1422, 152.7502, 10466
90.0, 900.0, 4449.406144491795, -23.925038649375338, 424.64006989067747, 11.78658640949135, 470.2670681284719, 3.5607951579631666E-6, 5.446737302697819E15, 0.7374763874294856, 0.161300488362376, 0.04528873403377845, 0.6999297057628874, -0.08973239878034706, 2.113352983090407, 31289.656669713855, 7.974400226437773E-6, 148.64074334923845, 3.442560249753996E-4, 0.0017580765956113219, 0.0010574537640097316, 35.38974970095567, -9.056304613217968, 0.008193786272775212, -50.1607, 152.869, 10467
90.0, 900.0, 4700.533602590965, -21.70850953448442, 436.5779524574389, 12.083552281998573, 508.24008007498577, 3.6393379385854203E-6, 5.434802980388287E15, 0.741139309247912, 0.1627100519088876, 0.0474665145295291, 0.697385839232539, 0.048445008687456194, 2.078461112474909, 32972.243641542875, 8.108902220620963E-6, 152.5203242344321, 3.6764054259815355E-4, 0.0018366386816485389, 0.0010524488299547584, 35.233941716928875, -9.477507891666718, 0.01066280132890818, -50.1811, 152.994, 10469
90.0, 900.0, 4965.834862353401, -18.176761340826925, 448.8086349172762, 12.389549571076143, 544.528765831092, 3.7241425591459103E-6, 5.42312891013234E15, 0.7449601931005493, 0.16421212781866001, 0.04981818307364935, 0.6977133151995598, -0.03361533348673397, 2.215357694491723, 34749.64562710954, 8.25296450019891E-6, 154.7043362617356, 3.9404307294321544E-4, 0.001923479372649358, 0.0010422820786211184, 35.14581169442697, -9.679091377874505, 0.01523544940272569, -50.2038, 153.1255, 10473
90.0, 900.0, 5246.109902622958, -13.2078717640393, 461.22671003594417, 12.704814394216054, 567.945109360787, 3.8122048395661682E-6, 5.411628666943117E15, 0.7487881418517677, 0.16575097850896814, 0.05225999985227134, 0.699189796336453, -0.07959626546327914, 2.2406612652076445, 36626.90124665652, 8.405018026805263E-6, 156.9363332524415, 4.227625167749255E-4, 0.0020158871207766197, 0.0010236620278910248, 35.056588208389066, -9.870281747596128, 0.019744140931169135, -50.2282, 153.2642, 10478
90.0, 900.0, 5542.203853584376, -12.359102758179972, 472.04656965938153, 13.02958948064675, 340.00673025960293, 3.903334033394497E-6, 5.399354604974329E15, 0.7526075286395697, 0.16732193356534575, 0.054786168104052235, 0.7016650344236041, -0.08127244765132362, 2.1518222177849418, 38591.422314539595, 8.633694252615981E-6, 166.0692331939333, 4.5046002724609857E-4, 0.002113482533679707, 7.569743478795303E-4, 33.97757371319585, -12.788036323607274, 0.004979969976633298, -50.2545, 153.4063, 10479
90.0, 900.0, 5855.00954513516, -10.783791057663803, 485.2507115421689, 13.36412437686797, 372.5531065566799, 4.0076082253464475E-6, 5.398483119902079E15, 0.7568107389880928, 0.16909388067096764, 0.05767527970691946, 0.7054459067254648, -0.09733012913704528, 2.0303749984160397, 40686.470314216625, 8.849985556113185E-6, 166.4390881103453, 4.8777409967420293E-4, 0.0022280387117653054, 7.692514237375432E-4, 33.892087070613016, -13.051670484910668, 0.007263981616613352, -50.2905, 153.5561, 10480
90.0, 900.0, 6185.470199089264, -8.162501288032054, 498.7752127763675, 13.708675656287259, 398.40507677015, 4.112636272987743E-6, 5.385784416374957E15, 0.7608745411747742, 0.17085228906727215, 0.06058311942817715, 0.7077118691482269, 0.10814051069367328, 1.7202770259836215, 42900.0261466021, 9.053463098958484E-6, 167.02124855184906, 5.273957998499319E-4, 0.002346574787449426, 7.782046481319937E-4, 33.803930083493405, -13.322219336604814, 0.010278579682671958, -50.3293, 153.7142, 10483
90.0, 900.0, 6534.582273330549, -4.080029246918912, 512.5567775763624, 14.06350713312298, 403.73196611281094, 4.217743908680925E-6, 5.372736615507709E15, 0.7647810038665048, 0.17258681255964903, 0.06349043260082118, 0.7092537757767614, 0.05393525071159305, 1.7546849327272027, 45238.562480835855, 9.24593851946334E-6, 167.85785950405477, 5.691401126877003E-4, 0.0024684195973058284, 7.81704612002087E-4, 33.713563320625184, -13.599834920934015, 0.014161923835708835, -50.3711, 153.8809, 10487
90.0, 900.0, 6903.39846649217, 2.311316347541699, 526.485341311684, 14.4288900807479, 357.20091343415845, 4.32324029413569E-6, 5.359587184373738E15, 0.7685500219085533, 0.17430356532653488, 0.06640524978520615, 0.7086309021796589, -0.03030470690419119, 1.9092228558364681, 47707.88433366176, 9.425569536282878E-6, 168.63921396886528, 6.132088312908912E-4, 0.0025940523648823287, 7.704667221457482E-4, 33.66787529329587, -13.776063159125421, 0.019922798563341886, -50.4163, 154.0567, 10493
90.0, 900.0, 7293.030892222075, 11.832112705678693, 540.5946485200425, 14.805103454655852, 216.67553815197203, 4.428826792976063E-6, 5.346921345903506E15, 0.772178682839291, 0.1759986285125814, 0.06931884916291092, 0.7062734080490204, 0.060738461983118996, 1.9387134178148369, 50313.20103938294, 9.584654909566854E-6, 168.79000074815292, 6.595166429326898E-4, 0.0027232564452004436, 7.328074975499618E-4, 33.721389198585555, -13.729294781176367, 0.027157637361723656, -50.4646, 154.2424, 10503
90.0, 900.0, 7704.654432606167, 24.316435555544917, 555.3950859919113, 15.19243412024181, 84.19950117645072, 4.533242161842353E-6, 5.335663995688156E15, 0.7756338193389166, 0.177653121345536, 0.07219609293129298, 0.7057084489437266, -0.0674485280035424, 2.174900671772824, 53062.75413305314, 9.722281265894904E-6, 168.9879016380855, 7.075357705127855E-4, 0.0028544821067521325, 6.789499584000579E-4, 33.77112870121965, -13.666712252538778, 0.03318264643668714, -50.5154, 154.4391, 10515
90.0, 900.0, 8139.510280860919, 39.45666540691353, 570.8048087382475, 15.59117708559283, -13.700321807408162, 4.636341658123436E-6, 5.324438315773956E15, 0.7789225328956121, 0.17926643950896212, 0.07503279898716339, 0.7056949355417925, -0.07216625291422286, 2.2261444165605395, 55964.133844638105, 9.837618391002722E-6, 169.2281241493385, 7.571717135397028E-4, 0.0029874525987751664, 6.083819705218399E-4, 33.81468541986819, -13.588032002389802, 0.037802461261648886, -50.5689, 154.6474, 10530
90.0, 900.0, 8598.909683977923, 56.75820615822087, 586.7706639934486, 16.001635739494, -143.34311886796272, 4.737937878428685E-6, 5.310475430829306E15, 0.7820502275472037, 0.18083730118945743, 0.07782369709847678, 0.7061504803427419, 0.06424749675669447, 2.0601312371440734, 59025.80964835569, 9.930382074110802E-6, 169.50300783500006, 8.082995653651824E-4, 0.003121793515848688, 5.216342419893264E-4, 33.8491943395443, -13.493101219264503, 0.04078103260298781, -50.6251, 154.868, 10548
90.0, 900.0, 9084.237896605802, 74.02991850022258, 603.3991885052687, 16.42412209485971, -313.38976907103074, 4.83792071147777E-6, 5.295290585745788E15, 0.7850243441681674, 0.18236560558534015, 0.08056571968781656, 0.708851781176498, -0.015594016298767732, 2.0549635091412446, 62257.687060147626, 1.0001144351405317E-5, 169.77778993437184, 8.608473611008204E-4, 0.0032570019514963225, 4.22065837205112E-4, 33.875181684565064, -13.269515715125541, 0.03884263453400365, -50.684, 155.1016, 10565
90.0, 900.0, 9596.958358091866, 88.75322627373204, 620.8462744764652, 16.858957037806434, -534.0103066874, 4.936324128953562E-6, 5.278999021153925E15, 0.7878558725869843, 0.18385336963868196, 0.08325980520458379, 0.7110548478068743, 0.07452291852759112, 1.865421285391276, 65671.42984067189, 1.0051697693861275E-5, 170.01229240253673, 9.148313747738645E-4, 0.003392677101192143, 3.1766141082632625E-4, 33.8793101474439, -12.88307001925361, 0.032106897077954305, -50.7453, 155.3488, 10580
90.0, 900.0, 10138.617105278781, 112.41738913799747, 637.1498430073194, 17.306470582588496, -200.45155675571053, 5.033399553491644E-6, 5.261216163864949E15, 0.790560765775615, 0.18530571180959712, 0.08591286055641004, 0.7135529548136216, -0.010429500888494881, 1.877538048705212, 69294.32938672161, 1.0082539499036754E-5, 170.38957848407586, 9.631991287129383E-4, 0.0035304932019952027, 3.3141475169454074E-4, 34.00533181189105, -15.136441274175821, 0.04721575077667267, -50.8081, 155.6098, 10603
90.0, 900.0, 10710.847434362446, 135.0154163425167, 655.2539852343825, 17.76700213262381, -403.6843142839276, 5.129542731653477E-6, 5.247667013691523E15, 0.7931572047146861, 0.1867296286817645, 0.08853570771012234, 0.7147748364623279, -0.07241336283702021, 1.9189689787631545, 73106.59291927972, 1.0091814904710953E-5, 170.7506297275393, 0.0010198734991729806, 0.0036697021413697704, 2.4707150864288613E-4, 34.12788205488518, -14.790939034488224, 0.04315779204561276, -50.886, 155.8871, 10626
90.0, 900.0, 11315.374825868234, 154.97245558690236, 674.4675240218172, 18.240900747841287, -716.6043996267601, 5.22353749287788E-6, 5.229802208703833E15, 0.795619904480828, 0.18810828396242577, 0.09109526115613062, 0.7143114932933647, 0.039122395091181664, 1.8419470248798016, 77133.12438938073, 1.0081642431470338E-5, 171.07003236771007, 0.001077498280907674, 0.0038082205790548026, 1.417554346328182E-4, 34.23988282991291, -14.270928578505368, 0.03681805328182424, -50.9665, 156.1815, 10646
90.0, 900.0, 11954.022147596195, 170.64529463699466, 695.3543552366244, 18.728525418586692, -1161.3543735873031, 5.315941346679849E-6, 5.209813079959686E15, 0.7979711848293409, 0.18945108573735886, 0.0936068657666102, 0.7138127539428383, -0.058373899330981874, 2.0112169945928313, 81391.4443945978, 1.0054342660693422E-5, 171.32119044248594, 0.0011363837216766136, 0.003946425268175737, 2.0047641278050755E-5, 34.32079338449159, -13.569204669083877, 0.028484825583425077, -51.0485, 156.494, 10662
90.0, 900.0, 12628.715151223962, 181.54907937415288, 718.1454310802793, 19.230245346328388, -1695.1084160016194, 5.407131379738298E-6, 5.186332308136606E15, 0.8002267051508143, 0.19076447465807797, 0.0960808825301053, 0.7127107420080002, 0.005516296979339582, 2.028783631119073, 85900.26624099466, 1.0012359600585574E-5, 171.496113315828, 0.0011967693783917078, 0.004084623468756089, -9.059873534234472E-5, 34.34210161263706, -12.810439321110179, 0.020244086456343863, -51.1309, 156.8253, 10673
90.0, 900.0, 13341.488279141591, 189.89398477050733, 741.1419945568595, 19.746440231409103, -2122.999910062741, 5.497515033922488E-6, 5.1590536400998E15, 0.8024013468045309, 0.192055071169758, 0.09852843211319162, 0.7123129893446408, -0.008457379715374518, 2.1065884386023432, 90667.73053905024, 9.958426889702138E-6, 171.63010299715518, 0.00125881629087361, 0.004223619602964288, -1.4904380583632957E-4, 34.24272762053689, -11.930639742032142, 0.015929978884082752, -51.2131, 157.1758, 10681
90.0, 900.0, 14094.490799028066, 209.23384360791118, 756.5699042145537, 20.277500568094677, -1608.5153818446995, 5.587325046994482E-6, 5.132434170864613E15, 0.804504554698618, 0.19332679073618567, 0.10095584643826169, 0.7125491757876363, -0.02398529332924917, 2.1492184818350633, 95688.22538170921, 9.895597988939346E-6, 171.94055220033283, 0.0013130472515618175, 0.004365858386923769, -8.126380230102584E-5, 35.62151122532382, -12.497815458944793, 0.030046402436989483, -51.2939, 157.5594, 10700
90.0, 900.0, 14889.993284667378, 229.0154260774308, 780.3453122138267, 20.82382794717526, -2065.1878419636073, 5.676617398828591E-6, 5.125591204108802E15, 0.8065409666877399, 0.19458093513142094, 0.10336465543318812, 0.7130851633127567, 0.048508451778236476, 2.061088724978086, 101013.4166513723, 9.817549110590684E-6, 172.2588776203506, 0.0013778763108872882, 0.004509813316291074, -1.558868493495939E-4, 35.698850707660775, -11.457324180332352, 0.02937329348201631, -51.3834, 157.9666, 10720
90.0, 900.0, 15730.394462546212, 246.39155321687537, 802.877514334465, 21.385835366379425, -2281.2783399800514, 5.764789986566139E-6, 5.098911464005167E15, 0.8085004432674184, 0.19580961918353373, 0.1057386841096683, 0.7148199018830708, -0.04713023121934962, 2.106493121043881, 106631.47069101925, 9.72688632249811E-6, 172.53891148136307, 0.001443969287715223, 0.004653990934475476, -1.687946231241078E-4, 35.62900613343595, -10.280839607161935, 0.025326990489561555, -51.47, 158.3983, 10737
90.0, 900.0, 16618.22844487818, 260.34555984787437, 825.146494622718, 21.9639475488664, -2399.435267637713, 5.851616499858167E-6, 5.076216573468733E15, 0.8103820050290876, 0.19701036141845954, 0.10807197875873195, 0.7162494220355033, 0.015131577648327834, 1.9774300637117586, 112558.65540679655, 9.626000398934496E-6, 172.7640559754789, 0.0015112598832068356, 0.004797717697982761, -1.526742558742403E-4, 35.50754097853346, -9.066066568853248, 0.02051214888184067, -51.5522, 158.854, 10751
90.0, 900.0, 17556.172370864788, 271.0550716232551, 843.8924840883294, 22.55860127006666, -1921.8461703910627, 5.937419027876446E-6, 5.055081982260008E15, 0.8121963290050142, 0.1981882348330017, 0.11037333342056199, 0.7178866069366543, 0.007110121352958489, 1.9224491879541912, 118800.75411650888, 9.518780178326839E-6, 172.93702749354742, 0.0015798484070380905, 0.0049414084354503125, -4.623206890895637E-5, 35.228193343420884, -7.871150944307544, 0.016357520080996838, -51.6287, 159.3345, 10762
90.0, 900.0, 18547.054479234266, 278.5663667623688, 862.5518915263507, 23.170245693146242, -869.5783510313403, 6.022677490341026E-6, 5.042584895099061E15, 0.8139564085340378, 0.19935029359515713, 0.11265570210112605, 0.7191840705104313, -0.007286728754050045, 1.8946872331239721, 125432.63381360214, 9.406087688245177E-6, 173.05843915469782, 0.0016501337164620334, 0.005085756189534959, 1.1583130869388756E-4, 34.86957729706783, -6.641510486769452, 0.012664752316781514, -51.6989, 159.8387, 10770
90.0, 900.0, 19593.862636399903, 302.95710312919834, 885.6339246154117, 23.799342713375523, -389.124556413898, 6.108425726492315E-6, 5.030756500963698E15, 0.8156851668346852, 0.2005108554386051, 0.11494672965926653, 0.719792290265336, 0.050764368422194506, 1.8255886634616236, 132430.28485713742, 9.285436435936614E-6, 173.45248692636628, 0.0017097725222962727, 0.005236334635094098, 1.2869655209817697E-4, 37.2018042589279, -6.905239099342056, 0.028531706189695926, -51.7615, 160.4061, 10794
90.0, 900.0, 20699.753345953326, 317.28467163358033, 910.5545533695368, 24.446367311688523, 629.1756726424932, 6.193260118194766E-6, 5.009556438658839E15, 0.8173560547048698, 0.20165118947070462, 0.1172089157942782, 0.7199044840279601, 0.044042124530098356, 1.853871834123567, 139875.27216050937, 9.153639677858143E-6, 173.68461089756, 0.001783087430753216, 0.005385655178021755, 2.159932878302456E-4, 36.921756505235614, -5.989302359413268, 0.018338472162726143, -51.8302, 161.0029, 10808
90.0, 900.0, 21868.061266659624, 319.10960153225864, 942.9016630652687, 25.111807917724715, 2583.324997824819, 6.277224991886651E-6, 4.98521291532985E15, 0.8189725229327135, 0.20277233042940487, 0.11944355382579838, 0.7196213267613628, 0.03587388315558493, 1.908053891343961, 147879.69365201134, 9.011069624996243E-6, 173.7142682162653, 0.0018583029991577336, 0.0055330527993367575, 3.6364463393808913E-4, 36.57651553621669, -5.3427937320264745, 0.007094704874632651, -51.8931, 161.6294, 10810
90.0, 900.0, 23102.30926765446, 314.84468250951466, 997.7526501443192, 25.796166782651035, 5961.457974574902, 6.361376084780537E-6, 4.946307474849493E15, 0.8205566197716295, 0.2038886495846856, 0.12167876970946595, 0.7192375325229322, 0.014164066930814264, 1.9872703824281208, 156702.498800281, 8.848743416854859E-6, 173.64523716913018, 0.0019361202416838402, 0.0056814978924795406, 5.813519383371948E-4, 36.20808174868245, -4.816258646422092, 0.002226917151340197, -51.9525, 162.2859, 10806
90.0, 900.0, 24406.219051163243, 315.2191736872937, 1109.263524880018, 26.499960362068077, 11567.808043165496, 6.446271862937781E-6, 4.864705392620007E15, 0.8221194887022434, 0.20500761190527134, 0.12392930204856545, 0.7188521454194149, 0.04910507618281502, 2.0061616931644366, 166973.08181201672, 8.632156260850892E-6, 173.6453254225845, 0.002016480298046883, 0.005834236550934775, 8.981253303285486E-4, 35.7947728172557, -4.489691410520226, 0.0061213610580537784, -52.009, 162.9729, 10806
90.0, 900.0, 25783.72237477368, 337.57395185662733, 1276.967426809477, 27.22371970931079, 18250.767382373037, 6.529972637588791E-6, 4.683274585227766E15, 0.8236268548544969, 0.20610387697414, 0.1261437465436835, 0.7189650264703601, 0.009010967375453238, 2.0816449045443557, 179496.35137314553, 8.311454717121682E-6, 173.1734607635736, 0.002096204110283493, 0.005991704405676125, 0.0012796783040116635, 35.7712850352116, -4.612050177125806, 0.02221520287326529, -52.0647, 163.6907, 10829
90.0, 900.0, 27238.972907100877, 361.0539831938092, 1468.154230422592, 27.967990879460668, 25007.284283494566, 6.605418402634053E-6, 4.4167564280578225E15, 0.8249579573041703, 0.2070862449344782, 0.12813602482092767, 0.7193520668870748, -0.018597704220369028, 2.1191314736543405, 194068.64407098372, 7.877603395284143E-6, 170.71684812044208, 0.0021697969131835217, 0.006136316870290631, 0.0016119101367822943, 35.942052700367675, -4.818897917862055, 0.02226565811051502, -52.1251, 164.4492, 10852
90.0, 900.0, 28776.35875259413, 369.9276954834508, 1639.622095865507, 28.733335344393367, 30854.482136969207, 6.659463923271228E-6, 4.126271352920095E15, 0.8258958490170306, 0.2077866612150721, 0.12956099010807792, 0.7197638038231985, -0.017421028258445406, 2.1112439827785026, 209853.80238614042, 7.376705880712095E-6, 163.23355326117434, 0.0022246718236437805, 0.006239204812833746, 0.0018441169121248522, 36.28029476929923, -4.996387246909175, 0.012009091069501078, -52.1917, 165.2555, 10861
90.0, 900.0, 30313.74459808738, 365.30406172339485, 1296.2380400979177, 29.478816227812384, 17456.462084923372, 6.687275459615813E-6, 3.878346316557096E15, 0.8263734978616665, 0.2081460326963027, 0.13029355189056643, 0.7199118588826064, 0.03566616999899301, 2.0505186565964735, 208476.7796886901, 7.401913035962835E-6, 166.11368738493377, 0.0022379595865894644, 0.006290334535884777, 8.883864495603409E-4, 40.195426076971344, -3.9130891848442517, 0.003283961730886089, -52.2609, 166.1491, 10856
90.0, 900.0, 31851.130443580634, 341.71178773103077, 1410.5637789433301, 30.205904263453274, 22128.11784679044, 6.680208208261416E-6, 4.495151182212215E15, 0.826252439385978, 0.20805477974803976, 0.13010744525091356, 0.7198618037599661, 0.029412464242024254, 2.058964133325251, 221049.14995635458, 7.114588216423245E-6, 157.52398965011201, 0.002234095281699748, 0.006271538625064929, 0.0010182592429022605, 40.727699020525314, -3.743461014099234, -0.009068661771075591, -52.315, 167.0544, 10833
90.0, 900.0, 33388.51628907389, 298.5354854691361, 1477.0196011135442, 30.915897181752214, 24625.772542872826, 6.722574884215533E-6, 4.3386303412408535E15, 0.8269749423586478, 0.20860113475457337, 0.13122264286487556, 0.7204035336448535, -0.005876884969422443, 2.078772245645458, 233257.56312401133, 6.82817743557641E-6, 147.71244093655, 0.0022814103913462863, 0.0063411628600726485, 0.0010788293403633073, 41.23073509095689, -3.5584192473715577, -0.021732892406537623, -52.3668, 167.973, 10790
90.0, 900.0, 34925.902134567135, 250.60306023840835, 1465.550913373825, 31.609946927074144, 23718.470626695947, 6.7510235050697755E-6, 4.2572790973530275E15, 0.8274557946488036, 0.20896708403153844, 0.13197084551775487, 0.7206763796605032, 0.03259227818333946, 2.027098862535912, 244721.25084085597, 6.5673712336303206E-6, 135.72089060294746, 0.00231533757006671, 0.006383595792783184, 0.0010772615517183446, 41.83316227004733, -3.653307907869853, -0.024782930445900415, -52.416, 168.9044, 10742
90.0, 900.0, 36463.287980060384, 193.16601076468476, 1405.960952651303, 32.289081605276635, 20126.497288705592, 6.771380097361026E-6, 4.293673997343105E15, 0.8277977765675912, 0.20922849116278291, 0.1325059123911113, 0.7210068434588216, 0.0018635502672628564, 2.0472666213651887, 256661.60164297064, 6.292466392515021E-6, 118.44037016280392, 0.002341835748671899, 0.006408532283436645, 0.001093970683388672, 42.516002776850605, -3.9526300669464995, -0.03093805324506377, -52.4666, 169.8507, 10684
90.0, 900.0, 38000.67382555363, 144.4952017315108, 1371.2688027111572, 32.95422335743908, 17127.4984033504, 6.782399661994669E-6, 4.4087631296204505E15, 0.8279821769456354, 0.20936984194149189, 0.1327954488607917, 0.7211065395017032, 0.024535738589776087, 2.0185592003482857, 271221.8070292433, 5.950612252172232E-6, 102.58272110617607, 0.0023581610917520067, 0.006417883593526047, 0.0012087443036867284, 43.26898645772553, -4.448428450979628, -0.025228753864657224, -52.5213, 170.8135, 10635
90.0, 900.0, 39538.05967104688, 110.21496843332537, 1333.5567470164067, 33.60620304752909, 12905.873983930705, 6.780861309622515E-6, 4.492600203769959E15, 0.8279564647046757, 0.20935011565877884, 0.13275503363271532, 0.7211282373134885, 0.0023802636569174, 2.0415691195588144, 271221.8070292433, 5.950612252172232E-6, 98.16441926692538, 0.0023605285428203193, 0.0064068887867977636, 5.7130419535356E-4, 43.94561150233701, -4.9363400721522055, -0.015882769660133023, -52.5828, 171.7943, 10601
