t, z, sigmah, sigmav, sigmas, rice, Nice, g_t, Qabs_t, Qsca_t, g_s, Qabs_s, Qsca_s, CCS, IWC, RHice, Re, v_sed, windshear_s, wind_u, wind_v, wind_w, lat, lon, altitude
0.0, 0.0, 15.384787559509277, 3.715123414993286, -0.0, 1.0983101256861193E-6, 3.14E14, 0.4879874193286641, 0.10182262037083012, -0.016373521080003145, 0.6958045891014579, -0.9243448259121202, 2.3771515305300577, 359.12415528324806, 1.9096862323803907E-5, 156.81892342117976, 1.0067961672003595E-5, 1.6758473732124272E-4, -2.0038382278394912E-4, 42.49312479348762, 2.6106227023823316, -0.00936913048536338, -50.0, 150.0, 10500
1.0, -0.00953689152106428, 16.634052086181722, 3.7188249133017384, -0.002768482929782294, 1.0983101256861193E-6, 3.14E14, 0.4879874193286641, 0.10182262037083012, -0.016373521080003145, 0.6958045891014579, -0.9243448259121202, 2.3771515305300577, 416.23208965964864, 1.8458059347323163E-5, 156.80757133234775, 1.0067967160341394E-5, 1.675846763439645E-4, -2.001338282067377E-4, 42.49117683371376, 2.6083075022804656, -0.009369306783743038, -49.9999, 150.0005, 10500
1.0550334943246098, -0.010062464684611347, 16.700090677597956, 3.7190285127358824, -0.002917358114160671, 1.1406786381476408E-6, 3.14E14, 0.49700637127250913, 0.10315028649148714, -0.015690499972080954, 0.690050886696587, -0.615005550993609, 2.204983148118429, 391.79530004573894, 1.870862115231947E-5, 156.80695465847847, 1.1278641537790005E-5, 1.807635853810562E-4, -2.001200698274085E-4, 42.49106963543923, 2.6081801011940327, -0.009369296246310206, -49.9999, 150.0006, 10500
1.1130956741467966, -0.010616638610405666, 16.76948168258207, 3.7192433048759166, -0.003077876875755077, 1.1229397194569208E-6, 3.14E14, 0.4932730664165982, 0.10259331263404664, -0.015980850859006523, 0.6889751250792774, -0.1807768574744767, 1.709362480592025, 393.51851885643697, 1.868993162317704E-5, 156.80630405197914, 1.0760593915875453E-5, 1.7518512079576064E-4, -2.0010555425436024E-4, 42.490956537892934, 2.608045688869068, -0.009369305414892986, -49.9999, 150.0006, 10500
1.1743532186127021, -0.0112013355308465, 16.84238159401819, 3.7194699043314197, -0.003247225711736175, 1.1242090363480741E-6, 3.14E14, 0.49354222667166686, 0.10263312270777994, -0.015960281023080725, 0.6719485779782263, 0.7308075526625906, 0.8020063847494063, 395.32887432408097, 1.8670471342032986E-5, 156.805594319804, 1.0797124074952071E-5, 1.7558137606309436E-4, -2.0009023981336984E-4, 42.4908372164966, 2.6079038801644217, -0.009369315092033087, -49.9999, 150.0006, 10500
1.2389819798043116, -0.01181823789890869, 16.918952931324117, 3.7197089593822126, -0.0034258901333935835, 1.1255394336757155E-6, 3.14E14, 0.49382400227872314, 0.10267485660331564, -0.015938686893223405, 0.6619740765448787, 0.9169805286756841, 0.6202949094830775, 397.2304085148181, 1.8650221577787456E-5, 156.80487013748254, 1.0835502843292326E-5, 1.7599719056695098E-4, -2.0007408253754815E-4, 42.490711328764256, 2.6077542681216554, -0.009369325304989082, -49.9999, 150.0007, 10500
1.307167487558166, -0.012469121039263691, 16.999364361599486, 3.7199611538140154, -0.003614382320957414, 1.1269334508195014E-6, 3.14E14, 0.49411888325187797, 0.10271859492088473, -0.01591602238272967, 0.6813914642986395, 0.3713903195844404, 1.1705918910426498, 399.2273180223019, 1.8629162445103332E-5, 156.80408278111187, 1.0875812345137582E-5, 1.764334067777531E-4, -2.000570360397442E-4, 42.490578513365584, 2.6075964233962154, -0.009369336084398341, -49.9999, 150.0007, 10500
1.379105482066013, -0.013155858283833147, 17.083790814262013, 3.720227208853182, -0.003813242585404877, 1.1283936572662975E-6, 3.14E14, 0.49442736109819996, 0.10276441926234398, -0.015892240423263967, 0.6902841065656793, -0.43261787930114853, 1.9795645550885455, 401.323957175577, 1.860727655268282E-5, 156.80327670303748, 1.0918144983627483E-5, 1.7689092466814435E-4, -2.0003905137798753E-4, 42.49043838908938, 2.607429893026472, -0.009369347461148253, -49.9999, 150.0008, 10500
1.4550024757863311, -0.013880426399942396, 17.17241358845794, 3.720507885205744, -0.0040230409100199885, 1.1299227219654534E-6, 3.14E14, 0.49474994311060355, 0.10281241440534455, -0.01586729179981479, 0.6778064789080726, 0.5056358123121162, 1.0465460065940415, 403.52484112256246, 1.8584545988441782E-5, 156.80242626711035, 1.096259148799994E-5, 1.77370652511934E-4, -2.0002007691985254E-4, 42.49029055374984, 2.6072541991354163, -0.009369359469359491, -49.9999, 150.0008, 10500
1.5350763462798114, -0.014644911313444336, 17.26542045259773, 3.720803985206261, -0.004244378576144854, 1.1315233480974212E-6, 3.14E14, 0.49508713818662936, 0.1028626662533744, -0.015841126173523276, 0.684451698689231, 0.1277319059282157, 1.4299690521561716, 405.83464877974984, 1.8560953944545114E-5, 156.80150571039763, 1.1009245150208863E-5, 1.7787351762401166E-4, -2.0000005818800832E-4, 42.49013458303274, 2.6070688375606474, -0.009369372143966763, -49.9999, 150.0009, 10500
1.6195569616706442, -0.015451514152764873, 17.363005735405316, 3.721116355082251, -0.004477889877317925, 1.1331983008503503E-6, 3.14E14, 0.49543946229476343, 0.10291526270299328, -0.015813691589808138, 0.6853685746986932, 0.04017202206730107, 1.5233458002544338, 408.2582256402549, 1.853648596236086E-5, 156.80055910229476, 1.1058208905669715E-5, 1.784005067414393E-4, -1.9997893770795332E-4, 42.489970029278325, 2.606873276409506, -0.0093693855219108, -49.9999, 150.0009, 10500
1.708686840529128, -0.016302557632512482, 17.465370407917558, 3.7214458873402654, -0.004724243926988281, 1.1349504274943498E-6, 3.14E14, 0.49580744225321083, 0.10297029426889964, -0.015784934105986012, 0.6904315928461005, -0.5754024096705487, 2.145049010334982, 410.80058643419596, 1.8511127105294703E-5, 156.7995370819274, 1.1109581777689544E-5, 1.7895260084744262E-4, -1.999566548419514E-4, 42.48979642019725, 2.6066669545348358, -0.00936939964333712, -49.9999, 150.001, 10500
1.8027218480699232, -0.017200492784065956, 17.572722155931636, 3.721793523279963, -0.004984146564526578, 1.1367825941035953E-6, 3.14E14, 0.49619160198301565, 0.1030278520895312, -0.015754798785124507, 0.6896927013255759, -0.4878487260012385, 2.0639504188485382, 413.4669176375412, 1.8484865169428982E-5, 156.79846010529994, 1.1163471471905861E-5, 1.795308282396666E-4, -1.9993314561216006E-4, 42.48961325751562, 2.606449279926709, -0.009369414549199031, -49.9999, 150.001, 10500
1.9019319306645295, -0.01814790606894439, 17.685275442471475, 3.722160255642869, -0.005258342364863666, 1.1386977447898996E-6, 3.14E14, 0.4965924744954603, 0.10308802977841167, -0.0157232286798403, 0.659415248660596, 0.9105611813776885, 0.6723366973479973, 416.26257982805583, 1.8457689315988268E-5, 156.7973484701238, 1.1219990169036206E-5, 1.8013625308815797E-4, -1.9990834252155558E-4, 42.48942001554613, 2.6062196280163095, -0.009369430283911608, -49.9999, 150.0011, 10500
2.00660189077655, -0.0191475268845321, 17.803251559930395, 3.7225471314028087, -0.005547616757548862, 1.140698867418577E-6, 3.14E14, 0.49701059420987953, 0.10315092233660886, -0.01569016534830718, 0.6905521881079533, -0.6939159454024463, 2.2839660977142584, 419.1931098898172, 1.8429589154634806E-5, 156.79615234298313, 1.1279247411671886E-5, 1.8076993398974576E-4, -1.9988217435815367E-4, 42.489216139680146, 2.605977339886438, -0.009369446894412744, -49.9999, 150.0011, 10500
2.1170322045443526, -0.02020223548326788, 17.926878671646094, 3.7229552547053637, -0.0058527982607389775, 1.1427889677452228E-6, 3.14E14, 0.49744649108209843, 0.1032166253265364, -0.015655549236627334, 0.6863523924948064, -0.18252655045874522, 1.780100121283151, 422.2642230709161, 1.8400557743917688E-5, 156.79491500109725, 1.1341364057027883E-5, 1.814329896918155E-4, -1.99854565987757E-4, 42.48900104479705, 2.605721720383812, -0.009369464429231337, -49.9999, 150.0012, 10500
2.2335398843581604, -0.02131507134287994, 18.056391842774843, 3.723385789964046, -0.006174760836376843, 1.144971124048575E-6, 3.14E14, 0.4979007015177458, 0.10328523657374497, -0.015619318728060577, 0.6894189111777922, -0.5867656619108815, 2.1922490430827, 425.4818149024348, 1.8370588378276146E-5, 156.7935862511244, 1.1406457379329488E-5, 1.8212653349775925E-4, -1.998254381419685E-4, 42.488774113586324, 2.605452036127901, -0.009369482941169613, -49.9999, 150.0013, 10500
2.356459388907775, -0.02248924199081092, 18.192033060454314, 3.7238399651212446, -0.006514426373246548, 1.147248413412815E-6, 3.14E14, 0.49837375249928456, 0.10335685383164267, -0.015581411316464858, 0.6747542135103923, 0.4975688552270513, 1.1162258166517858, 428.8519629905576, 1.8339677700710957E-5, 156.79218566831577, 1.1474653714874849E-5, 1.828517242022341E-4, -1.99794707188193E-4, 42.48853469477732, 2.605167513410577, -0.009369502484589296, -49.9999, 150.0014, 10500
2.4861435833134045, -0.023728132331340697, 18.334051243377278, 3.7243190750823967, -0.006872767304336887, 1.1496239684966293E-6, 3.14E14, 0.4988661729053547, 0.10343157654563626, -0.015541762616853264, 0.6663740738572121, 0.739246798611738, 0.8832756823133877, 432.38092869770156, 1.830782399610501E-5, 156.79070930050014, 1.1546081963737158E-5, 1.8360974303658628E-4, -1.9976228489063433E-4, 42.48828210127157, 2.604867335980127, -0.009369523118115218, -49.9999, 150.0014, 10500
2.622964752095848, -0.02503531448606777, 18.48270224104055, 3.7248244853322197, -0.0072508093659233485, 1.1521009344535943E-6, 3.14E14, 0.49937848403782564, 0.10350950447504646, -0.015500307033224942, 0.6855428722273347, -0.21524580512242047, 1.8469273310355967, 436.07515873281625, 1.8275027790225864E-5, 156.78915297812628, 1.1620874591458819E-5, 1.8440179138318245E-4, -1.9972807815666187E-4, 42.488015608172724, 2.6045506427041962, -0.009369544903385442, -49.9999, 150.0015, 10500
2.7673156678939663, -0.026414558184655424, 18.6382488230828, 3.725357635742252, -0.007649634505716105, 1.1546824734744437E-6, 3.14E14, 0.4999112000695796, 0.10359073780916804, -0.015456977636991956, 0.6895309196067121, -0.7768125062640505, 2.4180985950719753, 439.94128667546386, 1.8241292248773996E-5, 156.7875356223875, 1.169917013338696E-5, 1.8522910389212797E-4, -1.9969198876726495E-4, 42.487734450708224, 2.604216525104493, -0.009369567905616232, -49.9999, 150.0016, 10500
2.9196107189974128, -0.027869841737064596, 18.80096065928002, 3.7259200445793765, -0.008070383947899041, 1.1573717653285167E-6, 3.14E14, 0.5004648276483763, 0.1036753771545236, -0.015411706111148143, 0.6631234175877232, 0.7794460023793441, 0.8719038655348861, 443.9861344628824, 1.82066218525283E-5, 156.7858059520437, 1.1781104756685654E-5, 1.8609290668647433E-4, -1.9965391309925232E-4, 42.48743782203664, 2.603864024756013, -0.009369592194180832, -49.9999, 150.0017, 10500
3.080287098931427, -0.029405363609618467, 18.971114290925108, 3.7265133127254466, -0.008514261423642464, 1.160171971518649E-6, 3.14E14, 0.5010398580283546, 0.10376352237346272, -0.01536442330928646, 0.6743187590514903, 0.4271921664107975, 1.2346935063882243, 448.2167138739273, 1.8171024868607684E-5, 156.78398239135507, 1.1866824352663167E-5, 1.8699447113418785E-4, -1.9961374182201046E-4, 42.48712487093478, 2.603492130544254, -0.00936961784140013, -49.9999, 150.0018, 10500
3.2498060615086386, -0.031025554659720313, 19.148993094477056, 3.7271391281185675, -0.008982536575112497, 1.163086279782283E-6, 3.14E14, 0.5016367757452789, 0.10385527394811907, -0.015315058462900849, 0.6840531225455275, -0.21193951030738387, 1.8848449088342913, 452.6402280485044, 1.8134511617999247E-5, 156.78205977499218, 1.1956477476529662E-5, 1.8793508628489104E-4, -1.9957135958745687E-4, 42.48679469935732, 2.6030997757712218, -0.009369644924952425, -49.9999, 150.0019, 10500
3.428654244950757, -0.032735091044886484, 19.334887238521297, 3.7277992704270773, -0.009476548542820378, 1.1661178600682943E-6, 3.14E14, 0.5022560490880893, 0.10395073155467653, -0.015263539881461258, 0.6801560322306287, 0.07324544473202285, 1.6111742007649872, 457.26407308579246, 1.8097095008829488E-5, 156.78003265356244, 1.2050216382499065E-5, 1.8891605640231746E-4, -1.9952664469828507E-4, 42.48644635986314, 2.6026858351041313, -0.009369673526697058, -49.9999, 150.002, 10500
3.6173450688813036, -0.03453890785479813, 19.529093635234478, 3.7284956159677316, -0.009997709745284461, 1.1692698685825058E-6, 3.14E14, 0.502898130493362, 0.10404999414684715, -0.015209794846585259, 0.6739007352393663, 0.38685344396907706, 1.309584051049045, 462.09583976915167, 1.8058790291764683E-5, 156.7778719593534, 1.2148195116550929E-5, 1.899386922066083E-4, -1.9947946875521216E-4, 42.486078852899475, 2.6022491213556, -0.009369703733316284, -49.9999, 150.0021, 10500
3.8164202081997383, -0.036442213502138186, 19.73191588768991, 3.7292301428800982, -0.010547509860983108, 1.1725454356651925E-6, 3.14E14, 0.5035634536523605, 0.10415315952680597, -0.01515374978305456, 0.6872491819650514, -0.7049140672259513, 2.4138802665529404, 467.14331547004787, 1.8019616365319696E-5, 156.77561826479, 1.2250578360017303E-5, 1.9100435192284649E-4, -1.9942969629185362E-4, 42.48569112393774, 2.6017883820887087, -0.00936973563625669, -49.9999, 150.0022, 10500
4.026451148068025, -0.038450504928459, 19.94366423447248, 3.730004936569674, -0.011127520023507835, 1.175947687667981E-6, 3.14E14, 0.5042524375441679, 0.1042603249834714, -0.015095329850703748, 0.6713406199367937, 0.4481640813734351, 1.2738468953734388, 472.4144862875443, 1.7979593469174023E-5, 156.77324185219214, 1.2357528885819814E-5, 1.9211438344646635E-4, -1.9937718438284765E-4, 42.48528206045148, 2.6013022960353265, -0.009369769333492711, -49.9999, 150.0023, 10500
4.248040824473546, -0.04056958364308836, 20.164655493189716, 3.730822195432739, -0.011739397240179104, 1.1794796912588948E-6, 3.14E14, 0.5049654747610407, 0.10437158548410222, -0.015034459868999692, 0.68558817694702, -0.5857508909995193, 2.3213253757148586, 477.9175394838586, 1.7938744902802974E-5, 156.77073597101517, 1.246921500443738E-5, 1.9327015105463925E-4, -1.993217822336125E-4, 42.484850488728746, 2.6007894693188227, -0.009369804927708718, -49.9999, 150.0025, 10500
4.4818253550779215, -0.04280557267036974, 20.395213004567555, 3.7316842368765157, -0.012384889045982105, 1.1831444852761989E-6, 3.14E14, 0.5057029376490142, 0.10448703462003352, -0.014971063747513641, 0.6799281549529895, -0.06970099674235083, 1.8193575998499611, 483.6608662801099, 1.7897096241758376E-5, 156.76807018236133, 1.2585807222349828E-5, 1.9447302444659207E-4, -1.9926333074684273E-4, 42.48439517050948, 2.600248431470047, -0.00936984252810885, -49.9998, 150.0026, 10500
4.728475865320495, -0.04516493443854936, 20.635666578901382, 3.732593503648698, -0.013065838404548018, 1.1869450591520764E-6, 3.14E14, 0.50646517364555, 0.10460676386649517, -0.014905064836143997, 0.682730345335722, -0.35890546375319127, 2.1231594531077524, 489.65306507963845, 1.7854676472731752E-5, 156.76528360777877, 1.27074871097695E-5, 1.957244176545991E-4, -1.9920166206674914E-4, 42.48391479943819, 2.599677631225076, -0.00936988225009024, -49.9998, 150.0028, 10500
4.9887004150186645, -0.04765448968335964, 20.88635244669408, 3.733552570490997, -0.013784188868740884, 1.1908843742195543E-6, 3.14E14, 0.5072525092804111, 0.10473086319042817, -0.014836385537512486, 0.659012632986475, 0.7475047994594427, 1.0318549761308224, 495.9029451891491, 1.781151547945759E-5, 156.7623216870447, 1.2834431902671951E-5, 1.9702571805128735E-4, -1.9913659909391853E-4, 42.483407997322296, 2.5990754320938536, -0.009369924217107172, -49.9998, 150.0029, 10500
5.263246030995773, -0.05028143738474104, 21.147613215350745, 3.734564151131868, -0.01454199001341025, 1.1949653051438269E-6, 3.14E14, 0.5080652382300997, 0.10485941913941492, -0.01476494831434319, 0.6639194058677133, 0.6053976802040578, 1.1895652587356387, 502.41953111038583, 1.776764681329624E-5, 156.7592226912643, 1.2966831622474412E-5, 1.983783584414636E-4, -1.9906795497748574E-4, 42.482873310185006, 2.5984401076858825, -0.009369968558599959, -49.9998, 150.0031, 10500
5.552900851571604, -0.05305337584999712, 21.419797833813362, 3.7356311056341496, -0.015341403154290462, 1.1991906992035426E-6, 3.14E14, 0.5089036329931456, 0.10499251664095689, -0.01469067464944121, 0.6834848420865298, -0.5674630276285344, 2.3785111339600107, 509.2120674770768, 1.7723104712088155E-5, 156.7559311665849, 1.3104872267511274E-5, 1.997837463097203E-4, -1.989955325778434E-4, 42.48230920410153, 2.5977698367807456, -0.009370015413363492, -49.9998, 150.0033, 10500
5.858496389071691, -0.0559783249461945, 21.703261567007633, 3.7367564481138906, -0.016184707366720688, 1.2035633085688685E-6, 3.14E14, 0.509767931276951, 0.10513023679909697, -0.014613486229922673, 0.684419240879557, -0.7305387393877907, 2.558133599006241, 516.2900247135185, 1.767792657413841E-5, 156.7524611228412, 1.3248750533598723E-5, 2.0124332224087364E-4, -1.9891912390159814E-4, 42.481714060807235, 2.597062698129486, -0.00937006492718372, -49.9998, 150.0034, 10500
6.180909916850415, -0.059064749607929685, 21.998365981937766, 3.7379433548471988, -0.017074305818957764, 1.208085845405387E-6, 3.14E14, 0.510658346860637, 0.10527265855866015, -0.014533303983430779, 0.6800584941528587, -0.31030976118238446, 2.154887261153457, 523.6631054924065, 1.7632151097408067E-5, 156.7488027420229, 1.3398666296622434E-5, 2.027585331777126E-4, -1.9883850949758934E-4, 42.481086173064774, 2.5963166649719938, -0.00937011725591948, -49.9998, 150.0036, 10500
6.521066987680327, -0.06232158464566915, 22.305478947204413, 3.739195172782484, -0.01801273243433366, 1.2127609407552042E-6, 3.14E14, 0.5115750614057012, 0.10541985733750953, -0.014450048810287677, 0.662166312062284, 0.5919215396783235, 1.2700429021852364, 531.3412520704056, 1.7585818595262988E-5, 156.74494566653823, 1.355482387676469E-5, 2.0433083087167454E-4, -1.987534578344267E-4, 42.48042373977741, 2.595529599255333, -0.009370172564660212, -49.9998, 150.0038, 10500
6.879944090737233, -0.06575826095021216, 22.624974647636634, 3.740515428475999, -0.019002658899686307, 1.2175911531234745E-6, 3.14E14, 0.512518226184616, 0.10557190522400567, -0.014363641447955544, 0.6578956059492566, 0.6935574719731333, 1.1861603270235377, 539.3346545805483, 1.753897080650061E-5, 156.74087896960333, 1.3717432542193826E-5, 2.0596167538340345E-4, -1.9866372462620633E-4, 42.47972486083457, 2.5946992455366407, -0.009370231028730308, -49.9998, 150.004, 10500
7.258571454808453, -0.0693847331677979, 22.957233615622744, 3.741907837469125, -0.020046902033450702, 1.2225789666814883E-6, 3.14E14, 0.513487961793035, 0.1057288708473382, -0.014274002522863372, 0.6536173664994673, 0.782637463248676, 1.1151554771911174, 547.6537603608976, 1.7491650529420712E-5, 156.73656781149313, 1.388670409760657E-5, 2.076525230480983E-4, -1.9856905213474837E-4, 42.47898753167431, 2.593823224553098, -0.009370292834383143, -49.9998, 150.0043, 10500
7.658036005771429, -0.07321150892365116, 23.3026427805993, 3.7433763141263285, -0.021148431532550364, 1.2277267862755308E-6, 3.14E14, 0.5144843572943986, 0.10589081914786085, -0.014181052665390048, 0.6674436919608845, 0.3460392829765431, 1.5700987709191105, 556.3092843991086, 1.74439024054396E-5, 156.73204665733974, 1.4062863204681787E-5, 2.0940487343731125E-4, -1.9846916842779366E-4, 42.47820963754891, 2.5928990264423235, -0.009370358179185703, -49.9998, 150.0045, 10500
8.079484486832708, -0.0772496797104807, 23.661595538014602, 3.744924981953219, -0.022310378113466176, 1.2330369602547173E-6, 3.14E14, 0.5155074747798064, 0.10605781202335213, -0.01408471212603489, 0.6791918110785083, -0.4299932880421138, 2.3646871227280357, 565.3122209726339, 1.73957707217843E-5, 156.72727936531288, 1.4246133034006127E-5, 2.1122020571344167E-4, -1.983637865936635E-4, 42.47738894747565, 2.591924003592996, -0.00937042727426405, -49.9998, 150.0048, 10500
8.524126750484589, -0.08151095347695628, 24.034491838926474, 3.746558184414584, -0.023536042064947908, 1.2385117344205276E-6, 3.14E14, 0.5165573406683182, 0.1062299068101823, -0.013984901642781197, 0.6687526463346773, 0.23909119600819956, 1.7143017735667663, 574.6738565644516, 1.7347300699032133E-5, 156.72222909160504, 1.4436741433778978E-5, 2.13099998955831E-4, -1.9825260391892252E-4, 42.476523107856494, 2.5908953631061555, -0.00937050034300614, -49.9998, 150.005, 10500
8.993239231629637, -0.08600768906766884, 24.421738301226217, 3.7482804962726908, -0.02482890223102219, 1.2441532880873084E-6, 3.14E14, 0.5176339529337517, 0.10640715734953335, -0.013881541829505573, 0.6756580351618265, -0.20387479311017598, 2.1760347558409494, 584.4057841344346, 1.729853856365143E-5, 156.71690487137178, 1.4634927796471655E-5, 2.1504576980311543E-4, -1.9813530101557512E-4, 42.475609635748754, 2.5898101588467854, -0.009370577623075941, -49.9997, 150.0053, 10500
9.488168611843385, -0.09075293261550664, 24.823748343305752, 3.7500967354665384, -0.026192625441031753, 1.2499637431888688E-6, 3.14E14, 0.5187372830690891, 0.1065896142067199, -0.013774553047040977, 0.6776123643561245, -0.4014091526567006, 2.392320072964198, 594.5199188269241, 1.7249530188805067E-5, 156.7112916437908, 1.4840935727777306E-5, 2.1705903946567565E-4, -1.980115409011247E-4, 42.474645911767226, 2.5886652830628494, -0.009370659368141786, -49.9997, 150.0056, 10500
10.010335685294208, -0.09576045596191073, 25.240942340806054, 3.752011975553039, -0.02763107640536754, 1.2559451396966885E-6, 3.14E14, 0.5198672716884918, 0.10677732383522702, -0.013663855898276206, 0.6766839520832892, -0.3503815710391626, 2.3599348718171758, 605.0285151958378, 1.7200321369900416E-5, 156.70537352092998, 1.5055015020607404E-5, 2.1914133783519787E-4, -1.9788096803085163E-4, 42.473629172598145, 2.5874574575490996, -0.009370745847881461, -49.9997, 150.0059, 10500
10.561239437418287, -0.10104479724957154, 25.673747806905528, 3.75403155873141, -0.02914832809533286, 1.262099450426708E-6, 3.14E14, 0.52102383169536, 0.10697032898175166, -0.013549371006689861, 0.660764886345833, 0.49233982769928525, 1.5356460600231816, 615.9441860297948, 1.7150957500409204E-5, 156.69911043547123, 1.52774195679145E-5, 2.212941961404964E-4, -1.9774320727072595E-4, 42.47255650310378, 2.5861832243313625, -0.009370837349518256, -49.9997, 150.0062, 10500
11.142461348058292, -0.1066213037959069, 26.122599596430845, 3.7561611094722296, -0.030748672623929277, 1.2684285821807214E-6, 3.14E14, 0.5222068488555076, 0.1071686686651323, -0.013431019046761652, 0.6710961151171804, -0.0023570911042775497, 2.04845591119038, 627.2799228614103, 1.7101484192667386E-5, 156.69253132171033, 1.5508418927461227E-5, 2.23519198956253E-4, -1.9759786282004023E-4, 42.4714248279954, 2.5848389358450943, -0.009370934178730233, -49.9997, 150.0066, 10500
11.755669931418844, -0.1125061774212587, 26.587940133902425, 3.7584065487727294, -0.032436632646911275, 1.2749344007501967E-6, 3.14E14, 0.5234161868245395, 0.10737237890609247, -0.013308720327827747, 0.6693362846934261, 0.07932605288712095, 1.984447753140914, 639.0491182471525, 1.7051945168697885E-5, 156.6855709156013, 1.5748279689698717E-5, 2.2581790367262792E-4, -1.974445170704165E-4, 42.47023090305085, 2.5834207445813973, -0.009371036662465866, -49.9997, 150.0069, 10500
12.402625525871569, -0.1187165222721172, 27.07021966546564, 3.760774109059933, -0.03421697329989946, 1.2816186889642807E-6, 3.14E14, 0.5246516797128851, 0.10758149136349661, -0.013182395635253141, 0.673566692476822, -0.21830830858951403, 2.2991925929669894, 651.2655899070627, 1.7002384356926722E-5, 156.6782328492675, 1.5997284066750397E-5, 2.281919161045365E-4, -1.9728272940259804E-4, 42.46897130585293, 2.5819245921726526, -0.009371145147908991, -49.9997, 150.0073, 10500
13.085185347359882, -0.12527039541622878, 27.56989653450913, 3.763270349763165, -0.03609471468860743, 1.2884832090207928E-6, 3.14E14, 0.5259131440589913, 0.10779603524017822, -0.013051965113684408, 0.6790167195350854, -0.7354197691663948, 2.832715789537226, 663.9436068172832, 1.695284413104842E-5, 156.6704963680686, 1.6255721079847036E-5, 2.3064286145991702E-4, -1.9711203491732824E-4, 42.467642426021385, 2.5803461978868896, -0.009371260006613787, -49.9996, 150.0077, 10500
13.80530882091028, -0.13218686025859863, 28.087437480635668, 3.765902173577256, -0.03807514494754442, 1.2955296696690947E-6, 3.14E14, 0.5272003731029753, 0.1080160362130258, -0.012917348937853124, 0.6778062974018403, -0.6323170906581091, 2.7451846949449252, 677.0979173527699, 1.6903365638720714E-5, 156.66233957846066, 1.6523888464746836E-5, 2.3317238605104635E-4, -1.9693194309491078E-4, 42.46624045491222, 2.578681046500589, -0.009371381634811073, -49.9996, 150.0082, 10500
14.565063205555333, -0.13948604299295272, 28.623317961530272, 3.7686768434374462, -0.04016383388080162, 1.3027597453240418E-6, 3.14E14, 0.528513140702127, 0.10824151699281277, -0.01277846700620619, 0.6638013201646007, 0.29735373728302744, 1.8300975304007052, 690.7437795828426, 1.6853988582562907E-5, 156.65371608547153, 1.6802090560703643E-5, 2.357821508848773E-4, -1.9674193638121178E-4, 42.46476137475484, 2.576924375516065, -0.009371510455663824, -49.9996, 150.0086, 10500
15.366629528815846, -0.14718919224089175, 29.17802249716627, 3.77160200022651, -0.042366647197229754, 1.3101750817724238E-6, 3.14E14, 0.5298512027348165, 0.10847249746771183, -0.012635238884853434, 0.6646890472841653, 0.24930300990116008, 1.8915908425638692, 704.8969938283869, 1.6804751716657224E-5, 156.64462483034504, 1.709064808373856E-5, 2.3847387497709081E-4, -1.9654146869811623E-4, 42.46320094719682, 2.5750711616891326, -0.009371646920965253, -49.9996, 150.0091, 10500
16.212308847778313, -0.15531874211293892, 29.75204503570331, 3.7746856812339873, -0.04468976135016291, 1.3177773205911047E-6, 3.14E14, 0.5312143018333966, 0.1087089954321446, -0.01248758338572771, 0.6646189487853931, 0.24202778004006445, 1.9110102303719556, 719.5739375965903, 1.6755691663198546E-5, 156.63504011545476, 1.7389890280520467E-5, 2.4124930442358754E-4, -1.9632996386462803E-4, 42.46155470122425, 2.5731161068307227, -0.009371791514456431, -49.9996, 150.0096, 10500
17.104528854741343, -0.16389837881088307, 30.345889340362337, 3.777936339386576, -0.04713967898626652, 1.3255680801863715E-6, 3.14E14, 0.5326021642654227, 0.10895102596755765, -0.012335418980452068, 0.677369060145299, -0.6624243746981407, 2.8261479103358003, 734.7916030170928, 1.670684329748513E-5, 156.62493483398273, 1.7700157574211244E-5, 2.4411021960255204E-4, -1.9610681393884483E-4, 42.459817920424086, 2.5710536228437855, -0.009371944753175224, -49.9996, 150.0101, 10500
18.045850846393876, -0.17295311103109065, 30.96006939651144, 3.781362863267722, -0.04972324500953081, 1.3335489770911623E-6, 3.14E14, 0.5340145040650619, 0.1091986020806277, -0.012178663435399736, 0.6772474117472032, -0.6536044449709084, 2.826393437588088, 750.5676369123773, 1.665823961344269E-5, 156.6142570985635, 1.8021799442160985E-5, 2.470584293325101E-4, -1.9587137746105137E-4, 42.45798562955315, 2.5688778159558625, -0.0093721071904603, -49.9995, 150.0107, 10500
19.038977076531648, -0.18250934436043426, 31.59510983816252, 3.7849745979431906, -0.052447663255401546, 1.3417216339392884E-6, 3.14E14, 0.5354510246961967, 0.10945173492795489, -0.01201723369817985, 0.6570536695379294, 0.541309659125574, 1.6387638801857847, 766.9203836451019, 1.660991222264524E-5, 156.6030000465384, 1.8355185063394476E-5, 2.5009581732004566E-4, -1.9562297760529113E-4, 42.4560525803761, 2.566582470104735, -0.009372279418468906, -49.9995, 150.0113, 10500
20.08675851341933, -0.19259495996171844, 32.25154639306147, 3.7887813666079246, -0.05532051377053118, 1.3500877044479147E-6, 3.14E14, 0.5369114236291642, 0.10971043456811493, -0.01185104544124009, 0.6561222704631051, 0.5737878356533636, 1.611631148954117, 783.8689308958952, 1.6561890257782877E-5, 156.5911318648944, 1.8700695021113623E-5, 2.5322431015142296E-4, -1.9536090022300828E-4, 42.454013236733395, 2.564161029432821, -0.00937246207239242, -49.9995, 150.0119, 10500
21.1922030240674, -0.2032393976976405, 32.929926345552865, 3.7927934930677245, -0.05834977068121491, 1.3586488555065048E-6, 3.14E14, 0.5383953893349718, 0.1099747093866908, -0.011680013448903584, 0.6692063808836436, -0.011025945796520194, 2.1996979784572996, 801.4331585368747, 1.6514200792834655E-5, 156.5785957084534, 1.9058720770693848E-5, 2.564458708873892E-4, -1.9508439178236967E-4, 42.45186175879787, 2.5616065798443506, -0.00937265583278999, -49.9995, 150.0126, 10500
22.358484008918392, -0.2144737440052422, 33.63080901641295, 3.7970218250672754, -0.06154382063039236, 1.3674067894240763E-6, 3.14E14, 0.5399026053046403, 0.1102445667668148, -0.011504051208275773, 0.6746374705590712, -0.3970224499300208, 2.5867092354441725, 819.6337907787939, 1.646686934355345E-5, 156.56537947590093, 1.942967655748729E-5, 2.597625528145479E-4, -1.9479265719235363E-4, 42.44959198647619, 2.5589118295759627, -0.009372861429313513, -49.9994, 150.0132, 10500
23.588949511730082, -0.22633082485922404, 34.35476625887023, 3.801477758473674, -0.06491148174963318, 1.3763632689310688E-6, 3.14E14, 0.5414327543778141, 0.11052001384013287, -0.011323070429846899, 0.6772283921199923, -0.6231965735102128, 2.8115240047057677, 838.492451783245, 1.641991882067309E-5, 156.55142254981732, 1.9813987069779114E-5, 2.631764512088853E-4, -1.9448485750415636E-4, 42.447197421910126, 2.5560690887305233, -0.009373079645852938, -49.9994, 150.014, 10500
24.887131830807387, -0.23884530397991383, 35.102382970070515, 3.8061732623219684, -0.06846202312136067, 1.3855200993147558E-6, 3.14E14, 0.5429855156421602, 0.11080105691689796, -0.011136981424900314, 0.6747391532259432, -0.37376759738804055, 2.5582387183104007, 858.0317249457257, 1.6373370526178174E-5, 156.5367321260353, 2.0212105364432124E-5, 2.6668977353630225E-4, -1.941601074876579E-4, 42.44467121102833, 2.5530702477194684, -0.009373311323530777, -49.9994, 150.0147, 10500
26.256757659173942, -0.2520537867916996, 35.874257617290056, 3.8111209047261645, -0.0722051846742613, 1.394879166736089E-6, 3.14E14, 0.5445605708885877, 0.11108770264380868, -0.010945692344196026, 0.6683262192855134, 0.09004485282644802, 2.087966160608292, 878.2752160705832, 1.6327242653888036E-5, 156.52119682460767, 2.0624485745115278E-5, 2.7030473347195355E-4, -1.938174730705083E-4, 42.44200612409921, 2.5499067545587044, -0.009373557367351036, -49.9993, 150.0156, 10500
27.701758782792748, -0.26599493016887266, 36.671002778256366, 3.8163338796557937, -0.0761511974347901, 1.4044424063937983E-6, 3.14E14, 0.5461575991003468, 0.11137995700711907, -0.01074910983634575, 0.6756570014428727, -0.4008233489438855, 2.569682840338241, 899.2476206748328, 1.62815527586179E-5, 156.50481941188315, 2.1051620245922035E-5, 2.740236942535313E-4, -1.9345596863828678E-4, 42.43919453523104, 2.5465695909587067, -0.009373818748611127, -49.9993, 150.0164, 10500
29.226283367547282, -0.2807095587613908, 37.49324569499848, 3.8218260345743174, -0.08031080404145369, 1.4142118828786864E-6, 3.14E14, 0.5477762897040885, 0.11167782776696397, -0.010547137402923942, 0.6758038172885588, -0.3744066306990627, 2.5313580301902747, 920.9747956746073, 1.6236315306261635E-5, 156.48755368784424, 2.14940170989416E-5, 2.7784909451957347E-4, -1.9307455418221778E-4, 42.436228400763184, 2.5430492471473833, -0.009374096514300363, -49.9993, 150.0173, 10500
30.834707867384633, -0.296240787843369, 38.34162884071605, 3.827611898931465, -0.08469527940074466, 1.42418973060776E-6, 3.14E14, 0.5494163322780643, 0.11198132260726454, -0.010339676614442947, 0.6761901649801929, -0.3689008204956089, 2.5111482833106495, 943.4838357254471, 1.6191542701011386E-5, 156.4693276530253, 2.1952202288188163E-5, 2.8178344182299244E-4, -1.9267213228668992E-4, 42.43309923649044, 2.5393356953617383, -0.00937439179091106, -49.9992, 150.0183, 10500
32.53164958780535, -0.3126341532972177, 39.21681049922853, 3.833706713496967, -0.08931645133734843, 1.4343781925119049E-6, 3.14E14, 0.5510774226804879, 0.11229045028931525, -0.010126626308441675, 0.6705097568869393, 0.08229476635577333, 2.042442880798061, 966.8031545057937, 1.6147245767880663E-5, 156.45011319541905, 2.2426734288793728E-5, 2.8582937879779985E-4, -1.922475449549986E-4, 42.42979809365777, 2.535418361940555, -0.009374705791735851, -49.9992, 150.0193, 10500
34.32197994076603, -0.3299377492261579, 40.119465356639516, 3.8401264605180825, -0.09418672106128993, 1.4447796439469914E-6, 3.14E14, 0.5527592664856731, 0.1126052213414381, -0.009907882071999802, 0.6690682332859572, 0.2012731469611246, 1.9031713190752102, 990.9625712518225, 1.6103432848772028E-5, 156.42983284935124, 2.2918190143955258E-5, 2.8998963062324865E-4, -1.917995702526378E-4, 42.42631553366105, 2.5312860979482523, -0.00937503982554516, -49.9992, 150.0204, 10500
36.210838429045545, -0.3482023734284404, 41.050285104927234, 3.846887894677787, -0.09931908322735009, 1.455396575419019E-6, 3.14E14, 0.5544615756439543, 0.11292564749501716, -0.009683336580971813, 0.6684144647060525, 0.27406502543536776, 1.8073612327632653, 1015.9934028711327, 1.6060110800792073E-5, 156.40842946462004, 2.3427177949235294E-5, 2.9426705010851415E-4, -1.9132691876409114E-4, 42.42264160138537, 2.526927148255975, -0.009375395303466422, -49.9991, 150.0215, 10500
38.203647400219786, -0.36748168145144466, 42.009979057247556, 3.8540085748245385, -0.1047271453227487, 1.4662316312751497E-6, 3.14E14, 0.5561840741345743, 0.11325174280996127, -0.009452878758336322, 0.6797530702242037, -0.4513921063729751, 2.5071722895092257, 1041.9285619827324, 1.601728450332293E-5, 156.3858660308761, 2.3954340401714423E-5, 2.986646378073269E-4, -1.908282298568976E-4, 42.41876579710978, 2.5223291190038344, -0.009375773749186635, -49.9991, 150.0227, 10500
40.30612761259918, -0.3878323496386151, 42.99927477481167, 3.8615068964380814, -0.1104251460648187, 1.477287604068135E-6, 3.14E14, 0.5579264963391246, 0.11358352345069102, -0.009216393856053773, 0.6766003864504001, -0.11162115271946255, 2.139266192102382, 1068.8026612511956, 1.5974956490996487E-5, 156.3620557200895, 2.450034279568078E-5, 3.0318549211151384E-4, -1.903020677321913E-4, 42.41467704690239, 2.5174789433637166, -0.009376176808954704, -49.999, 150.0239, 10500
42.52431465781415, -0.409314247599076, 44.01891870527381, 3.869402124788886, -0.11642797241875118, 1.4885674316156696E-6, 3.14E14, 0.5596885858729829, 0.11392100754345094, -0.008973763483534528, 0.6816620636378826, -0.4664195247718988, 2.4636232675633063, 1096.6521244037542, 1.5933127892395172E-5, 156.33695475649495, 2.5065891910056314E-5, 3.0783288077620004E-4, -1.8974691725593635E-4, 42.4103636714281, 2.512362845519686, -0.009376606261469958, -49.999, 150.0252, 10500
44.86457628719289, -0.431990620975952, 45.069676832636546, 3.8777144287414984, -0.12275117477757214, 1.5000742339968522E-6, 3.14E14, 0.5614701005911598, 0.11426421622261106, -0.00872486477285607, 0.6811118178238059, -0.3192544882982123, 2.283939737755255, 1125.515304340388, 1.5891797593305937E-5, 156.31046919452558, 2.5651721448346297E-5, 3.126101905421344E-4, -1.8916117956227128E-4, 42.4058133530848, 2.5069663027783493, -0.009377064031363886, -49.9989, 150.0266, 10500
47.333630691670145, -0.4559282847898047, 46.15233533874999, 3.8864649151443498, -0.1294109797576981, 1.5118112957195628E-6, 3.14E14, 0.5632708089049537, 0.11461317302622707, -0.008469570714181043, 0.6684279861469338, 0.5133118568587756, 1.4170542101585586, 1155.432608768636, 1.585096327592956E-5, 156.2825012506953, 2.6258601512061373E-5, 3.1752095852197843E-4, -1.885431674021891E-4, 42.40101310138289, 2.5012740057198446, -0.009377552200972321, -49.9989, 150.0281, 10500
49.938565787703354, -0.48119782830602853, 47.26770127654742, 3.8956756637404686, -0.13642429994760857, 1.5237821060137438E-6, 3.14E14, 0.5650904950381, 0.11496790501860023, -0.008207749230524877, 0.6688881754733444, 0.5518294833781869, 1.3427414553288126, 1186.4466338168174, 1.5810621207844384E-5, 156.2530420604992, 2.6887362412108487E-5, 3.2256896874572743E-4, -1.8789110024149523E-4, 42.39594921647557, 2.4952698162943285, -0.00937807302556912, -49.9988, 150.0296, 10500
52.68685956456008, -0.5078738322507836, 48.416603255222526, 3.9053697625250856, -0.1438087398443465, 1.5359903603508075E-6, 3.14E14, 0.5669289581250652, 0.11532844274269816, -0.007939263079921127, 0.6785797747433747, 0.1654393962899797, 1.6922334547656692, 1218.6023061015767, 1.5770764717363773E-5, 156.22193900809478, 2.7538848093463312E-5, 3.2775807419616846E-4, -1.8720309907654934E-4, 42.39060725074533, 2.488936723766596, -0.00937862895074811, -49.9987, 150.0313, 10499
55.586401551387816, -0.5360350983766056, 49.59989213761261, 3.9155713434674215, -0.15158259704621105, 1.5484399182008921E-6, 3.14E14, 0.5687860047944414, 0.11569481888222936, -0.0076639707285521, 0.6832827921416854, -0.07058449675826774, 1.8906767729559382, 1251.9470337481018, 1.5731386910422398E-5, 156.18912794647702, 2.8213964683735078E-5, 3.330923686800417E-4, -1.8647718096765183E-4, 42.384971968346846, 2.4822567984069632, -0.009379222626325644, -49.9987, 150.033, 10499
58.6455154656916, -0.5657648933486488, 50.8184417501077, 3.9263056185049905, -0.15976485762282328, 1.561134897510934E-6, 3.14E14, 0.5706614622133902, 0.11606707094893187, -0.007381724208466486, 0.678672414696851, 0.3425314258094301, 1.4397635455748239, 1286.530866883943, 1.5692478810284988E-5, 156.15451672881917, 2.8913663486809824E-5, 3.3857614105535207E-4, -1.857112532595154E-4, 42.379027302600974, 2.4752111428236736, -0.009379856929195811, -49.9986, 150.0348, 10499
61.87298310823656, -0.5971512069160094, 52.073149605457225, 3.93759891570971, -0.16837518436410684, 1.5740796214199204E-6, 3.14E14, 0.5725551688067827, 0.11644523959705586, -0.007092370221183461, 0.6821594795355767, 0.24423263119459213, 1.500556446094595, 1322.40666815008, 1.5654029886354828E-5, 156.11800819756698, 2.9638945484335765E-5, 3.442138775997556E-4, -1.849031074791341E-4, 42.37275631113073, 2.4677798408268408, -0.009380534982679123, -49.9985, 150.0367, 10499
65.27806957297038, -0.630287025692255, 53.36493763889421, 3.9494787155160305, -0.17743389639246207, 1.5872786413452487E-6, 3.14E14, 0.574466976442366, 0.11682936918684891, -0.006795749561421011, 0.6813893657036407, 0.3894282614583948, 1.3186924574916017, 1359.630293795642, 1.5616028085682317E-5, 156.07949991489994, 3.039086520504643E-5, 3.500102787823388E-4, -1.8405041289578367E-4, 42.36614112862515, 2.45994190371207, -0.009381260180140146, -49.9985, 150.0387, 10499
68.87054984433593, -0.6652706234865571, 54.69475295804172, 3.96197368689229, -0.186961938347536, 1.6007367437185814E-6, 3.14E14, 0.5763967500847704, 0.117219507856082, -0.006491696897410748, 0.6874440697955876, 0.10459920737209717, 1.5682690735705038, 1398.2607859455127, 1.557845986019527E-5, 156.03888387894978, 3.117053391679348E-5, 3.5597026954912206E-4, -1.8315070971440682E-4, 42.35916291711006, 2.451675213845987, -0.00938203621056171, -49.9984, 150.0409, 10499
72.66073685832694, -0.702205869268311, 56.063568607107, 3.975113723327765, -0.19698083702082436, 1.6144589561228877E-6, 3.14E14, 0.5783443673090602, 0.11761570756597906, -0.006180040563148387, 0.6932712892699667, -0.3994629100828264, 2.039098124441016, 1438.3605766528785, 1.5541310189217996E-5, 155.99604622505754, 3.197912298349536E-5, 3.620990097962971E-4, -1.822014018870947E-4, 42.35180181360146, 2.442956465433591, -0.009382867086668484, -49.9983, 150.0431, 10499
76.65951110784165, -0.7412025539290593, 57.472384345907464, 3.9889299784994674, -0.2075126429539055, 1.6284505527637437E-6, 3.14E14, 0.5803097176720621, 0.1180180241200718, -0.005860602364926096, 0.6925855676004772, -0.1102273405923572, 1.7192686408580355, 1479.9957043716174, 1.5504562701090583E-5, 155.95084371540776, 3.281786130575103E-5, 3.684018836346288E-4, -1.8119974952443375E-4, 42.344036875010566, 2.433761102343998, -0.00938375717586087, -49.9982, 150.0455, 10499
80.87835187732242, -0.7823767370075049, 58.922227444306856, 4.003454901474923, -0.21857985407365527, 1.6427170628829935E-6, 3.14E14, 0.5822927024487636, 0.11842651725963692, -0.005533197320001307, 0.6948099437750542, -0.25137016317567606, 1.8330824773158159, 1523.2360435062826, 1.546819996305286E-5, 155.90317300975235, 3.368805718302789E-5, 3.748845751985029E-4, -1.8014286087378976E-4, 42.335846020163686, 2.4240632528656687, -0.00938471123388026, -49.9981, 150.048, 10499
85.32937019634684, -0.825851115101103, 60.41415349267261, 4.018722271300042, -0.2302053179058956, 1.6572642848095643E-6, 3.14E14, 0.5842932350736422, 0.11884125090985802, -0.005197633262978299, 0.6944663628180343, -0.02472879568376545, 1.582996876249816, 1568.1555477203212, 1.543220261142592E-5, 155.8529007022116, 3.4591085215648605E-5, 3.8155302160907084E-4, -1.790276838514649E-4, 42.3272059687948, 2.4138356612612473, -0.009385734443322368, -49.998, 150.0506, 10499
90.02534360677004, -0.8717554128164398, 61.94924722899447, 4.034767230814993, -0.2424121083260955, 1.6720982581210983E-6, 3.14E14, 0.5863112357995706, 0.1192622922256793, -0.004853711420293894, 0.6948213363271305, 0.06490224672839527, 1.4744067695701004, 1614.8325077061575, 1.5396549964050476E-5, 155.7998629900047, 3.5528387667288356E-5, 3.884134079646737E-4, -1.7785099709449647E-4, 42.318092177362416, 2.403049615986686, -0.00938683245372948, -49.9979, 150.0534, 10499
94.97975284322426, -0.9202267981431769, 63.52862338333182, 4.05162631953597, -0.25522337207338075, 1.6872252870687874E-6, 3.14E14, 0.5883466334764594, 0.11968971210099774, -0.004501225811438053, 0.6928450951569383, 0.38029645436941034, 1.1451046175194979, 1663.3498241439243, 1.536122038574666E-5, 155.7439116592705, 3.650149263754421E-5, 3.954722317904773E-4, -1.7660940050733052E-4, 42.30847877153592, 2.3916748744373706, -0.009388011426886769, -49.9978, 150.0563, 10499
100.20682053227469, -0.971410324184164, 65.15342754028212, 4.069337505437026, -0.26866213943246947, 1.702651955518229E-6, 3.14E14, 0.5903993660134935, 0.12012358541922555, -0.004139962837801478, 0.6941747490855263, 0.3238801656562795, 1.193179197620812, 1713.795296599057, 1.532619065286087E-5, 155.6849136395601, 3.751202030541783E-5, 4.027363226225232E-4, -1.752993052785484E-4, 42.29833847519061, 2.379679584081522, -0.0093892780873723, -49.9977, 150.0594, 10499
105.72155202132483, -1.025459398827057, 66.82483702018597, 4.087940215464096, -0.2827510925150071, 1.7183851045198426E-6, 3.14E14, 0.592469375835012, 0.12056399024577717, -0.0037697017480306377, 0.6967531657463698, 0.05527644680962217, 1.459454249293813, 1766.2619291328408, 1.529143570505096E-5, 155.62268108886016, 3.856166567462966E-5, 4.10212773367224E-4, -1.739169233292314E-4, 42.28764253574416, 2.3670301998376573, -0.00939063977736515, -49.9976, 150.0627, 10499
111.53977845447935, -1.082536283939347, 68.54406177980584, 4.107475364613012, -0.29751228340879876, 1.7344318219381286E-6, 3.14E14, 0.5945566071159988, 0.12101100737138037, -0.0033902148386074082, 0.694161830415352, 0.3690468030086317, 1.1497284013180242, 1820.8482534244688, 1.5256929468701769E-5, 155.55704044846985, 3.9652222851188355E-5, 4.179090149585819E-4, -1.7245825616794358E-4, 42.2763606456607, 2.3536913975506675, -0.00939210451584162, -49.9975, 150.0661, 10499
117.67820221902217, -1.142812627091309, 70.31234533323573, 4.1279853834051785, -0.3129667931415716, 1.7507994713388696E-6, 3.14E14, 0.5966610081511304, 0.12146472094807216, -0.0030012667320805375, 0.6962342158338395, 0.09607599468036433, 1.433371560731073, 1877.658670228533, 1.5222644328928978E-5, 155.48780879621378, 4.0785585567852626E-5, 4.2583281936882145E-4, -1.709190831157092E-4, 42.2644608599423, 2.339625983421186, -0.009393681065950739, -49.9973, 150.0698, 10499
124.15444489297302, -1.206470027541128, 72.13096569381777, 4.149514243598596, -0.32913432081748023, 1.7674956696223575E-6, 3.14E14, 0.5987825270134818, 0.12192521769013516, -0.002602614868143449, 0.6982557109359467, -0.3440673533361055, 1.8909455746932435, 1936.8038100183267, 1.518855108797626E-5, 155.41479334826104, 4.196375117620221E-5, 4.3399230125129915E-4, -1.6929494886089286E-4, 42.25190950942065, 2.3247947992390547, -0.0093953790075405, -49.9972, 150.0736, 10499
130.98709783136553, -1.2737006391785555, 74.00123633785998, 4.1721074819785215, -0.3460326904322987, 1.7845282810955475E-6, 3.14E14, 0.600921109493336, 0.1223925865428348, -0.0021940096208750287, 0.6952262169061809, 0.03199888259018801, 1.5390565122737538, 1998.4009136932782, 1.51546190693393E-5, 155.33776782990827, 4.318881797062025E-5, 4.4239590196075315E-4, -1.6758115031659048E-4, 42.238671109655826, 2.3091566232731777, -0.009397208817282163, -49.997, 150.0776, 10499
138.1957755364651, -1.3447078130214274, 75.92450719096655, 4.195812222081313, -0.36367726073488477, 1.8019054159086827E-6, 3.14E14, 0.6030766976582241, 0.12286691847501462, -0.0017751943208357684, 0.6942895974374163, 0.009760035794979603, 1.5920482602021677, 2062.5742342586545, 1.5120816238519182E-5, 155.2565412623018, 4.4463014687331874E-5, 4.5105247774699606E-4, -1.6577272272722535E-4, 42.2247082652416, 2.2926680666681687, -0.009399181956366796, -49.9969, 150.0819, 10499
145.8011719651362, -1.4197067830272994, 77.9021656378087, 4.220677193717114, -0.38208022091774485, 1.8196354280848554E-6, 3.14E14, 0.6052492284095017, 0.12334830626253215, -0.001345905294526717, 0.6944503632111084, -0.18148724991447582, 1.8202799531057987, 2129.4554604177397, 1.5087108314021592E-5, 155.17088802053703, 4.578868364909199E-5, 4.599712372097425E-4, -1.6386442498990403E-4, 42.209981569311545, 2.275283465201996, -0.009401310968340217, -49.9967, 150.0864, 10499
153.825119935001, -1.498925397292265, 79.93563755618074, 4.246752750172068, -0.40124975197811985, 1.8377268714758197E-6, 3.14E14, 0.607438627031215, 0.12383684314134841, -9.058729373970925E-4, 0.6931034705462165, -0.17857066231095556, 1.8600501990643217, 2199.184163051569, 1.505345935731716E-5, 155.08054728230596, 4.7168282955089155E-5, 4.6916173026506793E-4, -1.6185072414713557E-4, 42.19444949803179, 2.2569547662548564, -0.009403609584279101, -49.9966, 150.0911, 10499
162.2906537999263, -1.5826048988841996, 82.0263883762019, 4.274090882988932, -0.4211890300873175, 1.8561885123643253E-6, 3.14E14, 0.6096448079032919, 0.12433262301864531, -4.5482143527929286E-4, 0.6923009038361679, -0.25425337733000464, 1.9834010928943406, 2271.9082655994966, 1.5019832012621818E-5, 154.98526855938792, 4.860441098485849E-5, 4.786339208230489E-4, -1.5972577899542735E-4, 42.17806829986281, 2.237631410847996, -0.009406092839459024, -49.9964, 150.0961, 10498
171.22207557476176, -1.6710007607212716, 84.17592416554109, 4.302745234246057, -0.44189504418246683, 1.875029327622645E-6, 3.14E14, 0.6118676734465291, 0.1248357402908435, 7.531160859178265E-6, 0.6835242819801397, 0.3693225006251745, 1.4115597625843583, 2347.784539395952, 1.4986186746313002E-5, 154.88481095214297, 5.0099814835785545E-5, 4.883982027245685E-4, -1.5748342277170806E-4, 42.160791879363934, 2.217260210610816, -0.009408777202114919, -49.9962, 150.1014, 10498
180.64502469915334, -1.7643835782943325, 86.38579274155829, 4.332771106279018, -0.4633571952348219, 1.894258459826871E-6, 3.14E14, 0.6141071081455088, 0.125346288526737, 4.8147178928045764E-4, 0.6886975652921161, -0.17358309607654124, 2.0091617435757, 2426.979125065374, 1.495248180799098E-5, 154.77885026872127, 5.165735748646439E-5, 4.984652781034632E-4, -1.5511714485164877E-4, 42.14257167531065, 2.1957852195404537, -0.009411680713887007, -49.996, 150.107, 10498
190.5865516407032, -1.8630400239063656, 88.65758481127305, 4.3642254688162225, -0.4855556389454725, 1.913885199077127E-6, 3.14E14, 0.6163629760741395, 0.1258643598986998, 9.672918593403579E-4, 0.6835446814151268, 0.1488080297870895, 1.7431465781242943, 2509.6680811291103, 1.4918674228040886E-5, 154.66709353862757, 5.3280069055606256E-5, 5.088463005158372E-4, -1.5262007141896638E-4, 42.12335653288832, 2.1731476004206978, -0.009414823142344778, -49.9958, 150.1128, 10498
201.0751955487688, -1.96727387024616, 90.99293514008902, 4.3971669635297985, -0.5084593270757387, 1.933919007652642E-6, 3.14E14, 0.6186351234585423, 0.1263900457564522, 0.0014652877831391742, 0.6843402382140336, -0.025124082976408422, 1.9736946017886694, 2596.0379610357336, 1.4884718523169657E-5, 154.5492550735221, 5.497114964044263E-5, 5.195528779472019E-4, -1.4998494503398827E-4, 42.1030925697221, 2.149285485781723, -0.009418226151510138, -49.9956, 150.119, 10498
212.14106618182177, -2.0774070871440453, 93.39352375022162, 4.431655906035391, -0.5320236947799848, 1.9543694458119746E-6, 3.14E14, 0.6209233700753811, 0.12692343461230934, 0.0019757590443021666, 0.6853340795225835, -0.22652758367908218, 2.2303862516962454, 2686.28641989047, 1.4850566282290084E-5, 154.42500959909907, 5.6733952148871886E-5, 5.305969894086854E-4, -1.4720410305356406E-4, 42.08172303549767, 2.1241338332814705, -0.009421913486223232, -49.9954, 150.1256, 10498
223.81593034355575, -2.1937810174742567, 95.86107714979669, 4.467754285409063, -0.5561879322803055, 1.9752461304922278E-6, 3.14E14, 0.6232275049822352, 0.12746461105303628, 0.0024990070418155763, 0.6826976146481005, -0.08204871787500762, 2.138211099404625, 2780.6228522308975, 1.481616673509534E-5, 154.29399145876997, 5.857198555398554E-5, 5.419909728028222E-4, -1.4426945482759172E-4, 42.05918816492493, 2.0976242754036667, -0.009425911173541345, -49.9952, 150.1324, 10498
236.1333030758751, -2.316757639923745, 98.39736959360947, 4.505525761325769, -0.5808717684649286, 1.9965587347330593E-6, 3.14E14, 0.6255472870755729, 0.1280136557445693, 0.0030353349314659606, 0.6819664011586014, -0.09121809663430545, 2.1950032650993396, 2879.269062275484, 1.478146710524684E-5, 154.15581671198845, 6.0488932829639936E-5, 5.537475661575715E-4, -1.4117245761185424E-4, 42.03542502379302, 2.06968496337868, -0.009430247743722118, -49.995, 150.1397, 10498
249.12854387055265, -2.446720926757687, 101.00422437655801, 4.545035658961386, -0.6059716815108718, 2.018316977264629E-6, 3.14E14, 0.6278824446536628, 0.1285706451941637, 0.0035850472146046752, 0.6815189580426281, -0.11085908447075145, 2.255908456141903, 2982.459968159557, 1.4746412034424286E-5, 154.01012797426378, 6.248868197950764E-5, 5.658799804000045E-4, -1.3790409112712445E-4, 42.01036734786451, 2.0402404052482663, -0.00943495447197348, -49.9947, 150.1473, 10498
262.83895817575103, -2.5840783054984575, 103.68351516079139, 4.586350961838524, -0.6313564369045335, 2.0405305685780603E-6, 3.14E14, 0.6302326705503104, 0.12913565042729896, 0.004148448211917205, 0.6762858933738956, 0.2311079041067711, 1.947255417978204, 3090.4443417704665, 1.4710942878776198E-5, 153.85650161799526, 6.457528604062863E-5, 5.784017548334325E-4, -1.3445483068627462E-4, 41.98394537435547, 2.0092112980081236, -0.009440065642601154, -49.9945, 150.1554, 10497
277.3039044888026, -2.7292622313015062, 106.43716733764447, 4.629540302834581, -0.656861835950334, 2.0632091470061107E-6, 3.14E14, 0.6325976167717736, 0.12970873547449754, 0.004725840248735236, 0.6823599049447239, -0.2513973834574865, 2.4536928707626924, 3203.4855859007366, 1.4674998085065312E-5, 153.69453834053877, 6.675301171875923E-5, 5.913268622905226E-4, -1.308146188222717E-4, 41.956085665748176, 1.9765143537744971, -0.00944561883471048, -49.9942, 150.1639, 10497
292.56490734267925, -2.882731884350794, 109.26715942546569, 4.674673953608214, -0.6822845376669455, 2.086362261300278E-6, 3.14E14, 0.6349768945011509, 0.13028995709424016, 0.005317522993494889, 0.6807462521548696, -0.10254766639748306, 2.3182008988362344, 3321.8625505552186, 1.4638512715765519E-5, 153.5237475755544, 6.902628663305616E-5, 6.046695412167067E-4, -1.2697283532882322E-4, 41.92671092568682, 1.9420621199506596, -0.00945165523633601, -49.9939, 150.1729, 10497
308.6657765105026, -3.0449749993304867, 112.17552450448494, 4.721823812736705, -0.7073747931288219, 2.1099993116915895E-6, 3.14E14, 0.6373700701267021, 0.1308793634911444, 0.005923791720668481, 0.6775406446886385, 0.15826990559494497, 2.0592928425747736, 3445.870390376284, 1.4601419275104811E-5, 153.3436606831078, 7.139976222323783E-5, 6.184444383360416E-4, -1.2291826563977894E-4, 41.89573980670901, 1.9057627933736052, -0.009458219982630042, -49.9937, 150.1823, 10497
325.6527327702946, -3.216509845533505, 115.16435168991774, 4.771063392891067, -0.7318279035036566, 2.1341295504226558E-6, 3.14E14, 0.6397766677242496, 0.1314769945710746, 0.006544937076895019, 0.6776476021899565, 0.18702514810812185, 2.020520908805382, 3575.821465290117, 1.4563646293920819E-5, 153.15380659650222, 7.387831311402783E-5, 6.326665876915484E-4, -1.1863906745989917E-4, 41.86308670957332, 1.8675200284623346, -0.009465362526910912, -49.9934, 150.1923, 10497
343.5745405910023, -3.3978873683465958, 118.23578764455853, 4.822467807407226, -0.7552741802698362, 2.158761972883304E-6, 3.14E14, 0.642196160897026, 0.13208287952355838, 0.007181242020642881, 0.6822385806787737, -0.09605714909321744, 2.281647294741899, 3712.046286627607, 1.4525118360748446E-5, 152.95361926705144, 7.646698034179404E-5, 6.473512070555342E-4, -1.1412273556101153E-4, 41.82866157394914, 1.8272327393940873, -0.009473137040616001, -49.9931, 150.2028, 10497
362.48264812069766, -3.5896935063320328, 121.39203813218546, 4.876113756639744, -0.7772671477219002, 2.1839052733864727E-6, 3.14E14, 0.6446279718209544, 0.1326970360979813, 0.007832980387455113, 0.6831723114528647, -0.088143716865478, 2.2403464586836375, 3854.8945111352514, 1.4485756646386357E-5, 152.74257293988913, 7.917105540147173E-5, 6.625138925113108E-4, -1.0935606465475144E-4, 41.79236966024705, 1.7847948963644242, -0.009481602845124363, -49.9928, 150.2138, 10496
382.4313348788176, -3.7925517087694116, 124.63536961318407, 4.932079514508517, -0.7972696828187503, 2.2095678239957294E-6, 3.14E14, 0.6470714728714296, 0.1333194704915464, 0.008500416041159392, 0.6829181508759818, 0.04505168086148541, 2.0633969606340745, 4004.735985465139, 1.4445477701846968E-5, 152.5200666614258, 8.199601700444613E-5, 6.781704237030799E-4, -1.0432511025636299E-4, 41.754111322380716, 1.7400953160257102, -0.00949082488203194, -49.9924, 150.2255, 10496
403.477867576424, -4.00712566536429, 127.96811088390035, 4.990444915668119, -0.814637734608017, 2.2357575644720795E-6, 3.14E14, 0.6495259801702543, 0.13395017513460866, 0.009183799701839107, 0.682830121225063, 0.17729947964534287, 1.87866133385529, 4161.961843918405, 1.4404193952738018E-5, 152.28549085617647, 8.494756811935001E-5, 6.943368078655596E-4, -9.90151474414316E-5, 41.7137817712668, 1.693017446199252, -0.009500874215916286, -49.9921, 150.2378, 10496
425.6826645117968, -4.2341222769274935, 131.39265476136242, 5.051291343743573, -0.8286012033647977, 2.2624819735305654E-6, 3.14E14, 0.6519907555368144, 0.13458912853450553, 0.00988336786299815, 0.6859824564695777, 0.08349628473888682, 1.9134242446000358, 4326.985662413636, 1.4361813211143849E-5, 152.03818009816436, 8.803160876737149E-5, 7.110291798762307E-4, -9.341062741503062E-5, 41.67127082889053, 1.6434391450066723, -0.009511828578130006, -49.9918, 150.2508, 10496
449.1094690132916, -4.474294887558714, 134.91145981517028, 5.114701721084733, -0.8382414869532429, 2.2897479878709646E-6, 3.14E14, 0.6544650039561041, 0.13523629392064954, 0.010599340337381524, 0.6854412419061807, 0.28776542682082695, 1.6462367581193171, 4500.244671860509, 1.4318238895113089E-5, 151.77743390984216, 9.125424599439787E-5, 7.28263782174708E-4, -8.749513179667907E-5, 41.626462672785955, 1.59123245457108, -0.009523772948202508, -49.9914, 150.2644, 10496
473.8255324273631, -4.728446808996699, 138.5270521485532, 5.180760500494077, -0.8424651164526379, 2.317561954799578E-6, 3.14E14, 0.6569478746833834, 0.13589161876746095, 0.011331918668547408, 0.6907778696481433, 0.03480143090153569, 1.835478380625428, 4682.201034339428, 1.4273369220444043E-5, 151.50255972921047, 9.4621827319366E-5, 7.460570106491695E-4, -8.125132453681909E-5, 41.579235570809935, 1.5362633694748093, -0.009536800176826798, -49.9911, 150.2789, 10495
499.9018071770596, -4.9974351689704015, 142.24202723084653, 5.2495536593792265, -0.839972803047903, 2.345929527224804E-6, 3.14E14, 0.6594384576723271, 0.13655503302728206, 0.012081283017590955, 0.6947728214735593, -0.17528749351142284, 1.9843824243359423, 4873.343185720137, 1.4227096717330836E-5, 151.21275774303422, 9.814084628126506E-5, 7.644251220472359E-4, -7.466090138218771E-5, 41.52946160611858, 1.4783916001730892, -0.009551011650314809, -49.9907, 150.294, 10495
527.4131504452005, -5.282175110541482, 146.0590517839582, 5.321168696772039, -0.8292231007596553, 2.3748555701653873E-6, 3.14E14, 0.6619357818104351, 0.13722644774056345, 0.012847589332185244, 0.6968600867442737, -0.19202894483952682, 1.945916910430562, 5074.187248596296, 1.4179308842150087E-5, 150.90723129076764, 1.0181801634560975E-4, 7.833843650531003E-4, -6.77045368117834E-5, 41.477006392294314, 1.4174703315665234, -0.00956651799363964, -49.9903, 150.31, 10495
556.438539066951, -5.583644392847483, 149.98086572579717, 5.395694633640695, -0.8083897518883383, 2.4043441237990202E-6, 3.14E14, 0.6644388185987404, 0.1379057550403465, 0.013630968007239369, 0.6956643112779493, 0.21278029216632272, 1.4952186681001858, 5285.278519668948, 1.4129886655567587E-5, 150.58513892839173, 1.056602328099803E-4, 8.029508495041371E-4, -6.036182837126151E-5, 41.42172877861344, 1.3533459769699347, -0.009583439817714678, -49.99, 150.3269, 10494
587.0612962486862, -5.902888426984097, 154.01028417414852, 5.473222016900233, -0.7753116205827251, 2.434398255643307E-6, 3.14E14, 0.6669464768211871, 0.13859282566638387, 0.014431519605177079, 0.6970158373604681, 0.2484629306375174, 1.4259846056114562, 5507.193035980195, 1.4078704996639363E-5, 150.24554677730166, 1.0967451024036585E-4, 8.231403240129857E-4, -5.261123834947365E-5, 41.36348054549283, 1.2858579276802153, -0.009601908503096526, -49.9896, 150.3446, 10494
619.3693307639863, -6.241025794966247, 158.150199515128, 5.553842927500741, -0.7274339307512669, 2.4650199895315946E-6, 3.14E14, 0.6694576045404002, 0.13928750836250484, 0.015249312603683562, 0.6998610547031583, 0.018595951696457343, 1.6371090883033363, 5740.539224679611, 1.4025632249424422E-5, 149.8875373005757, 1.1386806512145058E-4, 8.439683248707291E-4, -4.4430032745638984E-5, 41.30210609021074, 1.2148382983457733, -0.009622067020074525, -49.9892, 150.3633, 10494
653.4553893134236, -6.59925431501091, 162.40358354117564, 5.637650992941508, -0.6617393026251184, 2.4962102075167657E-6, 3.14E14, 0.6719709893074254, 0.13998962873027837, 0.016084380429847445, 0.6995394909686823, 0.1291588669290567, 1.5243169552777158, 5985.959641301062, 1.3970529266921947E-5, 149.51007152793645, 1.1824817418575792E-4, 8.654497843547803E-4, -3.579421750127362E-5, 41.23744210305831, 1.1401116683217531, -0.009644070783754363, -49.9888, 150.383, 10493
689.4173227725896, -6.978857694131049, 166.77348966460076, 5.724741404524565, -0.5746668224811963, 2.5279684953922545E-6, 3.14E14, 0.6744853545119122, 0.140698986915765, 0.016936716985184563, 0.6998825702539798, 0.03348513611810122, 1.6350216171676404, 6244.132801837747, 1.3913250091733108E-5, 149.11207471825614, 1.2282221980245076E-4, 8.875990620280244E-4, -2.6678471983845532E-5, 41.16931723414934, 1.061494819103039, -0.009668088531732113, -49.9885, 150.4038, 10493
727.3583670926827, -7.381212850668557, 171.26305521403114, 5.815210939622714, -0.46201707547713733, 2.5602930871498082E-6, 3.14E14, 0.6769993643458693, 0.14141535762205132, 0.01780627482553926, 0.6994754633760613, -0.028939476139677598, 1.7293847749031197, 6515.7751142302595, 1.3853640683064365E-5, 148.69243177681392, 1.2759767007875948E-4, 9.104298542047455E-4, -1.705607974073791E-5, 41.0975517511944, 0.9787964679002257, -0.00969430322448077, -49.9881, 150.4257, 10493
767.3874396600353, -7.807797970438056, 175.8755038228286, 5.9091579891965225, -0.31884071510012324, 2.5931806839367777E-6, 3.14E14, 0.6795116193693356, 0.14213848740600601, 0.01869295998706111, 0.6992482098592788, -0.19580191415727535, 1.9435676736650191, 6801.642903352274, 1.3791538159219484E-5, 148.24993804367352, 1.3258198787824275E-4, 9.33954899181837E-4, -1.9505096650546366E-6, 41.021957188632214, 0.8918169972765972, -0.00972291295298703, -49.9878, 150.4487, 10492
809.6194519653427, -8.260201370993684, 180.61414623390752, 6.0066825907522015, -0.03938639134220939, 2.6266262899768665E-6, 3.14E14, 0.6820206544254556, 0.14286809250143875, 0.019596627264535454, 0.6970771229227193, -0.09311794489693752, 1.9008982410697435, 7102.534684805635, 1.372677091409682E-5, 147.7832942787473, 1.3778257617414258E-4, 9.581857764896767E-4, 1.50714099489746E-5, 40.94233598860952, 0.8003481806219903, -0.009754131841197165, -49.9874, 150.4729, 10492
854.1756394801711, -8.740131265304333, 185.4824003870504, 6.107886466889129, 0.32897547002519656, 2.660623109982595E-6, 3.14E14, 0.684524941914175, 0.14360385810061635, 0.02051707716414372, 0.6955383946968833, -0.10397991781036521, 1.9807263051258277, 7419.293294686435, 1.3659157923102349E-5, 147.29116679940003, 1.4320680580379543E-4, 9.831329091758638E-4, 3.3272832720580705E-5, 40.85848113440688, 0.7041729030549702, -0.009788190928024488, -49.9871, 150.4985, 10491
901.183909687723, -9.24942652450121, 190.4837733694111, 6.2128730695424546, 0.785634458654308, 2.6951623509061216E-6, 3.14E14, 0.687022888509655, 0.14434543565161098, 0.02145405029353059, 0.6937618525778438, -0.08606856657932181, 2.0361428601118714, 7752.808379207139, 1.3588507284421964E-5, 146.77211456258706, 1.488618745060187E-4, 0.001008805159922412, 5.3785879364124216E-5, 40.77017577702626, 0.6030648770919917, -0.009825339008296867, -49.9868, 150.5253, 10491
950.7792092669521, -9.790068526024607, 195.62187750776468, 6.3217476299838395, 1.374772422644448, 2.73023298868225E-6, 3.14E14, 0.6895128304071051, 0.14509243956465848, 0.022407220810258227, 0.6930968066908357, -0.17680472741005296, 2.199433590556385, 8104.019560855766, 1.3514616263936445E-5, 146.22456024965112, 1.5475469066333563E-4, 0.0010352094788831916, 8.50706808039702E-5, 40.677192855786174, 0.4967883520688834, -0.00986584340317888, -49.9865, 150.5537, 10490
1003.1039114841019, -10.364194204490984, 200.9005118331712, 6.434617214602474, 2.355513428766857, 2.7658216752801797E-6, 3.14E14, 0.6919930394243056, 0.14584444704848815, 0.023376193703229353, 0.6912088195772561, -0.09478001509830546, 2.183889729870796, 8473.917633931762, 1.3437270633573742E-5, 145.64691261702538, 1.608919729323581E-4, 0.0010623510623831178, 1.1616548635871054E-4, 40.579294713912375, 0.3850978159273879, -0.009909990631150202, -49.9863, 150.5834, 10490
1058.3082249037561, -10.974110433540748, 206.32347419013897, 6.551590786449942, 3.486883998330253, 2.8019123372992254E-6, 3.14E14, 0.6944617081750111, 0.14660099153025674, 0.024360493711982845, 0.6895315159090417, -0.007140578313119834, 2.151622320005911, 8863.548426930352, 1.3356242488633918E-5, 145.037382541804, 1.672798950756069E-4, 0.0010902324334261903, 1.470659977895384E-4, 40.47623271026631, 0.2677376874770703, -0.009958086942504557, -49.9861, 150.6148, 10489
1116.550624592685, -11.62230982366055, 211.89470256337617, 6.672779272496725, 4.788932486555915, 2.8384859466092395E-6, 3.14E14, 0.6969169489277777, 0.14736155996118258, 0.025359558930365705, 0.6873413017431623, 0.15031481844808867, 2.0341056236992, 9274.015575654728, 1.3271290595886505E-5, 144.39410277678954, 1.7392414177884067E-4, 0.0011188534601881813, 1.7777148496630877E-4, 40.36774682852526, 0.14444199655737755, -0.010010458662121326, -49.986, 150.6478, 10488
1177.998307054346, -12.311488108173043, 217.61825083873623, 6.798295636515747, 6.284421080660238, 2.875520287018663E-6, 3.14E14, 0.6993567929769139, 0.14812559017353005, 0.026372734341048754, 0.6888181397012986, 0.013244976594064782, 2.1924832772936584, 9706.483682737415, 1.3182158353376595E-5, 143.71505045035659, 1.80829693540555E-4, 0.0011482108119786503, 2.0828482665299008E-4, 40.25356528530874, 0.014934048872619066, -0.01006745229471641, -49.9859, 150.6825, 10488
1242.8276702000214, -13.044563210981394, 223.49829361795375, 6.928254957479687, 7.999210317041349, 2.9129895527130447E-6, 3.14E14, 0.7017791799117545, 0.14889246492945374, 0.027399260784413876, 0.6881522540673445, 0.10709734544587213, 2.099578533036081, 10162.18165882249, 1.3088572807389439E-5, 142.9980546565482, 1.8800068351557619E-4, 0.0011782975030487871, 2.386125158181125E-4, 40.13340413895037, -0.12107392875329781, -0.010129434315798758, -49.9859, 150.719, 10487
1311.2248197344425, -13.824696140155742, 229.53913151098868, 7.062774513334181, 9.96269953409677, 2.9508639839175047E-6, 3.14E14, 0.7041819509740532, 0.1496615069896264, 0.028438264967039883, 0.6900399355418846, 0.0056856004594219795, 2.1815402157525092, 10642.406257090428, 1.2990242789935393E-5, 142.24080141566654, 1.9544025129314288E-4, 0.0012091024472759763, 2.687646267140751E-4, 40.006966900832005, -0.2638811679970541, -0.01019679057287676, -49.986, 150.7575, 10486
1383.3861034095855, -14.65531382793689, 235.7451969913722, 7.20197386998864, 12.208331265867677, 2.9891093969486965E-6, 3.14E14, 0.7065628371734348, 0.15043197226921223, 0.02948874660698994, 0.692406857798949, -0.1244224423042714, 2.2735259230844367, 11148.525813766913, 1.2886857172381714E-5, 141.44073034633226, 2.0315017784792373E-4, 0.001240609549181841, 2.987547402887793E-4, 39.87394415143412, -0.4137987701795631, -0.010269925199934351, -49.9861, 150.7979, 10485
1459.518674680321, -15.540134001130784, 242.12106091697788, 7.345974975350252, 14.774168589674503, 3.0276866713808674E-6, 3.14E14, 0.7089194466018459, 0.15120304242013513, 0.030549564430029263, 0.6943586820468504, -0.18142945202170593, 2.2771250671092402, 11681.984208347645, 1.2778083396487251E-5, 140.59516157937156, 2.1113088564739306E-4, 0.001272797492523238, 3.285998236784215E-4, 39.73401316352573, -0.5711501571863131, -0.010349258930774957, -49.9864, 150.8403, 10484
1539.8410873800026, -16.483192229208168, 248.67143983883577, 7.494902258214951, 17.70355551410625, 3.066551201145062E-6, 3.14E14, 0.7112492514221121, 0.15197381698772497, 0.03161942121050637, 0.6948235432598925, -0.021161194528385458, 2.052935414839039, 12244.305058517362, 1.266356402422225E-5, 139.70108168208725, 2.193808189668129E-4, 0.0013056383294398647, 3.583200592265732E-4, 39.586837535192515, -0.7362715722006099, -0.01043522668591921, -49.9868, 150.885, 10484
1624.583923123131, -17.488871110966926, 255.40120424446087, 7.648882731821424, 21.045871648582654, 3.1056521197494215E-6, 3.14E14, 0.7135495634427378, 0.1527433014207135, 0.032696842632065404, 0.6965406463184487, 0.01801476847700986, 1.9450509666194136, 12837.096166168374, 1.2542915531972408E-5, 138.75532523490804, 2.2789646951008958E-4, 0.001339097209762597, 3.8793861649356355E-4, 39.43206683574543, -0.9095126426614675, -0.010528274268000097, -49.9874, 150.932, 10483
1713.9904532361802, -18.561931731283977, 262.3153879099483, 7.808046101870541, 24.85739349194437, 3.1449316177193097E-6, 3.14E14, 0.7158175178408214, 0.15351039731479932, 0.033780158721137626, 0.698890201451648, -0.016736553909459873, 1.912441785320133, 13462.054232564455, 1.2415723627001547E-5, 137.75431339430955, 2.3667156289173896E-4, 0.001373130584761572, 4.174813608057583E-4, 39.26933626788112, -1.0912370202169517, -0.010628854001136653, -49.9881, 150.9813, 10481
1808.317337116789, -19.681122853139286, 269.4191985674149, 7.972524878812644, 29.20227584955007, 3.1843238781484863E-6, 3.14E14, 0.7180500372485238, 0.15427388557931893, 0.034867474796715675, 0.7002271363789363, 0.07816540132172466, 1.7574686911442867, 14120.975319092839, 1.2285199630383847E-5, 136.9961100888171, 2.456993242250049E-4, 0.001407687083030267, 4.4953943879532255E-4, 39.11793291430321, -1.3185163921529575, -0.01045728335884679, -49.989, 151.0332, 10480
1907.8353590260995, -20.831482039228902, 276.71850314525295, 8.142454494208597, 34.34950390487748, 3.2240745840073314E-6, 3.14E14, 0.7202614704814424, 0.1550385540471867, 0.03596550059153125, 0.7020427782421518, 0.07414222536447904, 1.7135423805831238, 14815.751926774254, 1.2153087619872895E-5, 136.368709519076, 2.5504228206834457E-4, 0.00144299066841666, 4.837223515490884E-4, 38.970330176504355, -1.5786243383635221, -0.010116253719323547, -49.9902, 151.0877, 10479
2012.8302054293522, -22.011848067746126, 284.2190816250215, 8.31797342097708, 40.40204765204452, 3.2643211950688068E-6, 3.14E14, 0.7224592953732153, 0.15580699073082646, 0.03707797351016959, 0.704480052688415, -0.13851998434448282, 1.894552779060562, 15548.379171603863, 1.2018958355910093E-5, 135.69973768515544, 2.6474220186334363E-4, 0.00147917781530328, 5.187557138655121E-4, 38.8151306588598, -1.8515768609011478, -0.00976289133873939, -49.9917, 151.1449, 10478
2123.6032851162518, -23.220694632294382, 291.9267234404403, 8.499223297349905, 47.391595556733535, 3.3050149409869697E-6, 3.14E14, 0.7246405606597466, 0.15657819148816238, 0.03820348729040779, 0.703671076686471, 0.15384342498821962, 1.5898829105745795, 16320.966414316443, 1.1882348433974147E-5, 134.98567053513082, 2.7479915133840724E-4, 0.001516220170254833, 5.547116722825209E-4, 38.6519968176901, -2.137956817152173, -0.0093965317613001, -49.9936, 151.2051, 10477
2240.4725944554198, -24.45606369827425, 299.8477210001686, 8.686349054368844, 55.46366129767783, 3.3460993182938534E-6, 3.14E14, 0.7268021264365707, 0.15735103731805922, 0.03934041728961149, 0.7050518735811443, -0.09766481019530983, 1.8496768873208855, 17135.741959112365, 1.1742758163020953E-5, 134.22260397822726, 2.8521040658375846E-4, 0.0015540802617447908, 5.917151500828845E-4, 38.48058485532224, -2.4383722500446314, -0.009016366891042831, -49.9958, 151.2684, 10476
2363.773630266826, -25.715484189839216, 307.9887223184081, 8.87949904677101, 64.7922352338876, 3.387508961845786E-6, 3.14E14, 0.7289406343325098, 0.15812427777283075, 0.0404868897254019, 0.7046766044210467, -0.11728921839744404, 1.897430774831329, 17995.059324397716, 1.159964664561995E-5, 133.40619863899326, 2.9596985285596005E-4, 0.001592709950642809, 6.297243271718875E-4, 38.300546246545736, -2.7534581323287473, -0.008621409001787907, -49.9985, 151.3348, 10474
2493.8603529327775, -26.99254973778364, 316.3566986634492, 9.078825187125211, 75.55974695791869, 3.429168219372836E-6, 3.14E14, 0.7310524664324883, 0.1588965094785311, 0.041640742791758084, 0.7038553832024225, -0.13637094962615032, 1.961770631691488, 18901.413094035524, 1.1452489889723492E-5, 132.53680775370154, 3.070677261450387E-4, 0.0016320486131875581, 6.697414710562837E-4, 38.11212997395171, -3.086853856361664, -0.008184907405669338, -50.0017, 151.4045, 10473
2631.106202512273, -28.27929006637904, 324.9595927444238, 9.284483083098047, 88.11136693600947, 3.470996477597911E-6, 3.14E14, 0.7331340417407514, 0.15966627919851026, 0.04279967497574236, 0.7024774708483934, -0.09404485738012248, 1.9774242039178422, 19857.439359850603, 1.1300830006740023E-5, 131.61865600731682, 3.1849079682918504E-4, 0.0016720275523389315, 7.119869257872439E-4, 37.91543176940827, -3.4388380875539215, -0.0077033345363004884, -50.0056, 151.4778, 10472
2775.9051707756776, -29.5691137251456, 333.8057353196579, 9.49663217774599, 102.76153013452806, 3.512912277890921E-6, 3.14E14, 0.7351820215989203, 0.1604321602189856, 0.043961360238926744, 0.7007567027615343, -0.02043611554285075, 1.9689096328957323, 20865.918845277814, 1.1144172506436883E-5, 130.64792232911884, 3.302230337269683E-4, 0.001712573395472878, 7.557403059862144E-4, 37.70990188830111, -3.8073352019420557, -0.007195031183469411, -50.01, 151.5547, 10470
2928.6729322372157, -30.854011053518448, 342.9035079012887, 9.715435892747633, 119.73137110606969, 3.5548222463188574E-6, 3.14E14, 0.7371927695137798, 0.16119255073472682, 0.04512314236786932, 0.6990025816107945, 0.05754082658322774, 1.9569475019917768, 21929.800656057763, 1.0982014984062142E-5, 129.62308476980402, 3.4224350453438264E-4, 0.0017535976833442032, 8.01086795026502E-4, 37.49542746843393, -4.192818534007942, -0.006657108429896891, -50.0153, 151.6354, 10469
3089.848037432131, -32.1242679181883, 352.26242308264017, 9.941061774508565, 139.38904430450572, 3.5966238065597204E-6, 3.14E14, 0.7391625101985703, 0.16194572783589534, 0.04628211114977218, 0.6980786379830701, 0.0485268966092013, 2.026812082899513, 23052.209202335012, 1.0813850568581391E-5, 128.54288088365334, 3.545259166084109E-4, 0.0017949983046616873, 8.481035244663976E-4, 37.2719533219081, -4.595723583624206, -0.006086140819349496, -50.0213, 151.72, 10468
3259.8931718640592, -33.368115000083414, 361.8928978174569, 10.17368164308963, 162.1594434720869, 3.638204288042702E-6, 3.14E14, 0.7410873051708424, 0.16268983460008873, 0.047435078778710116, 0.6973957943465249, 0.04862088841907284, 2.0770953357961273, 24236.457326357195, 1.0639174802204628E-5, 127.4065007694209, 3.6703825025837276E-4, 0.0018366585901683724, 8.968555936198537E-4, 37.03949519205198, -5.016437289615189, -0.00547806340227886, -50.0284, 151.8088, 10467
3439.296484236674, -34.57129772596706, 371.80642149855765, 10.413471743927486, 188.5317467921456, 3.6794406639635107E-6, 3.14E14, 0.7429630571464259, 0.16342287842287528, 0.048578573777107614, 0.6977739764991706, -0.04147955189499618, 2.20311635021932, 25486.0609433581, 1.0457573660966356E-5, 126.21997538658812, 3.7974785382096683E-4, 0.0018784462262233278, 9.47391055226057E-4, 36.79802234936342, -5.453888559605706, -0.004828051437548452, -50.0365, 151.9019, 10465
3628.572987782564, -35.71664194503719, 382.0157537428623, 10.660612902334158, 219.06739584167403, 3.7202088868563747E-6, 3.14E14, 0.744785936806264, 0.1641428978571483, 0.04970910109594537, 0.6978285693909311, -0.050185792199956315, 2.230991505402658, 26804.75531074789, 1.0268642479092487E-5, 124.983307879738, 3.9261278475151776E-4, 0.001920222840376168, 9.997321889318816E-4, 36.54774939167185, -5.908435565812703, -0.0041308663469555845, -50.0458, 151.9996, 10464
3828.266038712128, -36.71890574309756, 392.5351486733352, 10.915290680779492, 254.4076269055951, 3.760374244754864E-6, 3.14E14, 0.7465519364940165, 0.16484779057967414, 0.05082287585365894, 0.6976695026772585, 0.010004763950864665, 2.1727195246679702, 28194.95033309267, 1.0122699812949938E-5, 127.55533725755292, 4.0559332457972284E-4, 0.001961838270176037, 0.0010104066864365336, 36.40428649543924, -6.2967257092078865, -0.0030571117410541806, -50.0564, 152.1019, 10463
4038.9488960266885, -37.5287873301136, 403.28835489976234, 11.17769553897709, 283.10381130337623, 3.806086667898818E-6, 3.14E14, 0.7485266362760981, 0.1656447363249604, 0.052090369296841854, 0.6991627985621329, -0.09349915966825653, 2.2584427990792793, 29661.726976339745, 1.002038821409177E-5, 130.3281122625485, 4.2070062808389884E-4, 0.0020097663103475663, 0.001020370212370623, 36.255554781747975, -6.700121395149315, -0.001834253420415581, -50.0683, 152.2095, 10462
4261.226367173563, -38.08522057048868, 414.3496071418754, 11.448022996810122, 314.92633672612766, 3.8578893698915376E-6, 3.14E14, 0.7507204082574985, 0.1665411962776205, 0.05352652560173493, 0.6992375305231452, 0.06337644857628923, 2.059045198787204, 31209.355569343064, 9.962497321344276E-6, 133.30815816894307, 4.3825774358032584E-4, 0.0020648043397222945, 0.001029468965443463, 36.10108103116806, -7.1189273390419565, -4.384807878675734E-4, -50.0817, 152.3225, 10462
4495.736544267287, -38.31233597720551, 425.7288979620854, 11.726473800148481, 350.15346995840264, 3.91628042850657E-6, 3.14E14, 0.7531388813748306, 0.1675433950924239, 0.055144967897336944, 0.7010130459851309, 0.07932116673311095, 1.9747854882066112, 32842.3306155439, 9.950027031823865E-6, 136.52025060967415, 4.586143806741596E-4, 0.0021277634017236855, 0.0010372997434181085, 35.94089106917372, -7.55298694277723, 0.0011593138495523759, -50.0968, 152.4413, 10462
4743.152635861162, -38.115988963329066, 437.43576202860356, 12.013254089622974, 388.98183713082625, 3.981764030963676E-6, 3.14E14, 0.7557850435251866, 0.1686571859386086, 0.056959394106600586, 0.7036473126141514, 0.05043530605088, 1.916267592272066, 34565.3817177828, 9.984193897363385E-6, 139.99281140160312, 4.821703132240324E-4, 0.0021995301823058227, 0.0010433631565526338, 35.7750638878349, -8.001991915496669, 0.0029931047075805006, -50.1136, 152.5662, 10462
5004.184899527585, -37.379468640371094, 449.47925685424735, 12.308575572435512, 431.538992535417, 4.054844748431772E-6, 3.14E14, 0.7586589001160431, 0.16988792266492905, 0.05898338807425196, 0.7061656262530519, 0.07893858272433268, 1.7989088772753228, 36383.47635037578, 1.006643460506741E-5, 143.7584857858476, 5.093825593335415E-4, 0.002281072110981186, 0.0010470467138497842, 35.60374279820241, -8.465452340026493, 0.005102578994833727, -50.1324, 152.6974, 10463
5279.582680795034, -35.958177209447165, 461.86749576223673, 12.612655697296756, 477.8410884503127, 4.136020973148597E-6, 3.14E14, 0.7617572007196375, 0.17124033097133087, 0.06123020298534826, 0.7083843630588574, 0.07717391745230298, 1.7385269949102673, 38301.818288078895, 1.0198394455728909E-5, 147.8547236575545, 5.407730054510456E-4, 0.0023734418561681945, 0.0010476063752177262, 35.4271484280503, -8.942660278677813, 0.00753418586324207, -50.1533, 152.8352, 10464
5570.136564294876, -33.67300133650526, 474.60700581682147, 12.925717832594183, 527.7347616279352, 4.22577635197358E-6, 3.14E14, 0.7650732124133511, 0.17271836312606031, 0.06371248580078956, 0.7092807250237687, 0.04511401663670297, 1.7659530242094454, 40325.84032392007, 1.0381901229991567E-5, 152.3242011952902, 5.769348447616518E-4, 0.002477778097983335, 0.00104414699344907, 35.245591960989124, -9.432625660444284, 0.010342466529889984, -50.1767, 152.98, 10466
5876.6806432933, -29.74013634378774, 487.701880859199, 13.247991447904264, 580.8186443129061, 4.324569512778476E-6, 3.14E14, 0.7685965777837582, 0.17432504605923876, 0.06644195275763196, 0.7088643385726827, -0.09073833059544176, 1.97098224420592, 42461.02243753429, 1.0589994212652106E-5, 155.05756666799053, 6.185342334183907E-4, 0.0025953599939867456, 0.0010341760773805487, 35.13571111264213, -9.690887978450652, 0.015424675156039349, -50.2028, 153.132, 10470
6200.094914123526, -23.967895046434304, 501.1447162898601, 13.579712298972355, 635.4625871845615, 4.428787398904368E-6, 3.14E14, 0.7721773547484381, 0.17599800027787493, 0.06931776284865374, 0.7067588430257958, -0.026798407264758503, 2.0262035715636597, 44712.885728805006, 1.081738825340404E-5, 157.62887946911616, 6.644999298764264E-4, 0.002722533168812069, 0.0010145875496095412, 35.032497850853005, -9.915923159599547, 0.02056978351215543, -50.231, 153.292, 10476
6541.307802391985, -23.04935800142291, 514.9171197154702, 13.921122616292985, 688.8918433693649, 4.53775609105094E-6, 3.14E14, 0.7757803127541459, 0.1777241724059851, 0.07232038161488485, 0.705303324882547, -0.004297935438102907, 2.1152968680190294, 47058.61189836842, 1.114421248367907E-5, 166.48923928940576, 7.095278634225054E-4, 0.002858251598128655, 7.710253323497321E-4, 33.942071604438176, -12.891237402546448, 0.005550131628094517, -50.2614, 153.4557, 10477
6901.298828210451, -21.116056999445274, 527.704193358719, 14.272471297431624, 578.681882156531, 4.661785372787604E-6, 3.14E14, 0.7797161289248105, 0.17966157871831964, 0.07573217506903149, 0.705524911733714, -0.010676591106824014, 2.1641241383495853, 49566.28253509949, 1.1464162861573773E-5, 166.98024623245237, 7.697490367407392E-4, 0.0030168478497944093, 7.856386818782089E-4, 33.84418929038789, -13.191590310006955, 0.008387049035535757, -50.3032, 153.628, 10479
7281.101418105207, -17.69626655732785, 542.3261849194321, 14.634014103236751, 651.9915148970857, 4.788127146612376E-6, 3.14E14, 0.7835557208406556, 0.18160661768633687, 0.07920071340595045, 0.7071775230408043, 0.06865906654279798, 2.017817858966278, 52212.40865639977, 1.17755477054227E-5, 167.75653033045214, 8.34506220801463E-4, 0.003182984644938163, 7.95313891109301E-4, 33.74392926974443, -13.497947734977503, 0.01218671260871548, -50.3483, 153.8096, 10482
7681.8058716754085, -12.16898460891904, 557.3634530228967, 15.006013858098123, 730.0257359386218, 4.915575725585127E-6, 3.14E14, 0.787266499518023, 0.18354099638382362, 0.08269214702938102, 0.711110289846037, -0.06853308393810377, 2.0285725189719344, 55003.932820480164, 1.2080957249317296E-5, 168.86969515665803, 9.033930277663387E-4, 0.0033553652926874783, 7.970349793307712E-4, 33.642651170398715, -13.808788546706747, 0.017148598719487606, -50.3969, 154.0007, 10488
8104.562491517012, -2.8628322404924127, 572.7974760424875, 15.3887406544137, 809.4403610986549, 5.044534998603988E-6, 3.14E14, 0.7908656173934491, 0.18547135976039222, 0.08621688640429206, 0.7137413045796336, -0.010830231423841702, 1.8726223472648516, 57942.55164814421, 1.2363840370409886E-5, 169.01731339511977, 9.768456344510065E-4, 0.003534933408324999, 7.637234503241002E-4, 33.70245444339915, -13.76203256012818, 0.025546755298278448, -50.4495, 154.202, 10497
8550.584885397358, 9.944688265900378, 588.3818550000337, 15.782472061433737, 858.368261549808, 5.172570809219579E-6, 3.14E14, 0.7942936408230449, 0.18736235869678086, 0.0897079791907388, 0.7145517889793301, 0.030350186306170434, 1.825819649749554, 61038.4552210833, 1.26225671262049E-5, 169.22067494124806, 0.0010535779726082671, 0.003718395545481184, 7.131209355481003E-4, 33.758159151452105, -13.697744269489977, 0.032431623455812866, -50.5047, 154.415, 10510
9021.153450159969, 25.818324811721368, 604.2172393234415, 16.18749333865617, 887.2538895450468, 5.2995604488265345E-6, 3.14E14, 0.7975592686954739, 0.1892139273716383, 0.09316196006447366, 0.7136880238340528, 0.024805311632663956, 1.9136819820449158, 64299.26596601209, 1.2855699200028889E-5, 169.47297008692718, 0.0011335301601750243, 0.0039054858951283935, 6.445170372879706E-4, 33.806605245642395, -13.614890297100226, 0.037636102001315945, -50.5627, 154.6403, 10526
9517.619047360782, 44.08694191080628, 620.278787306909, 16.604097653952635, 887.9297213970707, 5.425294881609655E-6, 3.14E14, 0.8006685094933413, 0.19102471521050413, 0.09657311160925575, 0.7126984519284713, -0.024858622639700862, 2.0741320412043103, 67733.76911981087, 1.3062518451117605E-5, 169.7637340318789, 0.0012165712423901675, 0.004095747308343759, 5.584746050927949E-4, 33.84438428235454, -13.513723647917079, 0.040890350560427176, -50.6235, 154.8787, 10544
10041.40688118751, 61.78012358950653, 636.571655071142, 17.032586306609364, 852.1471903493663, 5.549665781529869E-6, 3.14E14, 0.8036294776721867, 0.1927948074454929, 0.09993854242312569, 0.7120630289479651, 0.0547424634406801, 2.064294654266118, 71352.66868319074, 1.3244262543135063E-5, 170.04572121119975, 0.0013026759912020134, 0.004288469189474074, 4.5804437010197815E-4, 33.87233352069321, -13.25020257585964, 0.038064974743942784, -50.6872, 155.1308, 10562
10594.02058979444, 86.68852505301355, 653.1543512886201, 17.47326895547188, 774.2633004525866, 5.672860578323224E-6, 3.14E14, 0.8064563581313904, 0.1945283710708283, 0.10326340249712576, 0.7130942170406481, 0.03618653337213417, 2.0748742038937875, 75188.39088304262, 1.3399623594309282E-5, 170.44317233928686, 0.0013817482318260604, 0.004485081891446675, 4.319125240027927E-4, 33.9007865265827, -15.38910398081408, 0.04955478150245095, -50.7531, 155.3959, 10587
11177.046561797692, 111.0109030304038, 670.8422982736688, 17.92646385238673, 808.994120260307, 5.7952286071669275E-6, 3.14E14, 0.8091653874089697, 0.19623158560572757, 0.10655717293342032, 0.715339338436928, -0.04123876411498627, 2.0781170187495572, 79222.12018007788, 1.352735406659314E-5, 170.83212036419954, 0.0014737050444257418, 0.004684854384420628, 3.59204588273494E-4, 34.03430169507185, -15.03758691608951, 0.046398148487156156, -50.8339, 155.6772, 10611
11792.158490322285, 133.59541489207717, 688.5573938527637, 18.39249808113778, 745.6827582719292, 5.9157418691238E-6, 3.14E14, 0.8117420940839793, 0.1978914610829052, 0.10979233622382048, 0.7176014874072705, -0.031659247878490254, 1.9757924141443113, 83474.89492567511, 1.3630628671264533E-5, 171.19393366557256, 0.0015683274139379505, 0.004885790704673201, 2.7514505532648403E-4, 34.16098392837319, -14.668909362842912, 0.04159782707959233, -50.9171, 155.9756, 10634
12441.122177674335, 152.34418287564353, 706.6685584067986, 18.871707802078763, 633.179243756227, 6.03503831882929E-6, 3.14E14, 0.8142081413287341, 0.19951809211415097, 0.11298623582824499, 0.7192448398191053, 0.03766983952640988, 1.8460556250200697, 87958.17065630185, 1.3713373414572334E-5, 171.4947644442904, 0.0016660917360483145, 0.005088349122941973, 1.6165849609876481E-4, 34.2701786215402, -14.030132897420332, 0.03397514968882337, -51.0028, 156.2922, 10652
13125.800604431153, 165.76944449515835, 725.1709612047084, 19.364438502667525, 412.4794351259054, 6.15360486793243E-6, 3.14E14, 0.8165798046809933, 0.2011191085214799, 0.11615202223225318, 0.7200461712995944, -0.027659426763088885, 1.911752012072516, 92695.9460611864, 1.378063069231366E-5, 171.7104674655427, 0.0017675063552783671, 0.005292871778115132, 3.765570184759416E-5, 34.32877944882579, -13.240706826172437, 0.024898375329422195, -51.0892, 156.6277, 10666
13848.159277501076, 173.84429225624925, 744.4470130245552, 19.871045254111714, 106.55051412745541, 6.272385196158499E-6, 3.14E14, 0.8188803336577142, 0.20270790659438645, 0.11931486597260685, 0.7197407005255932, -0.017122283677173094, 1.9579447638018637, 97708.80225430298, 1.3837303385872233E-5, 171.84031417067578, 0.0018735010616306046, 0.0055008169118931265, -6.587625705636798E-5, 34.320900945295776, -12.447574511439722, 0.016677622267774698, -51.1753, 156.9826, 10674
14610.271872505724, 192.37206069078127, 764.7120316001636, 20.391892974339253, -206.75369202683942, 6.392211854730492E-6, 3.14E14, 0.8211283145119362, 0.20429590935882047, 0.12249672569533865, 0.719045159371049, 0.03808730864531031, 1.98419758421674, 102992.56745908833, 1.3879900805523773E-5, 172.13818753602786, 0.001970311114205848, 0.005716908724311516, 1.1658927760302454E-5, 35.55514741560081, -12.981528604779404, 0.030024062426886603, -51.2607, 157.3697, 10692
15414.326186682274, 211.30742142114286, 785.3755479076724, 20.92735669751111, 40.59359130142528, 6.512086965069072E-6, 3.14E14, 0.8233074911638665, 0.2058701919547288, 0.12567091975586134, 0.7188860978000153, 0.024840896188672905, 2.0602416154889465, 108573.34759354197, 1.3906612265868878E-5, 172.4433430309823, 0.0020847008526971777, 0.005937500393149027, -6.287076313363022E-5, 35.65204613301825, -11.915641191486365, 0.029483193956519046, -51.3546, 157.7803, 10711
16262.630419394738, 228.88301387602903, 806.7913440622932, 21.477821850297694, -242.8810438339161, 6.631894886865063E-6, 3.14E14, 0.8254190331320611, 0.20742971471818866, 0.12883433430509633, 0.7194842253577678, 0.0024106583777807502, 2.096235438883107, 114466.45057320975, 1.3918964897072945E-5, 172.72698007334918, 0.002203411478415214, 0.006161994322737079, -1.0907348872682204E-4, 35.64726828284252, -10.769561003842064, 0.026876485145934506, -51.4456, 158.2153, 10729
17157.619798283726, 242.9307627511286, 828.9396796554444, 22.04368453514434, -467.6041338874397, 6.751772928352163E-6, 3.14E14, 0.8274684155044096, 0.2089767143166446, 0.13199054853232517, 0.720674608666777, 0.03502610748726023, 2.024291295430552, 120675.6426782233, 1.3919860546637618E-5, 172.95396858830458, 0.0023267845117509647, 0.006390103444670097, -1.0565762917926534E-4, 35.536375544766535, -9.531028293758665, 0.02208277101719717, -51.5323, 158.6748, 10743
18101.863570076388, 253.00361746172328, 851.4511641846441, 22.62535182075544, -502.73521436751844, 6.87185959712393E-6, 3.14E14, 0.8294606673004004, 0.21051335828035922, 0.135143138481211, 0.7224944334431749, -0.03945351568123086, 2.0292015275027047, 127214.93091691037, 1.3912726975143598E-5, 173.1168885550829, 0.0024551389557857135, 0.0066219074310845056, -4.820829153245297E-5, 35.32599326729086, -8.287639813501993, 0.017287075162662032, -51.6133, 159.1587, 10753
19098.07237612505, 259.62013157125165, 874.2538379133955, 23.22324204003102, -254.62527779920742, 6.992614058357276E-6, 3.14E14, 0.8314054826100968, 0.21204578804223664, 0.13830402522952254, 0.7240826830947208, -0.015954464174830835, 1.9417574255335601, 134137.7804059958, 1.3900515820177645E-5, 173.22400697905783, 0.002588963663037549, 0.006858361478194091, 9.862593462331338E-5, 34.96382361698199, -7.0432839051477245, 0.013498370691812927, -51.6876, 159.6669, 10760
20149.106033847514, 285.0390524647508, 898.3235913759983, 23.837785095693892, 578.3241756679106, 7.115140057682172E-6, 3.14E14, 0.8333215182610924, 0.2135880217906721, 0.14150179069722602, 0.725145264853669, 0.030933846998872715, 1.8679539511672383, 141447.1655649991, 1.3875492599417125E-5, 173.63528560360947, 0.002708753583147952, 0.007107513708683607, 1.3482458074173982E-4, 37.25202044206216, -7.154250039913434, 0.03128550219468399, -51.7542, 160.2365, 10785
21257.981746407222, 300.43728596163186, 923.1852660761921, 24.469422773850063, 877.8211792762228, 7.237751406578739E-6, 3.14E14, 0.8351836457557501, 0.21511893144164296, 0.14469218760394292, 0.7255017137900577, -0.029860779180052865, 1.9510702987807684, 149198.60133523212, 1.3838861672253061E-5, 173.88511700959128, 0.0028529306791718573, 0.0073587965606550995, 2.0477413593246745E-4, 36.97112585564817, -6.219336148348697, 0.021240931711369856, -51.8256, 160.8356, 10800
22427.882764200782, 303.2724143467024, 949.7274005199546, 25.118609065729746, 1480.5479829705976, 7.361129917500063E-6, 3.14E14, 0.8370040812126376, 0.2166472715899651, 0.14789283741288795, 0.7253192382468393, 0.03518668275129629, 1.9438888427587715, 157504.44267129808, 1.3798931954080721E-5, 173.9312047786338, 0.0030040972903728575, 0.0076126226468429155, 3.281604927108958E-4, 36.63384973842605, -5.487166564366917, 0.010035210402947175, -51.8911, 161.4638, 10803
23662.16752301744, 294.8886066465664, 980.1233323896289, 25.785810497861128, 2635.088331080258, 7.488052312341528E-6, 3.14E14, 0.8388234024812926, 0.21820716796109255, 0.15117524284047998, 0.7252236043619453, -0.016097366295322275, 2.059140525303293, 166553.14978027437, 1.3763511883778315E-5, 173.7952362124396, 0.0031660451041411177, 0.00787494912374387, 4.988567046855887E-4, 36.259649579051704, -4.865616222748882, 0.0010849611765042886, -51.9521, 162.1213, 10795
24964.379285103387, 290.92164438471036, 1018.0695857732325, 26.471506470934056, 4449.3322308534325, 7.6222551104766964E-6, 3.14E14, 0.8406907786056705, 0.21984332785668909, 0.15463468892792281, 0.725508018606426, 0.018461182334177696, 2.0605688715019292, 177095.75838758098, 1.3730944539338368E-5, 173.72583983077342, 0.0033427695671640126, 0.008158550445334024, 7.937099697248268E-4, 35.84076396975315, -4.518749482803307, 0.0051134257914042, -52.0091, 162.8085, 10791
26338.25631080753, 305.2508600165928, 1079.524700697658, 27.17618960761615, 7863.887602701233, 7.773661641838582E-6, 3.14E14, 0.8427313007123098, 0.221673428367449, 0.1585237244205924, 0.7266181089206707, -0.03130495800661639, 2.0908590265651483, 189919.33998789953, 1.3679758676516442E-5, 173.30665301100305, 0.003547197329215701, 0.00849041200925931, 0.0011512428126679367, 35.70002731405335, -4.528867782721197, 0.018915654092927652, -52.0649, 163.5252, 10805
27787.742590008475, 327.8110216060702, 1177.5858902253258, 27.900366109589076, 12671.93384384817, 7.947038533203106E-6, 3.14E14, 0.8449860566815056, 0.2237492018799435, 0.1629590020860581, 0.7284280432843186, 0.0015605324103903776, 1.9835549414689808, 205283.42699377946, 1.3574610823207084E-5, 171.1774128608826, 0.0037901847673088383, 0.008880816568760325, 0.0014958596656011506, 35.80084781526837, -4.7187573373566964, 0.024437607096183946, -52.124, 164.2793, 10828
29316.999164129425, 335.7928214928474, 1310.1947121084495, 28.644556124078537, 18294.02402219484, 8.134855973287038E-6, 3.14E14, 0.8473354766668101, 0.22597477079790132, 0.16774189676903664, 0.7302060859112334, 0.012387010042427019, 1.9094433869336207, 222277.4287313007, 1.3387730009109857E-5, 165.37372830972242, 0.004067493240283517, 0.009308317259784493, 0.0017531222829283962, 36.09308051183215, -4.9214900250866584, 0.01452494773839723, -52.189, 165.078, 10836
30930.416071243133, 328.4940297102294, 1453.3450705107641, 29.40929412015734, 23823.903089788473, 8.314897103350665E-6, 3.14E14, 0.8495019362808767, 0.22808647990387157, 0.17230548773786927, 0.7309486168708129, -0.00758312333652632, 1.9423896604703006, 220844.53722656137, 1.339826491558077E-5, 167.1854511545852, 0.004315883160911543, 0.009722245715347954, 8.279967029156258E-4, 40.05804481055342, -3.8455450062499605, 0.00520109107826723, -52.2604, 166.0125, 10828
32632.624948557714, 297.897422644771, 1238.602875059147, 30.195129275106897, 12504.017009702955, 8.299167244268405E-6, 3.14E14, 0.8493158750481169, 0.2279028110263036, 0.17190760523705445, 0.7309311048398863, 0.007924144259511181, 1.9228095915876926, 235441.19468994063, 1.3198259557817235E-5, 157.7347680405702, 0.004298713712586279, 0.009674475684198465, 9.70290855585032E-4, 40.63711744782648, -3.644537258127722, -0.008289152947047537, -52.3193, 167.011, 10798
34428.512328461286, 240.34631926319437, 1321.0519991368903, 31.002625871129016, 16284.67907226141, 8.435726328365584E-6, 3.14E14, 0.8509112728104461, 0.22949215975265666, 0.17535653367811824, 0.7310668850084776, 0.016181288718495813, 1.96174169914967, 250471.60880896926, 1.2921611441228209E-5, 146.10622638135501, 0.00452554175889424, 0.009974139057438052, 0.0010423278112259946, 41.225042500707964, -3.4374518860228465, -0.022050580271955226, -52.3782, 168.0812, 10740
36323.23366629442, 171.0311971090891, 1396.6107397774217, 31.832363702706353, 19443.399823539065, 8.550952689455864E-6, 3.14E14, 0.8522233172633203, 0.2308242643181475, 0.17825737520647505, 0.7311153581563987, -0.023108322345075677, 2.047355471174303, 265826.4190923812, 1.2516971935447955E-5, 129.88088731529513, 0.004726557344381008, 0.010222225336773678, 0.0010657726485095117, 42.000754849897746, -3.6020801201855943, -0.026334800392555275, -52.4368, 169.2284, 10671
38322.228140119914, 94.24005003785405, 1463.7281296802569, 32.68493849491655, 22098.137539632, 8.63022097395949E-6, 3.14E14, 0.8531084020964959, 0.23173600411728443, 0.18024802290947703, 0.7312860483343454, 0.016216491829756388, 2.0327028819242074, 284851.83471955784, 1.1776241181512979E-5, 107.54369165721417, 0.0048735668454459235, 0.010383187520312325, 0.0011788760389872192, 42.95673155684384, -4.111693655939067, -0.02800226100305693, -52.5016, 170.4635, 10594
