t, z, T, RH, RHice, IWC, CCS, sigmah, sigmav, sigmas, Dh, Dv, Dh/Dv, v_sedi, rice, lambda_e
0.0, 0.0, 219.77624096606348, 78.25933, 156.81892342117976, 1.9096862323803907E-5, 359.12415528324806, 15.384787559509277, 3.715123414993286, -0.0, 20.0, 0.013758373581152459, 1453.6601933383988, 1.6758473732124272E-4, 1.0983101256861193E-6, 35.15866378369902
1.0, -0.00953689152106428, 219.77633666992188, 78.25933, 132.30725481925288, 1.7603539187956315E-5, 416.23208965964864, 16.634052086181722, 3.7188249133017384, -0.002768482929782294, 20.0, 0.013758373581152459, 1453.6601933383988, 1.675846763439645E-4, 1.0983101256861193E-6, 38.05146661933388
1.0550334943246098, -0.010062155233909565, 219.77633666992188, 78.25933, 132.30725481925288, 1.8189253703986156E-5, 391.79530004573894, 16.700090677597956, 3.7190285127358824, -0.002917358114160671, 20.0, 0.013758373581152459, 1453.6601933383988, 1.7514063329382098E-4, 1.1227971275669805E-6, 36.556393044389395
1.1130956741467966, -0.010616140029016525, 219.77633666992188, 78.25933, 132.30725481925288, 1.8145566661110975E-5, 393.51851885643697, 16.76948168258207, 3.7192433048759166, -0.003077876875755077, 20.0, 0.013758373581152459, 1453.6601933383988, 1.7192773834554933E-4, 1.1124507935200586E-6, 37.39643437959995
1.1743532186127021, -0.01120062707486688, 219.77635192871094, 78.25933, 132.30723514029705, 1.8100080320373646E-5, 395.32887432408097, 16.84238159401819, 3.7194699043314197, -0.003247225711736175, 20.0, 0.013758373581152459, 1453.6601933383988, 1.721552732851249E-4, 1.113186709776173E-6, 37.51164528731437
1.2389819798043116, -0.011817296583598955, 219.77635192871094, 78.25933, 132.30723514029705, 1.8052750020125273E-5, 397.2304085148181, 16.918952931324117, 3.7197089593822126, -0.0034258901333979797, 20.0, 0.013758373581152459, 1453.6601933383988, 1.7239415960630975E-4, 1.113958782817975E-6, 37.632388675117326
1.307167487558166, -0.012467921402314145, 219.7763671875, 78.25933, 132.30721546134387, 1.8003530694084604E-5, 399.2273180223019, 16.999364361599486, 3.7199611538140154, -0.0036143823209527763, 20.0, 0.013758373581152459, 1453.6601933383988, 1.7264489262156118E-4, 1.1147686011750572E-6, 37.75888994502711
1.379105482066013, -0.013154372124424928, 219.7763671875, 78.25933, 132.30721546134387, 1.7952380884854618E-5, 401.323957175577, 17.083790814262013, 3.720227208853182, -0.003813242585399984, 20.0, 0.013758373581152459, 1453.6601933383988, 1.7290801349250436E-4, 1.115617763890228E-6, 37.89138277633126
1.4550024757863311, -0.013878622491229023, 219.7763671875, 78.25933, 132.30721546134387, 1.789925973766692E-5, 403.52484112256246, 17.17241358845794, 3.720507885205744, -0.004023040910014827, 20.0, 0.013758373581152459, 1453.6601933383988, 1.7318406316811554E-4, 1.1165079571664928E-6, 38.03010374554868
1.5350763462798114, -0.014642755085900806, 219.77638244628906, 78.25933, 132.3071957823937, 1.7844128787111767E-5, 405.83464877974984, 17.26542045259773, 3.720803985206261, -0.00424437857613941, 20.0, 0.013758373581152459, 1453.6601933383988, 1.734735914697738E-4, 1.1174408862130148E-6, 38.17529670739154
1.6195569616706442, -0.015448967345548159, 219.77638244628906, 78.25933, 132.3071957823937, 1.7786953558869092E-5, 408.2582256402549, 17.363005735405316, 3.721116355082251, -0.00447788987732367, 20.0, 0.013758373581152459, 1453.6601933383988, 1.7377719689715113E-4, 1.118418305326044E-6, 38.32721047834124
1.708686840529128, -0.016299577909800297, 219.77639770507812, 78.25933, 132.30717610344493, 1.7727700676386627E-5, 410.80058643419596, 17.465370407917558, 3.7214458873402654, -0.004724243926994341, 20.0, 0.013758373581152459, 1453.6601933383988, 1.7409546473375287E-4, 1.119442044442322E-6, 38.48609667900032
1.8027218480699232, -0.017197033313040525, 219.7764129638672, 78.25933, 132.30715642449903, 1.7666341439208172E-5, 413.4669176375412, 17.572722155931636, 3.721793523279963, -0.004984146564520185, 20.0, 0.013758373581152459, 1453.6601933383988, 1.7442901675189981E-4, 1.1205139413894691E-6, 38.65221399637608
1.9019319306645295, -0.018143915055749592, 219.7764129638672, 78.25933, 132.30715642449903, 1.7602850647621907E-5, 416.26257982805583, 17.685275442471475, 3.722160255642869, -0.0052583423648569225, 20.0, 0.013758373581152459, 1453.6601933383988, 1.7477850228342901E-4, 1.121635909110334E-6, 38.82582314527779
2.00660189077655, -0.019142947064318572, 219.77642822265625, 78.25933, 132.3071367455568, 1.7537205652432575E-5, 419.1931098898172, 17.803251559930395, 3.7225471314028087, -0.005547616757548862, 20.0, 0.013758373581152459, 1453.6601933383988, 1.7514455806400805E-4, 1.1228099034292254E-6, 39.007188594012916
2.1170322045443526, -0.020197003559984106, 219.77642822265625, 78.25933, 132.3071367455568, 1.7469389822128517E-5, 422.2642230709161, 17.926878671646094, 3.7229552547053637, -0.005852798260731471, 20.0, 0.013758373581152459, 1453.6601933383988, 1.7552787066578012E-4, 1.1240378946568912E-6, 39.19658001733427
2.2335398843581604, -0.02130911737413117, 219.7764434814453, 78.25933, 132.30711706661515, 1.73993892007833E-5, 425.4818149024348, 18.056391842774843, 3.723385789964046, -0.006174760836368927, 20.0, 0.013758373581152459, 1453.6601933383988, 1.7592911610828162E-4, 1.125321933157497E-6, 39.394267166484276
2.356459388907775, -0.022482488712749448, 219.77645874023438, 78.25933, 132.30709738767715, 1.7327196015099902E-5, 428.8519629905576, 18.192033060454314, 3.7238399651212446, -0.0065144263732298405, 20.0, 0.013758373581152459, 1453.6601933383988, 1.7634900661000274E-4, 1.1266640699793714E-6, 39.60052477136111
2.4861435833134045, -0.023720494418016866, 219.77647399902344, 78.25933, 132.30707770874102, 1.7252807048212578E-5, 432.38092869770156, 18.334051243377278, 3.7243190750823967, -0.006872767304319265, 20.0, 0.013758373581152459, 1453.6601933383988, 1.7678827122871027E-4, 1.12806642378289E-6, 39.81562720056701
2.622964752095848, -0.025026697737350775, 219.7764892578125, 78.25933, 132.30705802980776, 1.7176224383431577E-5, 436.07515873281625, 18.48270224104055, 3.7248244853322197, -0.0072508093659047574, 20.0, 0.013758373581152459, 1453.6601933383988, 1.7724765309629824E-4, 1.1295311381430482E-6, 40.039850731005956
2.7673156678939663, -0.026404858636218432, 219.7764892578125, 78.25933, 132.30705802980776, 1.7097456028866473E-5, 439.94128667546386, 18.6382488230828, 3.725357635742252, -0.007649634505686692, 20.0, 0.013758373581152459, 1453.6601933383988, 1.777279227362757E-4, 1.1310603898015048E-6, 40.27347222147564
2.9196107189974128, -0.027858944685455297, 219.77650451660156, 78.25933, 132.307038350877, 1.7016514427989218E-5, 443.9861344628824, 18.80096065928002, 3.7259200445793765, -0.008070383947878356, 20.0, 0.013758373581152459, 1453.6601933383988, 1.7822983929800378E-4, 1.1326563950081341E-6, 40.516767867980946
3.080287098931427, -0.029393142544770056, 219.77651977539062, 78.25933, 132.30701867194892, 1.6933419306632532E-5, 448.2167138739273, 18.971114290925108, 3.7265133127254466, -0.008514261423587913, 20.0, 0.013758373581152459, 1453.6601933383988, 1.787542002656751E-4, 1.1343213696820006E-6, 40.770015229139986
3.2498060615086386, -0.03101187009660059, 219.7765350341797, 78.25933, 132.30699899302346, 1.684819592734767E-5, 452.6402280485044, 19.148993094477056, 3.7271391281185675, -0.008982536575066464, 20.0, 0.013758373581152459, 1453.6601933383988, 1.7930181848489445E-4, 1.136057585696243E-6, 41.03348835871657
3.428654244950757, -0.03271978924551122, 219.77655029296875, 78.25933, 132.30697931409964, 1.6760875679855006E-5, 457.26407308579246, 19.334887238521297, 3.7277992704270773, -0.009476548542796098, 20.0, 0.013758373581152459, 1453.6601933383988, 1.7987351905677636E-4, 1.1378673267209714E-6, 41.30746008549727
3.6173450688813036, -0.03452181943091837, 219.77658081054688, 78.25933, 132.30693995626055, 1.6671495758571697E-5, 462.09583976915167, 19.529093635234478, 3.7284956159677316, -0.009997709745220433, 20.0, 0.013758373581152459, 1453.6601933383988, 1.8047013186708177E-4, 1.1397528961521168E-6, 41.59220056543352
3.8164202081997383, -0.03642315188811994, 219.77659606933594, 78.25933, 132.30692027734491, 1.6580100811908074E-5, 467.14331547004787, 19.73191588768991, 3.7292301428800982, -0.01054750986091557, 20.0, 0.013758373581152459, 1453.6601933383988, 1.8109253026792613E-4, 1.1417166054855585E-6, 41.88797723742157
4.026451148068025, -0.03842926471314708, 219.776611328125, 78.25933, 132.3069005984311, 1.64867402890127E-5, 472.4144862875443, 19.94366423447248, 3.730004936569674, -0.011127520023450842, 20.0, 0.013758373581152459, 1453.6601933383988, 1.8174157977410087E-4, 1.1437608085884373E-6, 42.19505141320592
4.248040824473546, -0.040545938748599235, 219.77662658691406, 78.25933, 132.30688091952018, 1.6391470226760917E-5, 477.9175394838586, 20.164655493189716, 3.730822195432739, -0.01173939724010396, 20.0, 0.013758373581152459, 1453.6601933383988, 1.824181604971611E-4, 1.1458878389661646E-6, 42.51368198033975
4.4818253550779215, -0.04277927436442185, 219.7766571044922, 78.25933, 132.30684156170597, 1.6294352271111783E-5, 483.6608662801099, 20.395213004567555, 3.7316842368765157, -0.012384889045871136, 20.0, 0.013758373581152459, 1453.6601933383988, 1.8312315909759137E-4, 1.1481000490694776E-6, 42.84412165379157
4.728475865320495, -0.04513570916610855, 219.77667236328125, 78.25933, 132.30682188280252, 1.6195455097782826E-5, 489.65306507963845, 20.635666578901382, 3.732593503648698, -0.01306583840443097, 20.0, 0.013758373581152459, 1453.6601933383988, 1.8385750458627811E-4, 1.150399787597271E-6, 43.18661779926585
4.9887004150186645, -0.047622036702307316, 219.77670288085938, 78.25933, 132.3067825250036, 1.6094851265766708E-5, 495.9029451891491, 20.88635244669408, 3.733552570490997, -0.013784188868582159, 20.0, 0.013758373581152459, 1453.6601933383988, 1.846221055889485E-4, 1.152789433956531E-6, 43.541409022721766
5.263246030995773, -0.05024542618906992, 219.77671813964844, 78.25933, 132.30676284610695, 1.5992620370536346E-5, 502.41953111038583, 21.147613215350745, 3.734564151131868, -0.014541990013205625, 20.0, 0.013758373581152459, 1453.6601933383988, 1.854179131644647E-4, 1.1552713265116934E-6, 43.90872976915639
5.552900851571604, -0.05301344336235427, 219.77674865722656, 78.25933, 132.30672348832206, 1.588884534950632E-5, 509.2120674770768, 21.419797833813362, 3.7356311056341496, -0.015341403154055019, 20.0, 0.013758373581152459, 1453.6601933383988, 1.8624586083313435E-4, 1.1578478405619535E-6, 44.28880371101778
5.858496389071691, -0.055934072460675846, 219.7767791748047, 78.25933, 132.3066841305471, 1.5783615176470675E-5, 516.2900247135185, 21.703261567007633, 3.7367564481138906, -0.016184707366493054, 20.0, 0.013758373581152459, 1453.6601933383988, 1.8710691346626387E-4, 1.1605213049944884E-6, 44.68184938137862
6.180909916850415, -0.05901573946177765, 219.7768096923828, 78.25933, 132.30664477278253, 1.5677022650761582E-5, 523.6631054924065, 21.998365981937766, 3.7379433548471988, -0.017074305818586724, 20.0, 0.013758373581152459, 1453.6601933383988, 1.8800204763257138E-4, 1.1632940727587571E-6, 45.08807418890045
6.521066987680327, -0.06226733659773143, 219.77684020996094, 78.25933, 132.30660541502814, 1.556916448101924E-5, 531.3412520704056, 22.305478947204413, 3.739195172782484, -0.018012732434011386, 20.0, 0.013758373581152459, 1453.6601933383988, 1.8893224811893848E-4, 1.166168474818295E-6, 45.50767737610199
6.879944090737233, -0.0656982482415925, 219.77687072753906, 78.25933, 132.30656605728336, 1.5460140846890924E-5, 539.3346545805483, 22.624974647636634, 3.740515428475999, -0.019002658899200747, 20.0, 0.013758373581152459, 1453.6601933383988, 1.8989851175227074E-4, 1.1691468301735924E-6, 45.940848785927756
7.258571454808453, -0.06931837823835048, 219.7769012451172, 78.25933, 132.30652669954836, 1.535005493653637E-5, 547.6537603608976, 22.957233615622744, 3.741907837469125, -0.0200469020328874, 20.0, 0.013758373581152459, 1453.6601933383988, 1.9090184752554063E-4, 1.1722314443623415E-6, 46.38776858781142
7.658036005771429, -0.07313817876138828, 219.77694702148438, 78.25933, 132.3064676629649, 1.5239012140738641E-5, 556.3092843991087, 23.3026427805993, 3.7433763141263285, -0.021148431531929295, 20.0, 0.013758373581152459, 1453.6601933383988, 1.919432656894829E-4, 1.1754246082630869E-6, 46.84860706954988
8.079484486832708, -0.07716868077426892, 219.7769775390625, 78.25933, 132.3064283052543, 1.5127121023956059E-5, 565.3122209726339, 23.661595538014602, 3.744924981953219, -0.02231037811269727, 20.0, 0.013758373581152459, 1453.6601933383988, 1.9302381982887223E-4, 1.1787285888669642E-6, 47.32352516885788
8.524126750484589, -0.0814215262189961, 219.7770233154297, 78.25933, 132.30636926870758, 1.501449004842558E-5, 574.6738565644516, 24.034491838926474, 3.746558184414584, -0.02353604206404695, 20.0, 0.013758373581152459, 1453.6601933383988, 1.9414454179601792E-4, 1.1821456665319906E-6, 47.81267137343809
8.993239231629637, -0.08590900195865774, 219.77706909179688, 78.25933, 132.30631023218373, 1.4901230001882644E-5, 584.4057841344346, 24.421738301226217, 3.7482804962726908, -0.02482890222997706, 20.0, 0.013758373581152459, 1453.6601933383988, 1.953064969133218E-4, 1.1856780634107878E-6, 48.31618745587807
9.488168611843385, -0.09064407566459859, 219.77711486816406, 78.25933, 132.30625119568228, 1.478745168964374E-5, 594.5199188269241, 24.823748343305752, 3.7500967354665384, -0.02619262543976265, 20.0, 0.013758373581152459, 1453.6601933383988, 1.965107649454948E-4, 1.1893280195407533E-6, 48.834202446845175
10.010335685294208, -0.09564043368403624, 219.77716064453125, 78.25933, 132.30619215920268, 1.467326592808613E-5, 605.0285151958378, 25.240942340806054, 3.752011975553039, -0.02763107640388839, 20.0, 0.013758373581152459, 1453.6601933383988, 1.9775843679069142E-4, 1.193097746821957E-6, 49.366836538447714
10.561239437418287, -0.10091252103452332, 219.77720642089844, 78.25933, 132.30613312274565, 1.4558783056471506E-5, 615.9441860297948, 25.673747806905528, 3.75403155873141, -0.02914832809351318, 20.0, 0.013758373581152459, 1453.6601933383988, 1.9905061962546046E-4, 1.196989442723189E-6, 49.91420028638244
11.142461348058292, -0.10647558363862218, 219.7772674560547, 78.25933, 132.30605440750458, 1.4444112168108719E-5, 627.2799228614103, 26.122599596430845, 3.7561611094722296, -0.030748672621814733, 20.0, 0.013758373581152459, 1453.6601933383988, 2.003884264050682E-4, 1.2010052916694432E-6, 50.47639490515731
11.755669931418844, -0.11234571291662919, 219.77732849121094, 78.25933, 132.30597569230346, 1.4329361749466638E-5, 639.0491182471525, 26.587940133902425, 3.7584065487727294, -0.03243663264443394, 20.0, 0.013758373581152459, 1453.6601933383988, 2.0177300908970586E-4, 1.2051474585775364E-6, 51.05351333283934
12.402625525871569, -0.11853989290807347, 219.7773895263672, 78.25933, 132.3058969771414, 1.421463796472448E-5, 651.2655899070627, 27.07021966546564, 3.760774109059933, -0.03421697329693914, 20.0, 0.013758373581152459, 1453.6601933383988, 2.032055356163603E-4, 1.209418121262044E-6, 51.64563811207004
13.085185347359882, -0.1250760500094918, 219.77745056152344, 78.25933, 132.30581826201902, 1.4100044748565517E-5, 663.9436068172832, 27.56989653450913, 3.763270349763165, -0.03609471468516491, 20.0, 0.013758373581152459, 1453.6601933383988, 2.0468719116438773E-4, 1.2138194376652254E-6, 52.25284485833393
13.80530882091028, -0.13197310551510494, 219.7775115966797, 78.25933, 132.30573954693648, 1.3985683435597963E-5, 677.0979173527699, 28.087437480635668, 3.765902173577256, -0.03807514494333423, 20.0, 0.013758373581152459, 1453.6601933383988, 2.0621918436936805E-4, 1.2183535622664124E-6, 52.87520170131732
14.565063205555333, -0.13925103111052553, 219.777587890625, 78.25933, 132.30564115313993, 1.3871652143364865E-5, 690.7437795828425, 28.623317961530272, 3.7686768434374462, -0.04016383387569969, 20.0, 0.013758373581152459, 1453.6601933383988, 2.0780273718691466E-4, 1.2230226494708469E-6, 53.51276990321089
15.366629528815846, -0.146930907475691, 219.77764892578125, 78.25933, 132.305562438147, 1.3758046795728638E-5, 704.8969938283869, 29.17802249716627, 3.77160200022651, -0.042366647191313285, 20.0, 0.013758373581152459, 1453.6601933383988, 2.0943913230364478E-4, 1.2278288491670614E-6, 54.165605256359356
16.212308847778313, -0.15503498623782483, 219.77774047851562, 78.25933, 132.3054443657321, 1.364495799584605E-5, 719.5739375965903, 29.752045035703308, 3.7746856812339873, -0.0446897613429619, 20.0, 0.013758373581152459, 1453.6601933383988, 2.1112963221117336E-4, 1.2327743500407222E-6, 54.8337553522116
17.104528854741343, -0.16358675530882927, 219.77781677246094, 78.25933, 132.3053459721218, 1.3532474895213667E-5, 734.7916030170928, 30.345889340362337, 3.777936339386576, -0.047139678977779056, 20.0, 0.013758373581152459, 1453.6601933383988, 2.128755861816676E-4, 1.2378612996216334E-6, 55.517267813384294
18.045850846393876, -0.17261100806211097, 219.7779083251953, 78.25933, 132.30522789987, 1.3420680683636752E-5, 750.5676369123773, 30.96006939651144, 3.781362863267722, -0.04972324499926108, 20.0, 0.013758373581152459, 1453.6601933383988, 2.1467834078479613E-4, 1.2430919314338516E-6, 56.216180242401904
19.038977076531648, -0.1821339162524959, 219.7779998779297, 78.25933, 132.3051098277095, 1.3309655694514844E-5, 766.9203836451019, 31.59510983816252, 3.7849745979431906, -0.05244766324311572, 20.0, 0.013758373581152459, 1453.6601933383988, 2.165392962302316E-4, 1.2484684409021736E-6, 56.93053260490501
20.08675851341933, -0.19218310718194426, 219.77809143066406, 78.25933, 132.3049917556377, 1.3199475529353345E-5, 783.8689308958952, 32.25154639306147, 3.7887813666079246, -0.055320513755832024, 20.0, 0.013758373581152459, 1453.6601933383988, 2.1845989422793858E-4, 1.2539930896642619E-6, 57.66035925434869
21.1922030240674, -0.2027877451659916, 219.7781982421875, 78.25933, 132.30485400499975, 1.3090211201118414E-5, 801.4331585368748, 32.929926345552865, 3.7927934930677245, -0.058349770663657194, 20.0, 0.013758373581152459, 1453.6601933383988, 2.2044160234076124E-4, 1.2596681583542545E-6, 58.40569461645417
22.358484008918392, -0.21397861761305323, 219.77830505371094, 78.25933, 132.30471625448436, 1.2981930076034082E-5, 819.633790778794, 33.63080901641294, 3.7970218250672754, -0.061543820609400536, 20.0, 0.013758373581152459, 1453.6601933383988, 2.2248595773495018E-4, 1.2654959594890057E-6, 59.16657354870189
23.588949511730082, -0.22578822604456486, 219.77841186523438, 78.25933, 132.30457850409027, 1.2874694598394865E-5, 838.4924517832449, 34.35476625887023, 3.801477758473674, -0.0649114817246437, 20.0, 0.013758373581152459, 1453.6601933383988, 2.24594544188975E-4, 1.2714788762056285E-6, 59.94302927898452
24.887131830807387, -0.2382508822245949, 219.77853393554688, 78.25933, 132.30442107521748, 1.2768562534898615E-5, 858.0317249457257, 35.102382970070515, 3.8061732623219684, -0.06846202309148765, 20.0, 0.013758373581152459, 1453.6601933383988, 2.2676898146110607E-4, 1.2776193294994242E-6, 60.7350980318946
26.256757659173942, -0.2514028097545766, 219.77865600585938, 78.25933, 132.3042636465031, 1.2663587983354733E-5, 878.2752160705832, 35.87425761729005, 3.8111209047261645, -0.07220518463832619, 20.0, 0.013758373581152459, 1453.6601933383988, 2.2901097096020108E-4, 1.2839197925161708E-6, 61.54281936625019
27.701758782792748, -0.26528225152575097, 219.77879333496094, 78.25933, 132.30408653939062, 1.2559819947886829E-5, 899.2476206748329, 36.67100277825636, 3.8163338796557937, -0.07615119739184724, 20.0, 0.013758373581152459, 1453.6601933383988, 2.3132225931917497E-4, 1.290382830757249E-6, 62.36623400570968
29.226283367547282, -0.27992958320347094, 219.7789306640625, 78.25933, 132.30390943247977, 1.2457303875711001E-5, 920.9747956746073, 37.49324569499847, 3.8218260345743174, -0.08031080398994914, 20.0, 0.013758373581152459, 1453.6601933383988, 2.337046782871789E-4, 1.2970110605810813E-6, 63.2053895016318
30.834707867384633, -0.29538743330228706, 219.77908325195312, 78.25933, 132.30371264725807, 1.2356080287163353E-5, 943.4838357254471, 38.34162884071604, 3.827611898931465, -0.08469527933893117, 20.0, 0.013758373581152459, 1453.6601933383988, 2.3616011370087704E-4, 1.3038072064590643E-6, 64.06033644875491
32.53164958780535, -0.31170081002353034, 219.77923583984375, 78.25933, 132.30351586228508, 1.225618633857102E-5, 966.8031545057937, 39.216810499228515, 3.833706713496967, -0.089316451263043, 20.0, 0.013758373581152459, 1453.6601933383988, 2.386905464238844E-4, 1.3107740590226008E-6, 64.93113430922396
34.32197994076603, -0.3289172354884018, 219.77940368652344, 78.25933, 132.30329939910212, 1.2157654497784124E-5, 990.9625712518225, 40.1194653566395, 3.8401264605180825, -0.0941867209723967, 20.0, 0.013758373581152459, 1453.6601933383988, 2.4129802121734725E-4, 1.3179145336618125E-6, 65.81784744801404
36.210838429045545, -0.34708688755911776, 219.7795867919922, 78.25933, 132.30306325779006, 1.206051389902485E-5, 1015.9934028711327, 41.05028510492721, 3.846887894677787, -0.09931908312041893, 20.0, 0.013758373581152459, 1453.6601933383988, 2.4398467464060308E-4, 1.3252316280234296E-6, 66.72055111326559
38.203647400219786, -0.36626274993070695, 219.77976989746094, 78.25933, 132.30282711683606, 1.1964790221059401E-5, 1041.9285619827324, 42.009979057247534, 3.8540085748245385, -0.10472714519468072, 20.0, 0.013758373581152459, 1453.6601933383988, 2.467527571945174E-4, 1.3327284736262765E-6, 67.6393281155806
40.30612761259918, -0.3865007708922419, 219.77996826171875, 78.25933, 132.30257129787364, 1.187050490779062E-5, 1068.8026612511956, 42.99927477481164, 3.8615068964380814, -0.11042514591078595, 20.0, 0.013758373581152459, 1453.6601933383988, 2.496045935530091E-4, 1.3404083356845036E-6, 68.57427059796126
42.52431465781415, -0.4078600311588732, 219.78016662597656, 78.25933, 132.30231547932982, 1.1777676759873003E-5, 1096.6521244037542, 44.01891870527378, 3.869402124788886, -0.11642797223347084, 20.0, 0.013758373581152459, 1453.6601933383988, 2.525426327832259E-4, 1.3482745870434942E-6, 69.52548451560037
44.86457628719289, -0.4304029216097349, 219.78038024902344, 78.25933, 132.30203998290668, 1.1686320686365044E-5, 1125.515304340388, 45.06967683263651, 3.8777144287414984, -0.122751174554823, 20.0, 0.013758373581152459, 1453.6601933383988, 2.555694169356469E-4, 1.3563307700348013E-6, 70.49308514011608
47.333630691670145, -0.45419533119208855, 219.78060913085938, 78.25933, 132.3017448087078, 1.1596449083038316E-5, 1155.432608768636, 46.15233533874994, 3.8864649151443498, -0.12941097948971592, 20.0, 0.013758373581152459, 1453.6601933383988, 2.5868761120844243E-4, 1.364580552157084E-6, 71.47720341689318
49.938565787703354, -0.47930684593393025, 219.78085327148438, 78.25933, 132.30142995684523, 1.1508071517004452E-5, 1186.4466338168174, 47.26770127654736, 3.8956756637404686, -0.13642429962518898, 20.0, 0.013758373581152459, 1453.6601933383988, 2.6190001386387524E-4, 1.3730277808014833E-6, 72.47798211069063
52.68685956456008, -0.5058109595615135, 219.78111267089844, 78.25933, 132.30109542743787, 1.1421194905916611E-5, 1218.6023061015767, 48.416603255222455, 3.9053697625250856, -0.14380873945611952, 20.0, 0.013758373581152459, 1453.6601933383988, 2.652095568462467E-4, 1.3816764740494803E-6, 73.49557850930269
55.586401551387816, -0.5337852964913564, 219.78138732910156, 78.25933, 132.30074122061308, 1.1335823697013402E-5, 1251.9470337481016, 49.59989213761252, 3.9155713434674215, -0.1515825965788812, 20.0, 0.013758373581152459, 1453.6601933383988, 2.6861931358664206E-4, 1.390530829929363E-6, 74.53016521294595
58.6455154656916, -0.563311847971012, 219.7816619873047, 78.25933, 132.3003870145925, 1.1251960246044302E-5, 1286.5308668839427, 50.81844175010758, 3.9263056185049905, -0.15976485706033788, 20.0, 0.013758373581152459, 1453.6601933383988, 2.7213252292545344E-4, 1.3995952356758038E-6, 75.58193089263665
61.87298310823656, -0.5944772222608227, 219.78196716308594, 78.25933, 132.29999345329236, 1.1169603900733181E-5, 1322.40666815008, 52.073149605457075, 3.93759891570971, -0.1683751836860221, 20.0, 0.013758373581152459, 1453.6601933383988, 2.7575253793599613E-4, 1.4088742853586884E-6, 76.65108010165228
65.27806957297038, -0.627372909415756, 219.78228759765625, 78.25933, 132.2995802149965, 1.1088753246595426E-5, 1359.630293795642, 53.364937638894034, 3.9494787155160305, -0.17743389557500566, 20.0, 0.013758373581152459, 1453.6601933383988, 2.794829109682264E-4, 1.4183727434282473E-6, 77.73783893270573
68.87054984433593, -0.6620955622990672, 219.78262329101562, 78.25933, 132.2991472998614, 1.1009404598329196E-5, 1398.2607859455125, 54.6947529580415, 3.96197368689229, -0.18696193736205796, 20.0, 0.013758373581152459, 1453.6601933383988, 2.833273740550384E-4, 1.428095640151505E-6, 78.84244628314539
72.66073685832694, -0.6987472941501646, 219.78297424316406, 78.25933, 132.2986947080507, 1.0931552656491321E-5, 1438.360576652878, 56.063568607106724, 3.975113723327765, -0.1969808358319129, 20.0, 0.013758373581152459, 1453.6601933383988, 2.8728983692011484E-4, 1.4380482110878675E-6, 79.96516199467636
76.65951110784165, -0.7374359941640235, 219.78334045410156, 78.25933, 132.298222439738, 1.0855190665171995E-5, 1479.995704371617, 57.47238434590712, 3.9889299784994674, -0.2075126415194106, 20.0, 0.013758373581152459, 1453.6601933383988, 2.9137440474381226E-4, 1.4482359261456408E-6, 81.10626522988184
80.87835187732242, -0.7782756621898143, 219.7837371826172, 78.25933, 132.29771081734594, 1.0780310378755334E-5, 1523.236043506282, 58.922227444306436, 4.003454901474923, -0.21857985234219476, 20.0, 0.013758373581152459, 1453.6601933383988, 2.955853712370138E-4, 1.4586644980957703E-6, 82.26605499806102
85.32937019634684, -0.8213867637263742, 219.78414916992188, 78.25933, 132.29717951894747, 1.07069030673072E-5, 1568.1555477203203, 60.4141534926721, 4.018722271300042, -0.23020531581554812, 20.0, 0.013758373581152459, 1453.6601933383988, 2.9992727672283005E-4, 1.4693398824038095E-6, 83.44485158840223
90.02534360677004, -0.8668966069767172, 219.7845916748047, 78.25933, 132.29660886712978, 1.063495830658497E-5, 1614.8325077061565, 61.94924722899383, 4.034767230814993, -0.2424121058011853, 20.0, 0.013758373581152459, 1453.6601933383988, 3.04404866874174E-4, 1.4802683241679718E-6, 84.6429925679361
94.97975284322426, -0.9149397427315265, 219.78504943847656, 78.25933, 132.2960185398615, 1.0564465451596381E-5, 1663.3498241439224, 63.52862338333103, 4.05162631953597, -0.25522336902377246, 20.0, 0.013758373581152459, 1453.6601933383988, 3.0902314836112174E-4, 1.4914563048157424E-6, 85.8608400422826
100.20682053227469, -0.9656583895390948, 219.78553771972656, 78.25933, 132.29538885990613, 1.0495412423350837E-5, 1713.7952965990557, 65.15342754028114, 4.069337505437026, -0.2686621357474287, 20.0, 0.013758373581152459, 1453.6601933383988, 3.1378735552634463E-4, 1.5029106106115923E-6, 87.09877397511018
105.72155202132483, -1.0192028849740744, 219.7860565185547, 78.25933, 132.2947198277419, 1.0427786984968572E-5, 1766.2619291328388, 66.82483702018477, 4.087940215464096, -0.2827510880606042, 20.0, 0.013758373581152459, 1453.6601933383988, 3.1870298942519897E-4, 1.5146382771710938E-6, 88.35719957435043
111.53977845447935, -1.0757321657337169, 219.78660583496094, 78.25933, 132.29401144387398, 1.0361576355829422E-5, 1820.8482534244656, 68.54406177980437, 4.107475364613012, -0.29751227802293684, 20.0, 0.013758373581152459, 1453.6601933383988, 3.237758352549834E-4, 1.5266466497951467E-6, 89.63654123738249
117.67820221902217, -1.1354142780923449, 219.78717041015625, 78.25933, 132.2932833860318, 1.0296767476068242E-5, 1877.6586702285297, 70.31234533323392, 4.1279853834051785, -0.3129667866282472, 20.0, 0.013758373581152459, 1453.6601933383988, 3.2901198470301974E-4, 1.5389433660920123E-6, 90.93724529711994
124.15444489297302, -1.1984269212063765, 219.78778076171875, 78.25933, 132.29249630029886, 1.0233346117241493E-5, 1936.8038100183217, 72.13096569381554, 4.149514243598596, -0.3291343129366111, 20.0, 0.013758373581152459, 1453.6601933383988, 3.344177764064989E-4, 1.551536368926604E-6, 92.25977912024497
130.98709783136553, -1.2649580248851753, 219.78842163085938, 78.25933, 132.29166986455692, 1.0171298927308455E-5, 1998.4009136932718, 74.00123633785724, 4.1721074819785215, -0.346032680896056, 20.0, 0.013758373581152459, 1453.6601933383988, 3.3999990143047075E-4, 1.5644338609502568E-6, 93.60463700501819
138.1957755364651, -1.335206366108592, 219.7891082763672, 78.25933, 132.29078440255367, 1.0110611711189818E-5, 2062.5742342586464, 75.92450719096317, 4.195812222081313, -0.3636772491926422, 20.0, 0.013758373581152459, 1453.6601933383988, 3.4576536365971225E-4, 1.5776444060975126E-6, 94.97232843856244
145.8011719651362, -1.4093822252519137, 219.78981018066406, 78.25933, 132.28987926881757, 1.0051270944368078E-5, 2129.4554604177292, 77.90216563780454, 4.220677193717114, -0.382080206942389, 20.0, 0.013758373581152459, 1453.6601933383988, 3.517215535137596E-4, 1.5911768419050995E-6, 96.36338866315842
153.825119935001, -1.4877080870183403, 219.7905731201172, 78.25933, 132.2888954337616, 9.993261600259701E-6, 2199.184163051556, 79.93563755617564, 4.246752750172068, -0.40124973505316086, 20.0, 0.013758373581152459, 1453.6601933383988, 3.578761337367082E-4, 1.6050403553552349E-6, 97.77836953164412
162.2906537999263, -1.570419386859779, 219.79136657714844, 78.25933, 132.2878722518925, 9.936570405840917E-6, 2271.9082655994794, 82.02638837619564, 4.274090882988932, -0.42118900958326644, 20.0, 0.013758373581152459, 1453.6601933383988, 3.642372038921651E-4, 1.61924436574226E-6, 99.21785350363757
171.22207557476176, -1.6577653105679786, 219.79220581054688, 78.25933, 132.2867900476105, 9.881182982640454E-6, 2347.78453939593, 84.17592416553342, 4.302745234246057, -0.4418950193355804, 20.0, 0.013758373581152459, 1453.6601933383988, 3.708132275423202E-4, 1.6337986939576063E-6, 100.68243264695258
180.64502469915334, -1.7500096470392548, 219.7930908203125, 78.25933, 132.28564882214596, 9.827085504637302E-6, 2426.979125065346, 86.38579274154888, 4.332771106279018, -0.46335716511679464, 20.0, 0.013758373581152459, 1453.6601933383988, 3.7761306001407195E-4, 1.6487134063483424E-6, 102.17272705982535
190.5865516407032, -1.8474317016779174, 219.79403686523438, 78.25933, 132.28442890071744, 9.774264095572535E-6, 2509.6680811290744, 88.65758481126153, 4.3642254688162225, -0.4855556024284115, 20.0, 0.013758373581152459, 1453.6601933383988, 3.846459594749662E-4, 1.663998898875493E-6, 103.68937379093269
201.0751955487688, -1.9503272739053061, 219.79502868652344, 78.25933, 132.28314996108833, 9.722705609100138E-6, 2596.0379610356877, 90.9929351400749, 4.3971669635297985, -0.5084592827851537, 20.0, 0.013758373581152459, 1453.6601933383988, 3.919216526201247E-4, 1.679665859023391E-6, 105.23303051596268
212.14106618182177, -2.059009705768279, 219.7960662841797, 78.25933, 132.28181200471104, 9.672396522157783E-6, 2686.286419890412, 93.39352375020438, 4.431655906035391, -0.5320236410480358, 20.0, 0.013758373581152459, 1453.6601933383988, 3.9945030484429074E-4, 1.6957253042741187E-6, 106.8043695092657
223.81593034355575, -2.1738110059222606, 219.79718017578125, 78.25933, 132.28037568197365, 9.623323184543237E-6, 2780.622852230823, 95.86107714977564, 4.467754285409063, -0.5561878670751137, 20.0, 0.013758373581152459, 1453.6601933383988, 4.0724248038628337E-4, 1.712188512469656E-6, 108.40408493560766
236.1333030758751, -2.2950830563687257, 219.79833984375, 78.25933, 132.278880346342, 9.57547329666059E-6, 2879.2690622753894, 98.39736959358382, 4.505525761325769, -0.5808716893121124, 20.0, 0.013758373581152459, 1453.6601933383988, 4.1530930288715854E-4, 1.7290670268803414E-6, 110.0328906939385
249.12854387055265, -2.4231989120891795, 219.79957580566406, 78.25933, 132.2772866491632, 9.528833450185578E-6, 2982.459968159437, 101.00422437652676, 4.545035658961386, -0.6059715854011201, 20.0, 0.013758373581152459, 1453.6601933383988, 4.236623262529475E-4, 1.7463727364298215E-6, 111.69150841281302
262.83895817575103, -2.5585541965338527, 219.80088806152344, 78.25933, 132.27559459345625, 9.483391325179349E-6, 3090.444341770315, 103.6835151607534, 4.586350961838524, -0.631356320169037, 20.0, 0.013758373581152459, 1453.6601933383988, 4.3231362126504606E-4, 1.7641177203478166E-6, 113.38068521682659
277.3039044888026, -2.7015686080007, 219.80226135253906, 78.25933, 132.27382385716157, 9.439134794358466E-6, 3203.4855859005443, 106.43716733759838, 4.629540302834581, -0.656861694123258, 20.0, 0.013758373581152459, 1453.6601933383988, 4.4127583444000633E-4, 1.7823143704188818E-6, 115.10117603084694
292.56490734267925, -2.852687544298024, 219.8037109375, 78.25933, 132.27195476845932, 9.39605119167854E-6, 3321.8625505549776, 109.26715942540986, 4.674673953608214, -0.6822843653014761, 20.0, 0.013758373581152459, 1453.6601933383988, 4.5056210391216994E-4, 1.8009753282216885E-6, 116.85374925229688
308.6657765105026, -3.0123838561782033, 219.8052520751953, 78.25933, 132.26996765664188, 9.354128277279414E-6, 3445.8703903759797, 112.17552450441747, 4.721823812736705, -0.7073745835864902, 20.0, 0.013758373581152459, 1453.6601933383988, 4.6018610066946226E-4, 1.820113427550682E-6, 118.63919181409666
325.6527327702946, -3.1811597450161244, 219.806884765625, 78.25933, 132.2678625262254, 9.313354309032331E-6, 3575.821465289736, 115.16435168983642, 4.771063392891067, -0.7318276486937489, 20.0, 0.013758373581152459, 1453.6601933383988, 4.701621023603064E-4, 1.8397417433615711E-6, 120.45830035203902
343.5745405910023, -3.359548818709374, 219.80859375, 78.25933, 132.26565905569862, 9.273717611535711E-6, 3712.0462866271328, 118.23578764446076, 4.822467807407226, -0.7552738703204582, 20.0, 0.013758373581152459, 1453.6601933383988, 4.805050173493525E-4, 1.859873586629789E-6, 122.31187918106058
362.48264812069766, -3.54811832133716, 219.81040954589844, 78.25933, 132.26331790241252, 9.235205772443607E-6, 3854.894511134662, 121.39203813206831, 4.876113756639744, -0.7772667705895051, 20.0, 0.013758373581152459, 1453.6601933383988, 4.91230278360851E-4, 1.8805224656078223E-6, 124.20074262412216
382.4313348788176, -3.747471551953042, 219.8123321533203, 78.25933, 132.26083907257538, 9.197807269148837E-6, 4004.7359854644096, 124.63536961304423, 4.932079514508517, -0.7972692238123631, 20.0, 0.013758373581152459, 1453.6601933383988, 5.023539679418223E-4, 1.9017020188662941E-6, 126.12572113550108
403.477867576424, -3.9582504990209686, 219.81436157226562, 78.25933, 132.2582225727624, 9.161510443503398E-6, 4161.961843917508, 127.96811088373411, 4.990444915668119, -0.814637175787343, 20.0, 0.013758373581152459, 1453.6601933383988, 5.138928406135806E-4, 1.9234261126696947E-6, 128.08764569997768
425.6826645117968, -4.181138708046712, 219.81651306152344, 78.25933, 132.25544873749666, 9.126303386596943E-6, 4326.9856624125405, 131.39265476116577, 5.051291343743573, -0.8286005228379594, 20.0, 0.013758373581152459, 1453.6601933383988, 5.25864276549731E-4, 1.9457087611626678E-6, 130.08735557963428
449.1094690132916, -4.416864408488967, 219.81878662109375, 78.25933, 132.2525175751856, 9.09217447535457E-6, 4500.244671859179, 134.91145981493906, 5.114701721084733, -0.8382406579880274, 20.0, 0.013758373581152459, 1453.6601933383988, 5.382863549760101E-4, 1.9685641057404277E-6, 132.1256983768205
473.8255324273631, -4.6662039310704415, 219.82118225097656, 78.25933, 132.2494290947153, 9.05911184404768E-6, 4682.20103433783, 138.52705214828325, 5.180760500494077, -0.8424641064037395, 20.0, 0.013758373581152459, 1453.6601933383988, 5.511778664295942E-4, 1.99200644161356E-6, 134.20352383132018
499.9018071770596, -4.929985444622439, 219.82373046875, 78.25933, 132.24614396296153, 9.027103216428497E-6, 4873.343185718237, 142.242027230534, 5.2495536593792265, -0.8399715720470345, 20.0, 0.013758373581152459, 1453.6601933383988, 5.645582480259669E-4, 2.0160501695223763E-6, 136.3216877201978
527.4131504452005, -5.209093047131974, 219.826416015625, 78.25933, 132.2426818631763, 8.996137059361681E-6, 5074.187248594066, 146.0590517836001, 5.321168696772039, -0.8292216001109339, 20.0, 0.013758373581152459, 1453.6601933383988, 5.784477565775971E-4, 2.0407097716487304E-6, 138.4810527088527
556.438539066951, -5.504471258780494, 219.82925415039062, 78.25933, 132.2390231368228, 8.966200950044396E-6, 5285.278519666377, 149.9808657253922, 5.395694633640695, -0.8083879221090589, 20.0, 0.013758373581152459, 1453.6601933383988, 5.928673796096908E-4, 2.06599988816222E-6, 140.68247568242631
587.0612962486862, -5.817129950028608, 219.832275390625, 78.25933, 132.23512845806638, 8.937282486367271E-6, 5507.193035977299, 154.01028417369827, 5.473222016900233, -0.7753093890166536, 20.0, 0.013758373581152459, 1453.6601933383988, 6.078388167249745E-4, 2.091935186222857E-6, 142.9268233698487
619.3693307639863, -6.148149762355073, 219.83546447753906, 78.25933, 132.23101751394353, 8.909369918951806E-6, 5740.539224676449, 158.1501995146385, 5.553842927500741, -0.7274312086437373, 20.0, 0.013758373581152459, 1453.6601933383988, 6.233846808671078E-4, 2.1185304189594674E-6, 145.2149624585802
653.4553893134236, -6.498688081950278, 219.83883666992188, 78.25933, 132.2266706528138, 8.882450551707067E-6, 5985.95964129777, 162.40358354065998, 5.637650992941508, -0.6617359815819894, 20.0, 0.013758373581152459, 1453.6601933383988, 6.395283822778815E-4, 2.1458004697414958E-6, 147.54775176498896
689.4173227725896, -6.869985615300947, 219.8424072265625, 78.25933, 132.22206822624565, 8.856511720423334E-6, 6244.1328018345785, 166.77348966408255, 5.724741404524565, -0.5746627701208958, 20.0, 0.013758373581152459, 1453.6601933383988, 6.562941478924408E-4, 2.17376022042547E-6, 149.92605879495713
727.3583670926827, -7.263373647141783, 219.84620666503906, 78.25933, 132.21717092175004, 8.831540740776894E-6, 6515.775114227643, 171.2630552135493, 5.815210939622714, -0.4620121301574762, 20.0, 0.013758373581152459, 1453.6601933383988, 6.737070530925967E-4, 2.202424622060009E-6, 152.35074886550504
767.3874396600353, -7.680282052827073, 219.8502197265625, 78.25933, 132.21199843409676, 8.807525511057024E-6, 6801.642903900292, 175.87550382244433, 5.9091579891965225, -0.3188346794934837, 20.0, 0.013758373581152459, 1453.6601933383988, 6.917932033759214E-4, 2.2318086875103846E-6, 154.82268513414033
809.6194519653427, -8.122248159762323, 219.85447692871094, 78.25933, 132.20651145826434, 8.784452914438234E-6, 7102.53468011919, 180.61414631174281, 6.0066825907522015, -0.04873600852061264, 20.0, 0.013758373581152459, 1453.6601933383988, 7.105795648507143E-4, 2.2619275396944467E-6, 157.34272091482313
854.1756394801711, -8.59092653192488, 219.85899353027344, 78.25933, 132.20069036203003, 8.762310349107317E-6, 7419.29328155323, 185.4823997433502, 6.107886466889129, 0.3178332612373902, 20.0, 0.013758373581152459, 1453.6601933383988, 7.300940735658131E-4, 2.2927962887859733E-6, 159.91171898742385
901.183909687723, -9.08809980203231, 219.86376953125, 78.25933, 132.19453518291022, 8.741085260627561E-6, 7752.808311708562, 190.48377162422284, 6.2128730695424546, 0.7723594234146167, 20.0, 0.013758373581152459, 1453.6601933383988, 7.503657446908533E-4, 2.324430146619831E-6, 162.5305325965171
950.7792092669521, -9.615690655451248, 219.8688507080078, 78.25933, 132.18798696888425, 8.720764542561275E-6, 8104.019434803353, 195.62186882682786, 6.3217476299838395, 1.3345475548384333, 20.0, 0.013758373581152459, 1453.6601933383988, 7.714245143387026E-4, 2.3568443947427576E-6, 165.2000109831689
1003.1039114841019, -10.175775080646533, 219.87425231933594, 78.25933, 132.18102610659193, 8.701336170163633E-6, 8473.91743161059, 200.90049613719395, 6.434617214602474, 2.3107453753543243, 20.0, 0.013758373581152459, 1453.6601933383988, 7.933015019647201E-4, 2.390054408448329E-6, 167.9210124020899
1058.3082249037561, -10.770597036587391, 219.87997436523438, 78.25933, 132.17365265145773, 8.682788164522616E-6, 8863.548126697166, 206.32344978931553, 6.551590786449942, 3.437123585336204, 20.0, 0.013758373581152459, 1453.6601933383988, 8.160290031565658E-4, 2.424075643336841E-6, 170.69437180830363
1116.550624592685, -11.402584669286385, 219.8860626220703, 78.25933, 132.1658076789135, 8.665108087692152E-6, 9274.015151260992, 211.89466747977463, 6.672779272496725, 4.73369969720254, 20.0, 0.013758373581152459, 1453.6601933383988, 8.396403601002837E-4, 2.458923666286276E-6, 173.52092175439122
1177.998307054346, -12.074368213867116, 219.89254760742188, 78.25933, 132.15745194028784, 8.648284551981828E-6, 9706.483102577778, 217.61820277157258, 6.798295636515747, 6.223206265240918, 20.0, 0.013758373581152459, 1453.6601933383988, 8.641701361779174E-4, 2.4946140910391475E-6, 176.4014978802009
1242.8276702000214, -12.788799768839604, 219.8994140625, 78.25933, 132.1486051768816, 8.632306760533346E-6, 10162.180885114223, 223.49822990789716, 6.928254957479687, 7.931476506878704, 20.0, 0.013758373581152459, 1453.6601933383988, 8.896543696220649E-4, 2.5311627302448934E-6, 179.3369191082585
1311.2248197344425, -13.548975096648052, 219.90673828125, 78.25933, 132.1391691839366, 8.61716301261074E-6, 10642.405244996567, 229.53904910466923, 7.062774513334181, 9.887886171587667, 20.0, 0.013758373581152459, 1453.6601933383988, 9.161301442817029E-4, 2.568585567911548E-6, 182.32799337898427
1383.3861034095855, -14.358257567306975, 219.91453552246094, 78.25933, 132.12912441237165, 8.602843696755072E-6, 11148.524510485813, 235.7450924077923, 7.20197386998864, 12.125859718579335, 20.0, 0.013758373581152459, 1453.6601933383988, 9.436360382031899E-4, 2.6068986245120607E-6, 185.37553900362076
1459.518674680321, -15.220304490276472, 219.92283630371094, 78.25933, 132.11843167010093, 8.58933931527193E-6, 11681.982552206237, 242.1209302182071, 7.345974975350252, 14.683449873759495, 20.0, 0.013758373581152459, 1453.6601933383988, 9.722121411647731E-4, 2.6461182684982592E-6, 188.48034291624572
1539.8410873800026, -16.139095909260103, 219.9316864013672, 78.25933, 132.10703213000295, 8.576640998857446E-6, 12244.302978124624, 248.67127860831303, 7.494902258214951, 17.604000766288834, 20.0, 0.013758373581152459, 1453.6601933383988, 0.001001899973415438, 2.6862610414159783E-6, 191.64318817645145
1624.583923123131, -17.118966014490866, 219.94113159179688, 78.25933, 132.0948669914081, 8.564741008336203E-6, 12837.09357971252, 255.4010075773485, 7.648882731821424, 20.93690593780587, 20.0, 0.013758373581152459, 1453.6601933383988, 0.0010327426390933654, 2.727343728349622E-6, 194.8648469700453
1713.9904532361802, -18.164637275257682, 219.95120239257812, 78.25933, 132.08189713338015, 8.553632728530527E-6, 13462.051047372344, 262.3151504215176, 7.808046101870541, 24.738473698569464, 20.0, 0.013758373581152459, 1453.6601933383988, 0.0010647850000405981, 2.7693834337125225E-6, 198.14607306033986
1808.317337116789, -19.25481998371837, 219.96170043945312, 78.25933, 132.06837819151767, 8.543309968065097E-6, 14120.971322892176, 269.4189144272592, 7.972524878812644, 29.07291341205164, 20.0, 0.013758373581152459, 1453.6601933383988, 0.0010980746573592743, 2.812397608371262E-6, 201.48760144739393
1907.8353590260995, -20.374502608956533, 219.9724884033203, 78.25933, 132.05448713251218, 8.53375983373005E-6, 14815.746860528121, 276.71815672276836, 8.142454494208597, 34.20618882656109, 20.0, 0.013758373581152459, 1453.6601933383988, 0.001132661166042864, 2.8564043617903558E-6, 204.89018540962272
2012.8302054293522, -21.522474487373685, 219.98355102539062, 78.25933, 132.040243701778, 8.524964968947999E-6, 15548.372772006489, 284.2186547477534, 8.31797342097708, 40.241466672763146, 20.0, 0.013758373581152459, 1453.6601933383988, 0.0011685947196186618, 2.9014210961637985E-6, 208.35467085777515
2123.6032851162518, -22.697170394513744, 219.99485778808594, 78.25933, 132.02568728340324, 8.516907540671807E-6, 16320.958364821954, 291.9261992154798, 8.499223297349905, 47.21168483843933, 20.0, 0.013758373581152459, 1453.6601933383988, 0.0012059269323431252, 2.9474647854484483E-6, 211.88197491959824
2240.4725944554198, -23.896607557418537, 220.0064239501953, 78.25933, 132.01079832435786, 8.509568889930087E-6, 17135.73180350082, 299.847079840535, 8.686349054368844, 55.26233800170718, 20.0, 0.013758373581152459, 1453.6601933383988, 0.0012447112544278019, 2.994552782824794E-6, 215.47305347329961
2363.773630266826, -25.118308765050966, 220.0181884765625, 78.25933, 131.99565547903734, 8.50293097426782E-6, 17995.04669130349, 307.9879356092743, 8.87949904677101, 64.5656817885426, 20.0, 0.013758373581152459, 1453.6601933383988, 0.0012850034723081505, 3.0427026606151077E-6, 219.1289001713653
2493.8603529327775, -26.35587605467708, 220.0301055908203, 78.25933, 131.9803177351068, 8.496973917153155E-6, 18901.397349491654, 316.3557467439434, 9.078825187125211, 75.30777085887341, 20.0, 0.013758373581152459, 1453.6601933383988, 0.0013268615116442664, 3.0919323732138716E-6, 222.8505228488992
2631.106202512273, -27.601396093735673, 220.0421142578125, 78.25933, 131.96486369351757, 8.491676638264438E-6, 19857.41963193972, 324.9584385791837, 9.284483083098047, 87.83037953059366, 20.0, 0.013758373581152459, 1453.6601933383988, 0.001370345807089433, 3.1422604198698817E-6, 226.6390203662854
2775.9051707756776, -28.8483630897545, 220.0541229248047, 78.25933, 131.94941119177176, 8.4870164081737E-6, 20865.89414201581, 333.80432822032753, 9.49663217774599, 102.44633960739282, 20.0, 0.013758373581152459, 1453.6601933383988, 0.0014155191669162639, 3.1937054774872187E-6, 230.49554359466
2928.6729322372157, -30.088899190314546, 220.06607055664062, 78.25933, 131.93403875696376, 8.482967943586798E-6, 21929.769728034214, 342.90179332900243, 9.715435892747633, 119.37747739581856, 20.0, 0.013758373581152459, 1453.6601933383988, 0.0014624462477375619, 3.2462860825050356E-6, 234.42128811453205
3089.848037432131, -31.31347866812985, 220.07786560058594, 78.25933, 131.91886414479868, 8.47950448843317E-6, 23052.1704702133, 352.2603339944955, 9.941061774508565, 138.99120119044275, 20.0, 0.013758373581152459, 1453.6601933383988, 0.0015111945337506032, 3.300021290172231E-6, 238.4175728954341
3259.8931718640592, -32.51058980588314, 220.0894012451172, 78.25933, 131.90402469335604, 8.476596893701176E-6, 24236.408786384774, 361.890351472726, 10.17368164308963, 161.71149758653857, 20.0, 0.013758373581152459, 1453.6601933383988, 0.0015618343143728693, 3.354930606474772E-6, 242.48581163844202
3439.296484236674, -33.6663195889741, 220.1005401611328, 78.25933, 131.88969694205403, 8.474213186775522E-6, 25486.000044312226, 371.8033153829749, 10.413471743927486, 188.0264401658099, 20.0, 0.013758373581152459, 1453.6601933383988, 0.0016144388641958095, 3.411033954597253E-6, 246.6275421839241
3628.572987782564, -34.76384298481594, 220.11111450195312, 78.25933, 131.8760966178839, 8.472317660601678E-6, 26804.678867019433, 382.01196038430066, 10.660612902334158, 218.49612661938176, 20.0, 0.013758373581152459, 1453.6601933383988, 0.001669084614232104, 3.4683517105963778E-6, 250.84444943525736
3828.266038712128, -35.719012158140536, 220.1203155517578, 78.25933, 131.86426354120923, 8.470869840597517E-6, 28194.85291003417, 392.53051350434504, 10.915290680779492, 253.7607791592584, 20.0, 0.013758373581152459, 1453.6601933383988, 0.0017258552739996612, 3.526904680744679E-6, 255.1384001866813
4038.9488960266885, -36.48195314077489, 220.12765502929688, 78.25933, 131.8548252012965, 8.4698010048544E-6, 29661.603727755166, 403.28260344934995, 11.17769553897709, 282.3273401261051, 20.0, 0.013758373581152459, 1453.6601933383988, 0.001784770098637049, 3.5866477270691608E-6, 259.50661425764974
4261.226367173563, -36.99071267529866, 220.132568359375, 78.25933, 131.84850713307466, 8.46902917296682E-6, 31209.200411256483, 414.3425226142972, 11.448022996810122, 314.00038802405254, 20.0, 0.013758373581152459, 1453.6601933383988, 0.0018459538852839904, 3.6476407132324544E-6, 263.95496133183616
4495.736544267287, -37.168197859731634, 220.13427734375, 78.25933, 131.84630960456641, 8.468455442743856E-6, 32842.13607640434, 425.7202136791698, 11.726473800148481, 349.0536754098903, 20.0, 0.013758373581152459, 1453.6601933383988, 0.0019094882422066356, 3.7098942728824065E-6, 268.4862446899113
4743.152635861162, -36.91862717671119, 220.13186645507812, 78.25933, 131.8494096984638, 8.467957450638059E-6, 34565.13857594938, 437.42515946095057, 12.013254089622974, 387.67920182230904, 20.0, 0.013758373581152459, 1453.6601933383988, 0.0019754551883068173, 3.7734156268498344E-6, 273.1037235066121
5004.184899527585, -36.12314792577248, 220.12420654296875, 78.25933, 131.85925977583796, 8.467385389335594E-6, 36383.17315623932, 449.4663529950758, 12.308575572435512, 429.99837766928033, 20.0, 0.013758373581152459, 1453.6601933383988, 0.002043936420228706, 3.838207347654882E-6, 277.8112924073658
5279.582680795034, -34.63440751807203, 220.10987854003906, 78.25933, 131.87768620453087, 8.466555571715909E-6, 38301.440741644794, 461.85182657729246, 12.612655697296756, 476.01906891634474, 20.0, 0.013758373581152459, 1453.6601933383988, 0.002115012544270575, 3.904266095974024E-6, 282.61359896204175
5570.136564294876, -32.26979701256237, 220.08709716796875, 78.25933, 131.9069885442898, 8.465241684628876E-6, 40325.370487829554, 474.5880050424818, 12.925717832594183, 525.5766358299218, 20.0, 0.013758373581152459, 1453.6601933383988, 0.0021887616760414407, 3.971580782961934E-6, 287.5162217391874
5876.6806432933, -28.238313768387954, 220.0482635498047, 78.25933, 131.95695072070998, 8.463147891292655E-6, 42460.42975120659, 487.67885404572814, 13.247991447904264, 578.2543184843772, 20.0, 0.013758373581152459, 1453.6601933383988, 0.0022653034762712, 4.040130114207511E-6, 292.5259129770497
6200.094914123526, -22.34385585308664, 219.99147033691406, 78.25933, 132.03004817242433, 8.459743674167506E-6, 44712.13807929888, 501.1164271791719, 13.579712298972355, 632.3544731179743, 20.0, 0.013758373581152459, 1453.6601933383988, 0.002344691772757266, 4.1098712270578356E-6, 297.6508698092304
6541.307802391985, -21.27736686800393, 219.98118591308594, 78.25933, 132.04328873923163, 8.454739451599465E-6, 47058.267239232795, 514.8823633164338, 13.921122616292985, 685.0887188280767, 20.0, 0.013758373581152459, 1453.6601933383988, 0.0024263136301374876, 4.1807126967248924E-6, 302.9049457595362
6901.298828210451, -19.158892124395262, 219.9607696533203, 78.25933, 132.0695767710975, 8.4495172257891E-6, 49565.76052037259, 527.6885578759478, 14.272471297431624, 576.490639425893, 20.0, 0.013758373581152459, 1453.6601933383988, 0.0025096680936404227, 4.251754330786657E-6, 308.23509727147746
7281.101418105207, -15.511255318401766, 219.92564392089844, 78.25933, 132.11481517373034, 8.443785944833202E-6, 52211.63705308218, 542.3031234656659, 14.634014103236751, 648.8918632373601, 20.0, 0.013758373581152459, 1453.6601933383988, 0.0025973226619828947, 4.325078549764703E-6, 313.74625636782054
7681.8058716754085, -9.705990146189613, 219.86972045898438, 78.25933, 132.18686613104083, 8.437034524925888E-6, 55002.814664139034, 557.3302575492471, 15.006013858098123, 725.7185632836145, 20.0, 0.013758373581152459, 1453.6601933383988, 0.0026883062955798537, 4.399712359543128E-6, 319.37854034899567
8104.562491517012, -0.078728738058512, 219.77699279785156, 78.25933, 132.30640862640286, 8.428546121075345E-6, 57941.02334118717, 572.7506289448212, 15.3887406544137, 803.5130070992152, 20.0, 0.013758373581152459, 1453.6601933383988, 0.002782778411918413, 4.4755631512285115E-6, 325.1461616001476
8550.584885397358, 13.110545145035625, 219.64996337890625, 78.2055485772333, 132.37928479856424, 8.415974727392028E-6, 61036.43448140739, 588.3194756583241, 15.782472061433737, 850.3208899860768, 20.0, 0.013758373581152459, 1453.6601933383988, 0.002880477625066311, 4.552350778710745E-6, 331.0591407435587
9021.153450159969, 29.4351321059915, 219.49273681640625, 78.13858267283142, 132.46873332733995, 8.398131364644275E-6, 64296.696895316345, 604.1368711934741, 16.18749333865617, 876.4053167853747, 20.0, 0.013758373581152459, 1453.6601933383988, 0.0029809927417771363, 4.6297119262006504E-6, 337.18915804520185
9517.619047360782, 48.23468050213094, 219.3116912841797, 78.06146410537819, 132.57161479044782, 8.374146773945817E-6, 67730.65756048239, 620.1792017380856, 16.604097653952635, 873.3945806391798, 20.0, 0.013758373581152459, 1453.6601933383988, 0.0030839855248240714, 4.7073867948643185E-6, 343.5757815475566
10041.40688118751, 66.54275229746366, 219.1353759765625, 77.98636164866296, 132.6717011526495, 8.343784544507308E-6, 71349.16374611309, 636.454072665675, 17.032586306609364, 832.7777040138741, 20.0, 0.013758373581152459, 1453.6601933383988, 0.003188898834332579, 4.785177619124812E-6, 350.2545918485867
10594.02058979444, 92.12194733113394, 218.88914489746094, 77.8814319537556, 132.81121433787558, 8.306492437129952E-6, 75184.5346000344, 653.0252138666283, 17.47326895547188, 748.8568737877783, 20.0, 0.013758373581152459, 1453.6601933383988, 0.0032966019490402935, 4.8630279477119165E-6, 357.2488698810774
11177.046561797692, 117.22444878678427, 218.6474609375, 77.7784577274093, 132.94797166281674, 8.261182658291019E-6, 79217.62674214167, 670.7038728811617, 17.92646385238673, 780.792755383099, 20.0, 0.013758373581152459, 1453.6601933383988, 0.0034066750864125534, 4.941265305470774E-6, 364.6271505566951
11792.158490322285, 140.72811442100453, 218.4211883544922, 77.68204216542789, 133.07580439985642, 8.208675762260892E-6, 83470.12754992601, 688.4001723252711, 18.39249808113778, 707.836550620025, 20.0, 0.013758373581152459, 1453.6601933383988, 0.0035176470356762515, 5.018926010866115E-6, 372.38995720202615
12441.122177674335, 160.5429747364125, 218.23043823242188, 77.60075863618503, 133.18341617408933, 8.150383972393338E-6, 87954.4279340622, 706.5059573015717, 18.871707802078763, 582.6266246795524, 20.0, 0.013758373581152459, 1453.6601933383988, 0.003629637801962863, 5.096329534961093E-6, 380.5524907254407
13125.800604431153, 175.1629289725571, 218.08969116210938, 77.54078539091523, 133.26273717889254, 8.088148166150408E-6, 92695.17959100673, 725.0465197094314, 19.364438502667525, 345.4292055196244, 20.0, 0.013758373581152459, 1453.6601933383988, 0.0037427050296315835, 5.173701503416116E-6, 389.0936562509786
13848.159277501076, 184.56571759618262, 217.99916076660156, 77.50221374156283, 133.3137253204434, 8.02410882897226E-6, 97712.64434147137, 744.4221782493557, 19.871045254111714, 19.757841807805658, 20.0, 0.013758373581152459, 1453.6601933383988, 0.003857597402698389, 5.2515986201923065E-6, 397.9918368992023
14610.271872505724, 204.41613791252024, 217.80828857421875, 77.42078433986215, 133.4209444257224, 7.958792674848854E-6, 102992.84121942354, 764.8332868519329, 20.391892974339253, -317.251174051636, 20.0, 0.013758373581152459, 1453.6601933383988, 0.0039773735497854205, 5.33054934841304E-6, 407.20031687637606
15414.326186682274, 224.8891394792275, 217.6112518310547, 77.3368010164853, 133.53161219332534, 7.889404784647582E-6, 108578.60381158302, 785.3839654356517, 20.92735669751111, -77.426364045065, 20.0, 0.013758373581152459, 1453.6601933383988, 0.004100121626679199, 5.410127740508605E-6, 416.6718264883804
16262.630419394738, 244.21178392053855, 217.42529296875, 77.25753663059037, 133.63591664705675, 7.816399735057896E-6, 114476.48087842036, 806.948752617549, 21.477821850297694, -383.33821632254205, 20.0, 0.013758373581152459, 1453.6601933383988, 0.004225362808663972, 5.490167652705001E-6, 426.5562487447118
17157.619798283726, 260.22461041344707, 217.27117919921875, 77.19184961439248, 133.7222637953898, 7.740948794215126E-6, 120686.91802732159, 829.2321950287518, 22.04368453514434, -628.9342542557232, 20.0, 0.013758373581152459, 1453.6601933383988, 0.004352563389641136, 5.570537727004129E-6, 436.8440974135138
18101.863570076388, 272.4635902615117, 217.1533966064453, 77.14164348320874, 133.7881852220674, 7.664515688528499E-6, 127221.3994457319, 851.7714610503475, 22.62535182075544, -679.952267492192, 20.0, 0.013758373581152459, 1453.6601933383988, 0.004481568806807663, 5.651202979072511E-6, 447.49039095479026
19098.07237612505, 281.40780196111655, 217.0673065185547, 77.10495298518521, 133.8363452943971, 7.5880612366028476E-6, 134129.94013643728, 874.4328821323298, 23.22324204003102, -437.67039927065406, 20.0, 0.013758373581152459, 1453.6601933383988, 0.004612836855657805, 5.732416508187818E-6, 458.44849300885426
20149.106033847514, 309.4727445099692, 216.79759216308594, 76.98982638110843, 133.98672801407486, 7.5101140301650534E-6, 141435.32273940716, 898.1122347983982, 23.837785095693892, 415.39397233255073, 20.0, 0.013758373581152459, 1453.6601933383988, 0.004751476947917254, 5.814891673382328E-6, 469.73084439562746
21257.981746407222, 327.66868104361123, 216.62254333496094, 76.91518392005695, 134.08430552739705, 7.427649318286209E-6, 149184.1209826134, 922.8744082352066, 24.469422773850063, 716.0572752267469, 20.0, 0.013758373581152459, 1453.6601933383988, 0.004892018494643253, 5.898264558394878E-6, 481.412071757968
22427.882764200782, 333.49680693368646, 216.56643676757812, 76.89127607343698, 134.1155836143522, 7.343653803084279E-6, 157498.05142676126, 949.3576139155509, 25.118609065729746, 1363.655545604484, 20.0, 0.013758373581152459, 1453.6601933383988, 0.005033022144348654, 5.982014200137592E-6, 493.6701633073389
23662.16752301744, 328.34144102080006, 216.615966796875, 76.91242415771653, 134.08804671749547, 7.2608201757668274E-6, 166593.82721170818, 979.9649370281405, 25.785810497861128, 2605.5328662128845, 20.0, 0.013758373581152459, 1453.6601933383988, 0.0051779095386644824, 6.068088451904146E-6, 506.50537612454997
24964.379285103387, 328.07820929578065, 216.6184539794922, 76.91350397373732, 134.08669479141537, 7.175262950831344E-6, 177320.11317169422, 1019.0428908602094, 26.471506470934056, 4564.973372948841, 20.0, 0.013758373581152459, 1453.6601933383988, 0.0053348442766056724, 6.159389071776789E-6, 520.0009186389422
26338.25631080753, 346.64687380783676, 216.43983459472656, 76.83733252660919, 134.18612054214537, 7.0790441798928775E-6, 190521.82510275763, 1084.6247292025898, 27.17618960761615, 8243.567410323463, 20.0, 0.013758373581152459, 1453.6601933383988, 0.005521491994565038, 6.2640427985106195E-6, 535.1688911064849
27787.742590008475, 373.89411819255355, 216.17776489257812, 76.72556024305642, 134.3317366685494, 6.967849826119203E-6, 206446.94430106503, 1190.3325597965836, 27.900366109589076, 13349.337996051625, 20.0, 0.013758373581152459, 1453.6601933383988, 0.005746194591499208, 6.386984976874937E-6, 553.1427138678334
29316.999164129425, 387.1555122487084, 216.05020141601562, 76.67116001542897, 134.40252234801636, 6.854584070040113E-6, 224009.94133838406, 1332.836652574897, 28.644556124078537, 19274.542243166852, 20.0, 0.013758373581152459, 1453.6601933383988, 0.006001420797974989, 6.525671228438907E-6, 574.2490828932619
30930.416071243133, 385.0262718572571, 216.071044921875, 76.67989447890075, 134.39069024359313, 6.869343163014393E-6, 221516.3254916594, 1484.5318944668252, 29.40929412015734, 25040.508398318856, 20.0, 0.013758373581152459, 1453.6601933383988, 0.006267769506728515, 6.669176981461548E-6, 596.6541749910278
32632.624948557714, 359.8238366511142, 216.31332397460938, 76.78327864848164, 134.25627998060443, 6.787653582837453E-6, 236465.1927457373, 1252.0145510362495, 30.195129275106897, 13386.450183667266, 20.0, 0.013758373581152459, 1453.6601933383988, 0.0062242389383591725, 6.649103497023979E-6, 593.398784771033
34428.512328461286, 308.8288159053179, 216.80372619628906, 76.992467872834, 133.98335152170077, 6.728189697546222E-6, 251556.43098582476, 1340.4102978962965, 31.002625871129016, 17387.884996698856, 20.0, 0.013758373581152459, 1453.6601933383988, 0.006437321671073401, 6.768385295225587E-6, 611.3518574556729
36323.23366629442, 246.55086536640601, 217.40280151367188, 77.2479413676372, 133.64850862127827, 6.694693252663231E-6, 266556.48896605324, 1416.190911075991, 31.832363702706353, 20491.682672945346, 20.0, 0.013758373581152459, 1453.6601933383988, 0.00665372878269655, 6.889176741412597E-6, 627.7895077353363
38322.228140119914, 176.60366696862644, 218.0758819580078, 77.53487526754465, 133.27047111080148, 6.688757174630408E-6, 284820.85441038513, 1476.407927969511, 32.68493849491655, 22764.06428178885, 20.0, 0.013758373581152459, 1453.6601933383988, 0.006874873892146804, 7.01179843797284E-6, 642.1761586230423
40431.23426497561, 126.68939718555114, 218.55630493164062, 77.73963108933529, 132.99951873687397, 6.7103337297165795E-6, 304368.82463528623, 1577.8856439795534, 33.560962333012505, 27146.517573626956, 20.0, 0.013758373581152459, 1453.6601933383988, 0.0071679714885407135, 7.1663032341063306E-6, 656.9507968592949
42656.30636643412, 92.28575613436162, 218.88751220703125, 77.88075998547343, 132.81217926715811, 6.719959355556486E-6, 312065.62915478967, 1683.4098578041746, 34.46106410358822, 31690.063076790775, 20.0, 0.013758373581152459, 1453.6601933383988, 0.007498897771777113, 7.334506058599041E-6, 670.2502668973982
45003.831960760086, 19.47986367451996, 219.58863830566406, 78.17942067722757, 132.41416944678505, 6.7167366339879434E-6, 316287.1474363469, 1589.3043606396664, 35.38588994765744, 26103.863537311077, 20.0, 0.013758373581152459, 1453.6601933383988, 0.007611700509272314, 7.399351140288312E-6, 675.1175165093013
47480.550091558274, -39.46560412983437, 220.1563720703125, 78.25933, 131.81790150898686, 6.784218631552613E-6, 332388.0154782287, 1421.6018273197235, 36.33610372598022, 10969.023486030237, 20.0, 0.013758373581152459, 1453.6601933383988, 0.007661191407893833, 7.43137876918451E-6, 678.2281304925684
50093.5706755514, -122.51008929157061, 220.9564971923828, 78.25933, 130.7926636929077, 6.906555000565995E-6, 355834.5709967144, 1439.6864742492814, 37.312387496980556, 8471.077766075963, 20.0, 0.013758373581152459, 1453.6601933383988, 0.007947880226684126, 7.580616153797253E-6, 684.9538501407359
52850.394913023796, -195.06110686793514, 221.65582275390625, 78.25933, 129.90219595200278, 7.152813547454513E-6, 396290.6778885104, 1563.766707469454, 38.31544200760671, -19094.661706945917, 20.0, 0.013758373581152459, 1453.6601933383988, 0.008394915578831522, 7.801162313516726E-6, 692.4505371662075
55758.93682152308, -186.26363973670735, 221.57080078125, 78.25933, 130.01017666944824, 7.110715745619596E-6, 388720.2041657642, 1910.6312859699171, 39.345987197494686, -40605.01064738472, 20.0, 0.013758373581152459, 1453.6601933383988, 0.009235831685256707, 8.181250609646504E-6, 701.3747206994644
58827.54595463665, -172.0514472609739, 221.43382263183594, 78.25933, 130.18430639171177, 7.392236117738716E-6, 442456.29020045645, 1539.1805011776053, 40.404762716804086, 4389.897727492459, 20.0, 0.013758373581152459, 1453.6601933383988, 0.009086704383267929, 8.112840168367457E-6, 699.3735074355872
62065.031371061865, -166.50208285813343, 221.38031005859375, 78.25933, 130.2523873957715, 7.893800436044957E-6, 594192.8185698016, 2035.8579242280412, 41.49252845810513, 46324.85178330374, 20.0, 0.013758373581152459, 1453.6601933383988, 0.010167740371632029, 8.581005440733282E-6, 711.8319564612514
65480.68692277793, -154.3702868639471, 221.26351928710938, 78.25933, 130.40108018607862, 7.991648402957354E-6, 637775.9479288701, 3464.6511340536367, 42.61006510270499, 113046.50331489283, 20.0, 0.013758373581152459, 1453.6601933383988, 0.012935815378675263, 9.67670028189174E-6, 752.3871398556253
69084.31793491419, -105.45857568401905, 220.79209899902344, 78.25933, 131.00275595579197, 8.09572167372572E-6, 704503.8592240835, 3661.8282060771376, 43.75817468181176, 123646.39602518537, 20.0, 0.013758373581152459, 1453.6601933383988, 0.013697056963542672, 9.948500157840234E-6, 764.0876905744752
72886.26935390483, -136.32140813304346, 221.08953857421875, 78.25933, 130.62285554592881, 8.087849576790678E-6, 706577.6756639993, 4045.418696258119, 44.937681152944286, 142727.61171316344, 20.0, 0.013758373581152459, 1453.6601933383988, 0.01474672944367648, 1.0328464420815539E-5, 783.1688621955587
76897.45544473494, -193.509117220721, 221.6407470703125, 78.25933, 129.92133691773475, 7.966125783027157E-6, 661591.6623532348, 3836.189831066705, 46.149430992006934, 136359.85572772176, 20.0, 0.013758373581152459, 1453.6601933383988, 0.014735443154685219, 1.033523688198324E-5, 784.3414381498642
81129.39112252969, -349.54205114156184, 223.14523315429688, 78.25933, 128.02317403559292, 7.625860743182952E-6, 602449.6715942073, 3186.371880809277, 47.39429380145911, 107876.51637026948, 20.0, 0.013758373581152459, 1453.6601933383988, 0.013882855876314326, 1.006008932672677E-5, 774.836771739941
85594.22500843048, -694.3871854671364, 226.47386169433594, 78.25933, 123.91003127479568, 7.914633177694316E-6, 653917.1599660509, 2312.062384982794, 48.67316293502046, 58433.514420919404, 20.0, 0.013758373581152459, 1453.6601933383988, 0.012513715730398946, 9.610057586053038E-6, 772.7345448068478
90304.77430465132, -1111.0243921291494, 230.5006103515625, 78.25933, 119.09366791929408, 8.610158697943757E-6, 734202.8052454748, 2571.5701663086375, 49.98695613936431, 74988.38181025238, 20.0, 0.013758373581152459, 1453.6601933383988, 0.013352191697639975, 9.99940022088246E-6, 774.8076561086893
95274.56158883152, -1565.8446376478928, 234.9037628173828, 78.25933, 114.02633668641296, 8.29151269654441E-6, 749483.6686499527, 3071.525108265494, 51.33661621326396, 105426.4625842792, 20.0, 0.013758373581152459, 1453.6601933383988, 0.015021223237672165, 1.0688871134790946E-5, 761.5282283317368
100517.85363331017, -1801.947418280667, 237.19149780273438, 78.25933, 111.47514464305281, 8.536667482334376E-6, 788576.2691470577, 2923.770753155241, 52.72311168466823, 97155.06722272305, 20.0, 0.013758373581152459, 1453.6601933383988, 0.014733308836519604, 1.0628078594272014E-5, 786.1912080003416
106049.7023607609, -1919.9939682861698, 238.33734130859375, 78.25933, 110.2181794414575, 1.0056579624111892E-5, 913551.3472401678, 2984.244927945043, 54.1474375061958, 101267.23971523362, 20.0, 0.013758373581152459, 1453.6601933383988, 0.015479078339123658, 1.0915244432433307E-5, 784.2377785127172
111885.9880537584, -2043.8066515366459, 239.53712463378906, 78.25933, 108.91687121796426, 1.1041608652504829E-5, 1030858.6944384488, 3757.3871891750414, 55.610615769550414, 149548.66595899462, 20.0, 0.013758373581152459, 1453.6601933383988, 0.018966933510664776, 1.210738991523416E-5, 738.6879631337107
118043.46494231827, -2214.1980994570476, 241.19090270996094, 78.25933, 107.14789522102122, 1.35552810423274E-5, 1514493.6142084757, 4370.397246283981, 57.113696439372646, 187555.57934791766, 20.0, 0.013758373581152459, 1453.6601933383988, 0.021756611273731137, 1.3003689936718317E-5, 722.7563020736615
124539.80930027862, -2360.5187425394247, 242.61062622070312, 78.25933, 105.6520276685589, 1.3653988748261434E-5, 1698129.94524618, 7295.847589468454, 58.65775810705749, 352855.79083979124, 20.0, 0.013758373581152459, 1453.6601933383988, 0.03208322903041228, 1.5828803954881798E-5, 717.1692834382989
131393.6701885935, -2440.2868739068435, 243.38438415527344, 78.25933, 104.84557160266009, 1.3566405048736329E-5, 1793070.1256905224, 8093.389038360872, 60.2439087650813, 404962.18298422225, 20.0, 0.013758373581152459, 1453.6601933383988, 0.03470478272202163, 1.6484138812034966E-5, 741.5301291185141
138624.72299120712, -2060.8327057705237, 239.7018585205078, 78.25933, 108.73937846677927, 1.3779610548679935E-5, 1560528.723683592, 8322.697207562474, 61.87328660239599, 427741.6437878764, 20.0, 0.013758373581152459, 1453.6601933383988, 0.03628043722911481, 1.6749819350220767E-5, 758.3476836956737
146253.72589719432, -1654.5749928054836, 235.7640380859375, 78.25933, 113.06047167836614, 1.4146647984526816E-5, 1445706.3686139993, 6640.1713183690645, 63.54706082146345, 340326.69704258966, 20.0, 0.013758373581152459, 1453.6601933383988, 0.03387326245176185, 1.6075297267472463E-5, 716.312190903936
154302.5794913106, -561.8657873809852, 225.1946258544922, 78.25933, 125.47665668563008, 1.612577686186585E-5, 1131460.218032209, 5621.989419692664, 65.2664324775185, 285058.3286944324, 20.0, 0.013758373581152459, 1453.6601933383988, 0.034023292467930503, 1.5808863746657404E-5, 685.953431026959
162794.3896240183, -762.9716054887411, 227.13694763183594, 78.25933, 123.10491377989682, 1.5974977436967193E-5, 1145776.9122367236, 3083.0236670865766, 67.03263534066447, 100432.42839212304, 20.0, 0.013758373581152459, 1453.6601933383988, 0.03130649280097726, 1.5218648542409404E-5, 578.6652466301609
171753.53374147005, -517.1933620953521, 224.76309204101562, 78.25933, 126.00911233356996, 1.516483278121288E-5, 1497485.5454585084, 2758.405989992818, 68.84693678142165, -51235.437135857435, 20.0, 0.013758373581152459, 1453.6601933383988, 0.031647483546677284, 1.523478101622153E-5, 584.6253771092263
181205.73086586292, -1559.5659183275613, 234.8410186767578, 78.25933, 114.09709017078886, 1.332947601512019E-5, 1312736.0163275187, 4902.6163094145195, 70.71063868036588, -250903.03834897437, 20.0, 0.013758373581152459, 1453.6601933383988, 0.03524108375091247, 1.637028338832978E-5, 662.3705186242752
191178.11542705615, -2289.631644817139, 241.91751098632812, 78.25933, 106.3796996684165, 1.6160686878570526E-5, 3299780.059858244, 3218.2902900486115, 72.62507836251112, 103539.45172048554, 20.0, 0.013758373581152459, 1453.6601933383988, 0.028908978455911265, 1.5007888762510765E-5, 690.3245873849567
201699.31515740065, -2706.1821909602972, 245.96310424804688, 78.25933, 102.2023808396315, 1.332583995001597E-5, 4540545.705568053, 13269.337750664929, 74.59162955710836, 837309.2587065013, 20.0, 0.013758373581152459, 1453.6601933383988, 0.05995357684497186, 2.175893889132051E-5, 827.2135789736462
