t, z, sigmah, sigmav, sigmas, rice, Nice, g_t, Qabs_t, Qsca_t, g_s, Qabs_s, Qsca_s, CCS, IWC, RHice, Re, v_sed, windshear_s, wind_u, wind_v, wind_w, lat, lon, altitude
0.0, 0.0, 15.384787559509277, 3.715123414993286, -0.0, 1.0983101256861193E-6, 3.14E14, 0.4879874193286641, 0.10182262037083012, -0.016373521080003145, 0.6958045891014579, -0.9243448259121202, 2.3771515305300577, 359.12415528324806, 1.9096862323803907E-5, 156.81892342117976, 1.0067961672003595E-5, 1.6758473732124272E-4, -2.0038382278394912E-4, 42.49312479348762, 2.6106227023823316, -0.00936913048536338, -50.0, 150.0, 10500
1.0, -0.00953689152106428, 16.63405208614015, 3.7188249133017384, -0.0027650290296025015, 1.0983101256861193E-6, 3.14E14, 0.4879874193286641, 0.10182262037083012, -0.016373521080003145, 0.6958045891014579, -0.9243448259121202, 2.3771515305300577, 388.67235942262147, 1.8127947376099462E-5, 156.80757133234775, 1.0067967160341394E-5, 1.675846763439645E-4, -2.0013382820691726E-4, 42.49117683371376, 2.6083075022804656, -0.009369306783743038, -49.9999, 150.0005, 10500
1.0550334943246098, -0.010061906911873095, 16.70009067759542, 3.7190285127358824, -0.0029171575577539594, 1.1082392794195093E-6, 3.14E14, 0.49013277284466594, 0.10213287246073359, -0.016216713897336726, 0.6945013543501829, -0.8201500478519855, 2.3019691321370663, 390.23678511124285, 1.808073804251048E-5, 156.80695466344525, 1.0343499196927353E-5, 1.7062843504948188E-4, -2.0012006982758938E-4, 42.49106963536106, 2.6081801001767166, -0.009369296246310206, -49.9999, 150.0006, 10500
1.1130956741467966, -0.010615825579311752, 16.76948168257911, 3.7192433048759166, -0.0030776536240280984, 1.1087600321779633E-6, 3.14E14, 0.49024474563167436, 0.10214916204779888, -0.01620843368359655, 0.6898028130583486, -0.056349875224203406, 1.5397512134680578, 391.880900376596, 1.8031529730692746E-5, 156.80630405921923, 1.03580880594584E-5, 1.70788826593173E-4, -2.0010555425446736E-4, 42.490956537779, 2.6080456873862143, -0.0093693054160793, -49.9999, 150.0006, 10500
1.1743532186127021, -0.01120023923996301, 16.84238159401472, 3.7194699043314197, -0.0032469771956690424, 1.1093067760382092E-6, 3.14E14, 0.49036224897957953, 0.10216626646318126, -0.016199734215534625, 0.6812074840118054, 0.5290241719979105, 0.9560446237040463, 393.60845572910915, 1.7980266092108834E-5, 156.80559432956696, 1.0373417898996426E-5, 1.709572945471522E-4, -2.0009023981357735E-4, 42.49083721634299, 2.607903878164983, -0.0093693150937624, -49.9999, 150.0006, 10500
1.2389819798043116, -0.011816827320916438, 16.918952931320064, 3.7197089593822126, -0.003425613492934914, 1.1098806693522768E-6, 3.14E14, 0.4904855232053575, 0.10218422219699068, -0.016190596174600697, 0.693881189240544, -0.7226054208760314, 2.209431296058863, 395.42334963751506, 1.792689325609937E-5, 156.8048701500449, 1.0389527256722013E-5, 1.7113422779787993E-4, -2.0007408253700732E-4, 42.49071132856662, 2.6077542655490955, -0.009369325307321246, -49.9999, 150.0007, 10500
1.307167487558166, -0.012467361801073301, 16.99936436159475, 3.7199611538140154, -0.0036140743722062763, 1.1104829384576993E-6, 3.14E14, 0.49061482227541925, 0.10220306789120577, -0.016180999061923745, 0.6930434016595415, -0.5454290279334292, 2.034106321110027, 397.3296319478787, 1.7871356907493108E-5, 156.80408279678014, 1.0406449135425811E-5, 1.7131999787301424E-4, -2.0005703603917654E-4, 42.49057851311911, 2.607596420187842, -0.009369336087399163, -49.9999, 150.0007, 10500
1.379105482066013, -0.013153712313978038, 17.08379081425648, 3.720227208853182, -0.0038128997837496006, 1.111114811824609E-6, 3.14E14, 0.490750399576478, 0.10222284228092327, -0.01617092223835874, 0.6796588756493669, 0.5744308386214511, 0.9161970302627575, 399.331507199763, 1.7813606289874852E-5, 156.8032767221512, 1.0424224576585834E-5, 1.7151501814463056E-4, -2.0003905137792186E-4, 42.49043838878875, 2.6074298891128866, -0.009369347464890957, -49.9999, 150.0008, 10500
1.4550024757863311, -0.01387785153997503, 17.172413588451477, 3.720507885205744, -0.004022659309381392, 1.1117775963926404E-6, 3.14E14, 0.49089252421118434, 0.10224358658478085, -0.0161603436986143, 0.692166507667159, -0.4227556245289619, 1.9154383903044652, 401.43333782803364, 1.775359132030741E-5, 156.8024262900453, 1.0442891339619409E-5, 1.7171969800408834E-4, -2.0002007691967923E-4, 42.490290553389165, 2.6072541944398013, -0.00936935947392542, -49.9999, 150.0008, 10500
1.5350763462798114, -0.014641860889942258, 17.26542045259018, 3.720803985206261, -0.00424395378339984, 1.1124726113586725E-6, 3.14E14, 0.49104146668936577, 0.10226534243471369, -0.016149241116804963, 0.693112767745175, -0.6200588119911289, 2.114906106541809, 403.6396472397529, 1.76912643472683E-5, 156.80150573757024, 1.046248783683289E-5, 1.7193445232229382E-4, -2.0000005818821955E-4, 42.49013458260551, 2.6070688319978994, -0.009369372149445452, -49.9999, 150.0009, 10500
1.6195569616706442, -0.015447936506044428, 17.3630057353965, 3.721116355082251, -0.004477417001553482, 1.1132012173909466E-6, 3.14E14, 0.4911975050960758, 0.10228815279182268, -0.016137591370387352, 0.6912059781952437, -0.29401229252601263, 1.7911393024576745, 405.95512275684916, 1.762658177381213E-5, 156.80055913416584, 1.048305981331812E-5, 1.7215974056939014E-4, -1.9997893770796094E-4, 42.48997002877731, 2.6068732698854733, -0.009369385528401714, -49.9999, 150.0009, 10500
1.708686840529128, -0.016298395597882282, 17.465370407907265, 3.7214458873402654, -0.004723717523070903, 1.1139648433454549E-6, 3.14E14, 0.49136093069480086, 0.10231206278472124, -0.016125370100976602, 0.6918960956891818, -0.42737696059993285, 1.9269047626978557, 408.3846184167867, 1.7559501313722968E-5, 156.79953711900683, 1.0504647554863243E-5, 1.7239600543946662E-4, -1.999566548413E-4, 42.48979641961446, 2.6066669469453667, -0.009369399650950579, -49.9999, 150.001, 10500
1.8027218480699232, -0.01719568312120696, 17.572722155919624, 3.721793523279963, -0.004983560570230578, 1.1147649209852729E-6, 3.14E14, 0.491532033831143, 0.1023371176674291, -0.016112552746403566, 0.6897349407151858, -0.13940492488484116, 1.641460624161971, 410.9331576253106, 1.7489986443755955E-5, 156.79846014815215, 1.052729766315316E-5, 1.726437226703202E-4, -1.9993314561168933E-4, 42.489613256842226, 2.606449271156525, -0.009369414558056614, -49.9999, 150.001, 10500
1.9019319306645295, -0.01814237883493702, 17.68527544245746, 3.722160255642869, -0.00525769003107529, 1.1156029706555829E-6, 3.14E14, 0.4917111221371016, 0.10236336550375866, -0.01609911315626797, 0.6939261187337101, -0.8483978927133715, 2.3531150373975525, 413.60593565752816, 1.7418005692287853E-5, 156.7973485193729, 1.0551059706105785E-5, 1.7290339786618593E-4, -1.9990834252161542E-4, 42.48942001477238, 2.606219617937991, -0.009369430294148362, -49.9999, 150.0011, 10500
2.00660189077655, -0.019141204745712532, 17.80325155991404, 3.7225471314028087, -0.005546890569983955, 1.1164805788654621E-6, 3.14E14, 0.4918985155714479, 0.10239085646774577, -0.016085023934333614, 0.6641834135728913, 0.9142779785587665, 0.5932409571768185, 416.4083220060936, 1.734352867824349E-5, 156.79615239931937, 1.0575979746789987E-5, 1.731755296668046E-4, -1.9988217435767505E-4, 42.489216138795236, 2.6059773283591117, -0.009369446906178056, -49.9999, 150.0011, 10500
2.1170322045443526, -0.02019503295811014, 17.926878671627026, 3.7229552547053637, -0.0058519898533383, 1.117399305382959E-6, 3.14E14, 0.4920945264388462, 0.10241963993491589, -0.016070257915603223, 0.6797820469369361, 0.525244495518005, 0.9852234386581146, 419.3458625781165, 1.7266531395284723E-5, 156.7949150652837, 1.0602111438725433E-5, 1.7346065135110357E-4, -1.9985456598749837E-4, 42.48900104378906, 2.6057217072517305, -0.009369464442690113, -49.9999, 150.0012, 10500
2.2335398843581604, -0.021306893970499587, 18.056391842752614, 3.723385789964046, -0.006173860894506782, 1.1183607869859057E-6, 3.14E14, 0.4922994814044031, 0.10244976773329681, -0.01605478648671327, 0.6831253016874741, 0.35512244770274365, 1.1584489547546655, 422.42428174558194, 1.718699295689282E-5, 156.7935863240046, 1.0629503338503653E-5, 1.7375928290779834E-4, -1.9982543814119245E-4, 42.48877411244207, 2.60545202121898, -0.009369482956504175, -49.9999, 150.0013, 10500
2.356459388907775, -0.022479985418369573, 18.192033060428404, 3.7238399651212446, -0.006513424526111635, 1.1193666591336443E-6, 3.14E14, 0.4925137046250931, 0.10248129169055963, -0.016038580829054003, 0.6696563818003779, 0.8063191036091552, 0.7105176543266473, 425.6494842575571, 1.7104899247636984E-5, 156.79218575082172, 1.0658210457704888E-5, 1.7407197730504804E-4, -1.997947071876494E-4, 42.48853469348228, 2.6051674965347513, -0.009369502502001406, -49.9999, 150.0014, 10500
2.4861435833134045, -0.023717681312796206, 18.33405124334709, 3.7243190750823967, -0.006871652004981277, 1.1204186259617708E-6, 3.14E14, 0.492737532508015, 0.1025142658281277, -0.016021610776206854, 0.6908129514108248, -0.37563815224380986, 1.8959099556382912, 429.0275570262389, 1.7020241231842922E-5, 156.79070939366144, 1.0688288453961532E-5, 1.743993022754351E-4, -1.9976228489015316E-4, 42.48828209980967, 2.604867316927482, -0.00936952313782756, -49.9999, 150.0014, 10500
2.622964752095848, -0.025023541784206713, 18.482702241005384, 3.7248244853322197, -0.0072495677576014045, 1.1215184155555492E-6, 3.14E14, 0.4929713040018208, 0.10254874496036567, -0.016003845516195533, 0.67728448131064, 0.584383824403777, 0.9395007623467887, 432.5647708029411, 1.6933015907930398E-5, 156.78915308307984, 1.0719794369012747E-5, 1.7474183673517007E-4, -1.9972807815568926E-4, 42.48801560652623, 2.604550621242994, -0.009369544925643958, -49.9999, 150.0015, 10500
2.7673156678939663, -0.026401323367711192, 18.638248823041852, 3.725357635742252, -0.007648252273171875, 1.1226677924590136E-6, 3.14E14, 0.49321536308215647, 0.10258478508688441, -0.015985253372118632, 0.6795430959837108, 0.4921470275833046, 1.0355364166665166, 436.2675817643946, 1.684322684069247E-5, 156.78753574038848, 1.0752789032671204E-5, 1.7510018510470825E-4, -1.996919887667147E-4, 42.487734448857616, 2.6042165009790157, -0.009369567930692834, -49.9999, 150.0016, 10500
2.9196107189974128, -0.027854989860274546, 18.800960659232352, 3.7259200445793765, -0.008068845151685308, 1.1238685616947787E-6, 3.14E14, 0.49347005941249, 0.1026224435186484, -0.015965801717914813, 0.6769043048936745, 0.5835472452441212, 0.9481297703022461, 440.1426330342003, 1.675088292212274E-5, 156.7858060844778, 1.0787329265376842E-5, 1.754749382481357E-4, -1.9965391309822696E-4, 42.48743781996043, 2.6038639976842624, -0.009369592222375604, -49.9999, 150.0017, 10500
3.080287098931427, -0.029388723771644486, 18.97111429086964, 3.7265133127254466, -0.008512548315340342, 1.125122533853791E-6, 3.14E14, 0.49373574074630794, 0.10266177778257102, -0.015945457524722623, 0.6838909700711803, 0.24154649155221133, 1.2943276355277038, 444.19675616887565, 1.6656001094013875E-5, 156.78398253975007, 1.0823478878383167E-5, 1.758667237616245E-4, -1.9961374182039077E-4, 42.48712486860911, 2.6034921002149614, -0.009369617873044094, -49.9999, 150.0018, 10500
3.2498060615086386, -0.03100693842236371, 19.148993094412525, 3.7271391281185675, -0.00898062939181871, 1.1264315787615988E-6, 3.14E14, 0.49401276410598693, 0.10270284730365128, -0.015924186471273513, 0.6885033091038417, -0.17420153145866699, 1.7144854999378654, 448.43697264262937, 1.655860479717374E-5, 156.78205994103408, 1.0861302321879075E-5, 1.7627618247346408E-4, -1.99571359585945E-4, 42.486794696756085, 2.6030997418415094, -0.009369644960411195, -49.9999, 150.0019, 10500
3.428654244950757, -0.03271429070437301, 19.33488723844625, 3.7277992704270773, -0.009474425278071075, 1.127797585140356E-6, 3.14E14, 0.49430148701494087, 0.10274571213840457, -0.01590195357641827, 0.6872906836837637, -0.06574402777645573, 1.6106599818671443, 452.87049536971745, 1.645872462775556E-5, 156.78003283910925, 1.0900865578237447E-5, 1.7670396632556853E-4, -1.9952664469648785E-4, 42.486446356957394, 2.6026857971958504, -0.009369673566373684, -49.9999, 150.002, 10500
3.6173450688813036, -0.034515694551502794, 19.529093635147227, 3.7284956159677316, -0.009995345893572488, 1.1292224699690809E-6, 3.14E14, 0.49460226926715584, 0.10279043326624057, -0.015878723026243255, 0.6888473399344883, -0.25506848469398113, 1.8048482316638723, 457.504730307914, 1.6356397945218147E-5, 156.77787216645402, 1.0942234469856138E-5, 1.771507313617012E-4, -1.9947946875350492E-4, 42.486078849657524, 2.602249079052358, -0.009369703777655062, -49.9999, 150.0021, 10500
3.8164202081997383, -0.036416335154423586, 19.731915887588514, 3.7292301428800982, -0.010544878133622773, 1.1307081651121433E-6, 3.14E14, 0.49491546988466584, 0.10283707216686894, -0.015854458370504476, 0.6780599589361445, 0.4924783772500764, 1.0624068257043833, 462.3472781912256, 1.6251670674503534E-5, 156.77561849570168, 1.0985482450367346E-5, 1.7761717496970404E-4, -1.9942969629001958E-4, 42.48569112032461, 2.6017883349318076, -0.00936973568574737, -49.9999, 150.0022, 10500
4.026451148068025, -0.03842168397535338, 19.94366423435468, 3.730004936569674, -0.011124590031795157, 1.132256655412279E-6, 3.14E14, 0.49524145491683863, 0.1028856920125466, -0.01582912187787887, 0.6766818615925156, 0.5314499947594883, 1.0287924935896977, 467.40593644439593, 1.614459468865498E-5, 156.77324210940031, 1.1030679636278778E-5, 1.781039866342643E-4, -1.9937718438054527E-4, 42.48528205642859, 2.6013022435197417, -0.009369769388675463, -49.9999, 150.0023, 10500
4.248040824473546, -0.040537514579610814, 20.164655493052912, 3.730822195432739, -0.011736135142388927, 1.1338699163598215E-6, 3.14E14, 0.49558058406751, 0.10293635570690254, -0.015802675531293747, 0.6871476286604549, -0.1407179939537877, 1.7065798423726468, 472.6887013359631, 1.603522962405246E-5, 156.7707362572573, 1.1077899163313636E-5, 1.7861186977919985E-4, -1.9932178223111584E-4, 42.48485048425376, 2.600789410888841, -0.009369804989178158, -49.9999, 150.0025, 10500
4.4818253550779215, -0.04276991935723255, 20.395213004408735, 3.7316842368765157, -0.012381257153844505, 1.1355499546750314E-6, 3.14E14, 0.49593321901413545, 0.10298912715346177, -0.01577508034226041, 0.6670715223622025, 0.7852347695887838, 0.786518955578027, 478.20377043055936, 1.5923642002896168E-5, 156.76807050065074, 1.1127214362031159E-5, 1.791415342581718E-4, -1.9926333074454225E-4, 42.48439516553586, 2.600248366514325, -0.009369842596519674, -49.9998, 150.0026, 10500
4.728475865320495, -0.04512532716714087, 20.63566657871707, 3.732593503648698, -0.013061794745037098, 1.1372987881612172E-6, 3.14E14, 0.49629971892680896, 0.1030440706166425, -0.015746296657408426, 0.6821281739200591, 0.22098870892283598, 1.356939952299539, 483.9595454047516, 1.580990647468348E-5, 156.76528396143138, 1.1178706497023722E-5, 1.7969373196299662E-4, -1.9920166206373004E-4, 42.483914793914856, 2.5996775590714885, -0.009369882326163273, -49.9998, 150.0028, 10500
4.9887004150186645, -0.047610521974611644, 20.88635244648026, 3.733552570490997, -0.013779686695602976, 1.1391184768460423E-6, 3.14E14, 0.49668044674209677, 0.10310125169280425, -0.015716283621678748, 0.6901635682512444, -0.6082065515556864, 2.1926039303486022, 489.9646352939617, 1.56941029036134E-5, 156.76232207970736, 1.1232451335311984E-5, 1.8026919436790753E-4, -1.9913659909055363E-4, 42.48340799119306, 2.599075352003447, -0.009369924301635819, -49.9998, 150.0029, 10500
5.263246030995773, -0.05023266250021766, 21.14761321510278, 3.734564151131868, -0.014536977262673632, 1.1410110565909715E-6, 3.14E14, 0.4970757550100779, 0.10316073521568128, -0.01568500024822493, 0.6596233247958889, 0.902620573371583, 0.6885499340011211, 496.22786024085366, 1.557631941751082E-5, 156.7592231269473, 1.1288533826900698E-5, 1.8086869525734358E-4, -1.990679549735E-4, 42.48287330338816, 2.5984400188466443, -0.00936996865245661, -49.9998, 150.0031, 10500
5.552900851571604, -0.05299930298988888, 21.419797833525912, 3.7356311056341496, -0.015335821837563364, 1.142978616359418E-6, 3.14E14, 0.49748600180588365, 0.10322258767468007, -0.015652404119778168, 0.6624444753902339, 0.8452667460281418, 0.7529920690999732, 502.7582558180062, 1.545664871034924E-5, 156.75593164969587, 1.1347033853515326E-5, 1.814929920748784E-4, -1.9899553257366083E-4, 42.48230919656934, 2.5977697383008165, -0.00937001551750789, -49.9998, 150.0033, 10500
5.858496389071691, -0.055918415108699215, 21.703261566674527, 3.7367564481138906, -0.016178492894836718, 1.145023214702928E-6, 3.14E14, 0.49791153303224855, 0.10328687457899854, -0.01561845274517984, 0.6806645742418078, 0.2338129056130708, 1.3718599541472982, 509.56507799970507, 1.5335190862557883E-5, 156.75246165822338, 1.1408038442011098E-5, 1.8214287316387705E-4, -1.9891912389627942E-4, 42.48171405246539, 2.59706258902965, -0.009370065042670949, -49.9998, 150.0034, 10500
6.180909916850415, -0.05899841108097572, 21.998365981551895, 3.7379433548471988, -0.017067386247454124, 1.1471469554080926E-6, 3.14E14, 0.49835269794051407, 0.10335366282320205, -0.015583102282625716, 0.6664979532771009, 0.7473566828534132, 0.866066520236699, 516.6578088592944, 1.5212050941675746E-5, 156.74880333499615, 1.1471635768857923E-5, 1.8281914036549624E-4, -1.9883850949222465E-4, 42.481086163831776, 2.5963165441775335, -0.009370117383909042, -49.9998, 150.0036, 10500
6.521066987680327, -0.062248168100652444, 22.305478946757585, 3.739195172782484, -0.01800502762397556, 1.149351937550011E-6, 3.14E14, 0.4988098384552062, 0.10342301910336509, -0.01554630834281491, 0.6785401931696257, 0.31196585263979937, 1.3095543131048117, 524.0461630697473, 1.5087339115642839E-5, 156.74494632294457, 1.1537915861599323E-5, 1.8352260411125812E-4, -1.9875345782798803E-4, 42.48042372956403, 2.595529465587269, -0.009370172706425544, -49.9998, 150.0038, 10500
6.879944090737233, -0.0656770541044741, 22.62497464711941, 3.740515428475999, -0.018994079578893725, 1.1516402678108091E-6, 3.14E14, 0.49928329148533845, 0.10349501028904867, -0.015508025761189217, 0.6742815886631328, 0.4898703440072647, 1.1401034533098124, 531.7400952859883, 1.4961170105642769E-5, 156.74087969585398, 1.1606971070484815E-5, 1.8425408781858234E-4, -1.9866372461834207E-4, 42.47972484954284, 2.594699097701856, -0.009370231185670194, -49.9998, 150.004, 10500
7.258571454808453, -0.06929495497982313, 22.957233615024254, 3.741907837469125, -0.020037348752805818, 1.1540140578127497E-6, 3.14E14, 0.49977338811193306, 0.10356970332267253, -0.015468208618721835, 0.6890828638430045, -0.7003052147141721, 2.339098998087858, 539.749808488075, 1.4833662878709668E-5, 156.73659192714038, 1.1678896097730104E-5, 1.8501442754068734E-4, -1.9856905212686647E-4, 42.47898751919713, 2.593823061134213, -0.009370293008032719, -49.9998, 150.0043, 10500
7.658036005771429, -0.07311230328845121, 23.302642779907025, 3.7433763141263285, -0.021137793500460245, 1.1564754286491352E-6, 3.14E14, 0.5002804542614353, 0.1036471653438128, -0.015426810142179698, 0.6798138067429167, 0.1788787283560615, 1.46911064115303, 548.0857633646922, 1.470493959971801E-5, 156.7320475450688, 1.1753786068732186E-5, 1.858044631544181E-4, -1.9846916841862507E-4, 42.47820962376903, 2.592898845886311, -0.00937035837159082, -49.9998, 150.0045, 10500
8.079484486832708, -0.07714010858415501, 23.661595537214144, 3.744924981953219, -0.022298531896555694, 1.1590264972650585E-6, 3.14E14, 0.5008048076382575, 0.10372746324071962, -0.015383782909716107, 0.6887627463686106, -0.7253011639630278, 2.3828703713952577, 556.7586888165965, 1.457512647133772E-5, 156.72728034610196, 1.183174493985474E-5, 1.8662507758392295E-4, -1.983637865832425E-4, 42.47738893226469, 2.591923804198589, -0.009370427486552457, -49.9998, 150.0048, 10500
8.524126750484589, -0.08138998944412527, 24.034491838001262, 3.746558184414584, -0.023522850138963988, 1.1616694129569097E-6, 3.14E14, 0.5013467649601836, 0.10381066477771685, -0.015339078211524235, 0.6764125857948688, 0.3265583397093302, 1.3409830386406878, 565.7795936597664, 1.444435060970651E-5, 156.72223017473013, 1.1912871491572137E-5, 1.8747713367974115E-4, -1.98252603907739E-4, 42.47652309107411, 2.590895143010738, -0.009370500577565754, -49.9998, 150.005, 10500
8.993239231629637, -0.08587420724366084, 24.421738300157187, 3.7482804962726908, -0.02481421136398272, 1.1644062905510193E-6, 3.14E14, 0.5019066279748712, 0.10389683646860626, -0.015292647155203648, 0.6878498376276407, -0.6764668006733094, 2.354379817034425, 575.1597796081394, 1.4312742260937692E-5, 156.7169060669969, 1.1997272682295677E-5, 1.8836152875907833E-4, -1.9813530100262942E-4, 42.47560961724146, 2.5898099160116583, -0.009370577882129444, -49.9997, 150.0053, 10500
9.488168611843385, -0.0906057018600167, 24.823748342071, 3.7500967354665384, -0.02617626488990733, 1.167239284681958E-6, 3.14E14, 0.5024846984330336, 0.10398604589008908, -0.015244439386999292, 0.6824251809714396, -0.11476950548419254, 1.8034599570129728, 584.9108556160764, 1.4180432507440528E-5, 156.71129296304997, 1.2085057324902146E-5, 1.8927917595308526E-4, -1.9801154088656527E-4, 42.474645891367295, 2.588665015257609, -0.00937065965412528, -49.9997, 150.0056, 10500
10.010335685294208, -0.09559812934278288, 25.240942339380386, 3.752011975553039, -0.027612855904577596, 1.170170545621695E-6, 3.14E14, 0.5030812687566399, 0.10407836026470162, -0.015194403815298518, 0.678199690704475, 0.1611631103465986, 1.5387157838890757, 595.0447536611463, 1.4047552936230403E-5, 156.70537497601626, 1.2176337049707815E-5, 1.9023100134485835E-4, -1.9788096801413133E-4, 42.47362915012249, 2.587457162334709, -0.009370746163464389, -49.9997, 150.0059, 10500
10.561239437418287, -0.10086590169374325, 25.67374780526001, 3.75403155873141, -0.029128035611180058, 1.173202226759746E-6, 3.14E14, 0.5036966233154848, 0.1041738466678776, -0.015142488462441664, 0.6791221159239489, 0.07036600710726848, 1.6411162940876831, 605.573746048605, 1.3914235294715492E-5, 156.69913534668794, 1.2271226673470567E-5, 1.912179469712727E-4, -1.9774320725206561E-4, 42.47255647835255, 2.586182899041474, -0.009370837697624042, -49.9997, 150.0062, 10500
11.142461348058292, -0.1064242288705088, 26.12259959453223, 3.7561611094722296, -0.03072607184964679, 1.1763364922805522E-6, 3.14E14, 0.5043310397212646, 0.10427257223962962, -0.015088640311203952, 0.6847488662381618, -0.4455774974980294, 2.1690807273163584, 616.510464320131, 1.3780610489956017E-5, 156.69253308975476, 1.2369842292545727E-5, 1.922409627870093E-4, -1.975978627989793E-4, 42.4714248007505, 2.584838577566065, -0.009370934562920586, -49.9997, 150.0066, 10500
11.755669931418844, -0.11228916312900883, 26.58794013171254, 3.7584065487727294, -0.03241146020592884, 1.1795755065098444E-6, 3.14E14, 0.5049847864020746, 0.10437460381709564, -0.01503280546562051, 0.6753700453171478, 0.2443100552155838, 1.4916325539593727, 627.8679198510615, 1.3646809337380911E-5, 156.68557286341075, 1.2472307945935023E-5, 1.93301037162866E-4, -1.974445170471984E-4, 42.47023087307445, 2.5834203501305626, -0.009371037085524192, -49.9997, 150.0069, 10500
12.402625525871569, -0.11847764587475464, 27.07021966294065, 3.760774109059933, -0.034188935624793845, 1.182921472653527E-6, 3.14E14, 0.5056581301408202, 0.10448000912118562, -0.01497492846019216, 0.6589668672692632, 0.7744982122901156, 0.9743014748323016, 639.6595262226579, 1.3512960523078657E-5, 156.67823499432225, 1.2578750196220575E-5, 1.9439917702452253E-4, -1.9728272937636935E-4, 42.46897127288575, 2.5819241580748327, -0.009371145614030879, -49.9997, 150.0073, 10500
13.085185347359882, -0.12500755710802985, 27.569896531598733, 3.763270349763165, -0.036063484535669446, 1.1863765924573309E-6, 3.14E14, 0.5063513276320959, 0.10458885545035888, -0.014914952930584327, 0.6827608644627335, -0.3478611692503028, 2.109932829326759, 651.8991234588668, 1.337919059896835E-5, 156.67049872948277, 1.2689299288180429E-5, 1.9553640641370275E-4, -1.9711203488776896E-4, 42.46764238978103, 2.580345720349051, -0.009371260519995196, -49.9996, 150.0077, 10500
13.80530882091028, -0.13189776764788647, 28.087437477282144, 3.765902173577256, -0.038040357505012924, 1.1899430823063162E-6, 3.14E14, 0.5070646284575459, 0.10470121015037123, -0.014852821314467968, 0.6609941123774306, 0.7066072670721012, 1.0691462387179205, 664.6010042207283, 1.3245623698637929E-5, 156.6623421771285, 1.2804089833726163E-5, 1.9671377246531746E-4, -1.9693194306082893E-4, 42.466240415091136, 2.578680521384178, -0.009371382200041028, -49.9996, 150.0082, 10500
14.565063205555333, -0.13916819428476926, 28.6233179576674, 3.7686768434374462, -0.040125082424332804, 1.193623181374425E-6, 3.14E14, 0.5077982764207979, 0.10481714083179355, -0.014788474686221409, 0.6844430011827461, -0.6148080674625199, 2.4046458397508195, 677.7799420560532, 1.3112380774549826E-5, 156.6537189442268, 1.2923258866914058E-5, 1.9793233737703305E-4, -1.9674193634316563E-4, 42.464761331018266, 2.5769237983071918, -0.009371511077760223, -49.9996, 150.0086, 10500
15.366629528815846, -0.14683985801503374, 29.17802249271811, 3.77160200022651, -0.04232347823381415, 1.197419144889809E-6, 3.14E14, 0.5085525078985816, 0.10493671511674689, -0.01472185285064985, 0.6793886836648328, -0.15786316651281337, 1.9621774631731916, 691.4512218073181, 1.2979580457115534E-5, 156.6446512730019, 1.3046955390390629E-5, 1.991932228384327E-4, -1.965414686549847E-4, 42.463200899180514, 2.5750705274664334, -0.00937164760541399, -49.9996, 150.0091, 10500
16.212308847778313, -0.15493494559337564, 29.75204503058279, 3.7746856812339873, -0.04464166919538287, 1.2013332857983152E-6, 3.14E14, 0.5093275597862695, 0.10506000190819206, -0.014652893585545182, 0.674768397338836, 0.12603650632828647, 1.6931335890312902, 705.6306722869263, 1.2847335991676016E-5, 156.63504357153116, 1.3175322751702344E-5, 2.0049753279802017E-4, -1.9632996381618623E-4, 42.46155464853225, 2.573115410230562, -0.009371792267613706, -49.9996, 150.0096, 10500
17.104528854741343, -0.16347687444255538, 30.34588933446964, 3.777936339386576, -0.047086099704403216, 1.205367895991582E-6, 3.14E14, 0.5101236535475986, 0.1051870688636314, -0.014581534001782498, 0.6813430217277491, -0.40175209198613393, 2.236140876379605, 720.3347013361011, 1.2715758866126872E-5, 156.62493863210463, 1.3308522842070435E-5, 2.0184645503838096E-4, -1.961068138839229E-4, 42.45981786262597, 2.571052858022459, -0.009371945580871462, -49.9996, 150.0101, 10500
18.045850846393876, -0.17249036136121967, 30.96006938973218, 3.781362863267722, -0.049663549639606445, 1.209525371825694E-6, 3.14E14, 0.5109410196878589, 0.1053179863013013, -0.014507708301881153, 0.658386802071466, 0.70374579400322, 1.1462049688663654, 735.580333391728, 1.258495428403595E-5, 156.61426127122195, 1.3446713774791317E-5, 2.0324117665696017E-4, -1.958713773990521E-4, 42.457985566181456, 2.5688769765490984, -0.009372108100213541, -49.9995, 150.0107, 10500
19.038977076531648, -0.18200149494346007, 31.595109830365633, 3.7849745979431906, -0.052381150241554625, 1.2138080866674008E-6, 3.14E14, 0.5117798722259059, 0.10545282313675793, -0.01443135000490288, 0.6685440048613349, 0.36158160083866314, 1.5042508294651207, 751.3852496944454, 1.2455024420026018E-5, 156.60300462920065, 1.3590065465343372E-5, 2.046829354598027E-4, -1.9562297753500583E-4, 42.45605251092325, 2.566581549183518, -0.009372280418096861, -49.9995, 150.0113, 10500
20.08675851341933, -0.19203781220196875, 32.25154638409682, 3.7887813666079246, -0.055246400493669294, 1.2182185048942968E-6, 3.14E14, 0.5126404307473327, 0.10559165042127662, -0.014352389895272988, 0.6730655227989816, 0.11256209582173166, 1.7694442081222295, 767.7678312812176, 1.2326066128122979E-5, 156.59113689626824, 1.3738753889986697E-5, 2.0617301263280589E-4, -1.9536090014340743E-4, 42.45401316064863, 2.5641600194560357, -0.00937246317043232, -49.9995, 150.0119, 10500
21.1922030240674, -0.20262837944702783, 32.929926335248524, 3.7927934930677245, -0.058267183994926044, 1.2227591207988547E-6, 3.14E14, 0.5135229079785902, 0.10573453936400906, -0.014270757076014925, 0.6736356991686129, 0.05372894677623338, 1.844711525921063, 784.7472049164837, 1.2198171376556395E-5, 156.57860123077435, 1.3892959218472654E-5, 2.077127129738685E-4, -1.9508439169251522E-4, 42.45186167548377, 2.5616054726073934, -0.009372657038563445, -49.9995, 150.0126, 10500
22.358484008918392, -0.21380387773570012, 33.630809004572036, 3.7970218250672754, -0.06145178626842733, 1.2274324821323612E-6, 3.14E14, 0.5144275139867269, 0.10588156201708038, -0.01418637851817646, 0.6821451864051604, -0.6952898663686194, 2.6103882303545025, 802.3432921277666, 1.2071427888289955E-5, 156.56538553524862, 1.4052874581037918E-5, 2.0930340996447598E-4, -1.9479265709062895E-4, 42.449591895285316, 2.5589106161554973, -0.009372862752996631, -49.9994, 150.0132, 10500
23.588949511730082, -0.22559669320606396, 34.35476624526739, 3.801477758473674, -0.06480891247608875, 1.2322412212089825E-6, 3.14E14, 0.515354461720052, 0.10603279219493464, -0.014099178462409642, 0.677844790144832, -0.3071907409316379, 2.23912927065319, 820.5768615243102, 1.1945918185007333E-5, 156.551452481485, 1.4218699863684528E-5, 2.109465218974216E-4, -1.9448485738914132E-4, 42.44719732214091, 2.556067759424627, -0.009373081098553592, -49.9994, 150.014, 10500
24.887131830807387, -0.23804101247375486, 35.102382954447826, 3.8061732623219684, -0.06834770547009361, 1.2371880321084335E-6, 3.14E14, 0.5163039620659439, 0.10618830469484486, -0.014009078789648077, 0.6635631619659773, 0.46321777927330515, 1.4856964600543021, 839.4695845908872, 1.1821719428483716E-5, 156.5367394147819, 1.4390641156603435E-5, 2.12643505108112E-4, -1.941601073570862E-4, 42.44467110192123, 2.5530687919832498, -0.009373312917732244, -49.9994, 150.0147, 10500
26.256757659173942, -0.2511729234306542, 35.874257599352376, 3.8111209047261645, -0.07207776410095063, 1.242275672270626E-6, 3.14E14, 0.5172762236635593, 0.1063481752827075, -0.013915998955407682, 0.6722804933970878, 0.03600340496756331, 1.9299697646989948, 859.0440951633374, 1.1698904669893884E-5, 156.52122809578702, 1.4568919131527561E-5, 2.143958927655893E-4, -1.938174729224752E-4, 42.44200600483222, 2.5499051609346037, -0.009373559115561309, -49.9993, 150.0156, 10500
27.701758782792748, -0.26503052183909415, 36.67100275766609, 3.8163338796557937, -0.07600916169454285, 1.2475070128138781E-6, 3.14E14, 0.5182714619511828, 0.10651248220613814, -0.013819855026029684, 0.6743241441337003, -0.12290224097620764, 2.1059595050679056, 879.3240528076432, 1.1577541277465716E-5, 156.5048514477043, 1.4753760615869389E-5, 2.1620526466428161E-4, -1.9345596847043586E-4, 42.43919440491499, 2.546567847001501, -0.009373820665986897, -49.9993, 150.0164, 10500
29.226283367547282, -0.2796540238925122, 37.49324567136944, 3.8218260345743174, -0.08015246456340804, 1.2528849901315166E-6, 3.14E14, 0.5192898892900363, 0.10668130460164188, -0.013720560516351399, 0.6593455105908145, 0.564073625900287, 1.4360286467294772, 900.3342103403754, 1.1457692737748055E-5, 156.48758655924547, 1.4945408104247358E-5, 2.1807328186572778E-4, -1.9307455399121749E-4, 42.43622825843717, 2.5430473393434796, -0.00937409861623031, -49.9993, 150.0173, 10500
30.834707867384633, -0.29508588529480845, 38.34162881360671, 3.827611898931465, -0.0845187504248878, 1.2584126751978038E-6, 3.14E14, 0.5203317274643482, 0.10685472459539218, -0.01361802506334954, 0.6769397234623603, -0.38958189912144736, 2.406619597187927, 922.1004857451355, 1.133941692891609E-5, 156.4693614373376, 1.5144111834650548E-5, 2.2000166262297786E-4, -1.9267213207046886E-4, 42.43309908111634, 2.5393336090418117, -0.009374394094577873, -49.9992, 150.0183, 10500
32.53164958780535, -0.31137092702270946, 39.216810468134085, 3.833706713496967, -0.08911962652744557, 1.264093216706992E-6, 3.14E14, 0.5213971961877011, 0.10703282543838535, -0.013512155420423888, 0.6686374992666325, 0.15064231426184643, 1.883144048354828, 944.6500387571127, 1.12227678515276E-5, 156.45014797695453, 1.535013932379466E-5, 2.2199221507275438E-4, -1.9224754470947665E-4, 42.42979792411482, 2.5354160811856628, -0.009374708315884859, -49.9992, 150.0193, 10500
34.32197994076603, -0.3285564683969219, 40.11946532098302, 3.8401264605180825, -0.09396724728475654, 1.2699299080908455E-6, 3.14E14, 0.5224865249691041, 0.10721569352481174, -0.013402854156049651, 0.6798306169847176, -0.7383922613871564, 2.788656656198637, 968.0113524060548, 1.1107794635692155E-5, 156.42986872001168, 1.5563767196066844E-5, 2.24046811968235E-4, -1.9179956997328123E-4, 42.42631534874005, 2.5312836054885905, -0.009375042590625582, -49.9992, 150.0204, 10500
36.210838429045545, -0.34669246766520717, 41.050285064049376, 3.846887894677787, -0.09907433114539696, 1.2759261551431103E-6, 3.14E14, 0.5235999461794268, 0.10740341728715044, -0.013290020190921598, 0.6703174854038656, 0.018851333402526704, 2.0475296196964865, 992.2143198267652, 1.0994542433507942E-5, 156.40846652458237, 1.5785289040038637E-5, 2.261674199260948E-4, -1.9132691844731927E-4, 42.422641399782684, 2.5269244253620595, -0.009375398331785707, -49.9991, 150.0215, 10500
38.203647400219786, -0.36583167074459494, 42.009979010395156, 3.8540085748245385, -0.10445417639662559, 1.2820855126950976E-6, 3.14E14, 0.5247377010050238, 0.10759608825075184, -0.01317354804331898, 0.6764627701931359, -0.45477019874294694, 2.5368084028452884, 1017.29033666564, 1.0883052525913099E-5, 156.3859043893425, 1.6015017635561585E-5, 2.2835611549174925E-4, -1.908282294964113E-4, 42.418765577420835, 2.5223261453690884, -0.009375777065079614, -49.9991, 150.0227, 10500
40.30612761259918, -0.38602976853296805, 42.99927472112448, 3.8615068964380814, -0.11012067552132357, 1.2884116925187762E-6, 3.14E14, 0.5259000398963292, 0.10779380117937501, -0.013053327601771761, 0.6710433856768133, -0.064167749205192, 2.1612990217108625, 1043.2723994317128, 1.0773362083868217E-5, 156.3621187530085, 1.6253280204878728E-5, 2.3061506470118697E-4, -1.9030206732206393E-4, 42.414676807615, 2.5174756969782286, -0.009376180438968146, -49.999, 150.0239, 10500
42.52431465781415, -0.4073455632337829, 44.018918643769545, 3.869402124788886, -0.11608832766567796, 1.294908556960084E-6, 3.14E14, 0.527087220344898, 0.10799665376889393, -0.012929244165723594, 0.6607295376487801, 0.4365517607118063, 1.6749964743154717, 1070.1952101611355, 1.0665503933949969E-5, 156.33699607976413, 1.6500415716828472E-5, 2.3294650968599246E-4, -1.897469167901883E-4, 42.41036341091529, 2.5123593025342847, -0.009376610234925309, -49.999, 150.0252, 10500
44.86457628719289, -0.4298411442478825, 45.06967676219388, 3.8777144287414984, -0.12237224869856478, 1.3015801110741507E-6, 3.14E14, 0.5282995044039693, 0.10820474629021438, -0.012801178518095715, 0.6596888921174554, 0.4669295529589802, 1.6582406635330833, 1098.0952877849304, 1.0559509190808882E-5, 156.31051220648982, 1.6756793611152533E-5, 2.353528494871034E-4, -1.891611790320283E-4, 42.405813069597706, 2.5069624373586503, -0.009377068379135578, -49.9989, 150.0266, 10500
47.333630691670145, -0.4535820745467125, 46.1523352580892, 3.8864649151443498, -0.12898817822165748, 1.3084306114484673E-6, 3.14E14, 0.5295371772577172, 0.1084181848621826, -0.012669004745066048, 0.6764573241980872, -0.53837917723422, 2.676250994744197, 1127.011086611172, 1.0455404397593099E-5, 156.2825693506217, 1.702279779220874E-5, 2.378365890379731E-4, -1.8854316679933373E-4, 42.40101279304313, 2.5012697898894496, -0.009377556957895187, -49.9989, 150.0281, 10500
49.938565787703354, -0.4786375875665193, 47.26770118420848, 3.8956756637404686, -0.1359524828000025, 1.3154644538431496E-6, 3.14E14, 0.5308005254660738, 0.10863707781584009, -0.012532592291000635, 0.6714486236858829, -0.14401200994738034, 2.293533214612374, 1156.9831223544293, 1.035321366257755E-5, 156.25308892623, 1.7298835472011638E-5, 2.4040035616359971E-4, -1.8789109955499923E-4, 42.39594888126729, 2.4952652197658662, -0.009378078229620779, -49.9988, 150.0296, 10500
52.68685956456008, -0.5050807957977747, 48.41660314954012, 3.9053697625250856, -0.1432821545357053, 1.3226862620388396E-6, 3.14E14, 0.532089851707817, 0.10886153832660043, -0.012391804147272728, 0.6772449482636012, -0.644593933354311, 2.8045746920204317, 1188.0541061672825, 1.0252958538106094E-5, 156.22198806795254, 1.7585338708713317E-5, 2.4304692438997593E-4, -1.8720309829550164E-4, 42.39060688650725, 2.48893171376055, -0.009378634642257359, -49.9987, 150.0313, 10499
55.586401551387816, -0.5329889115572977, 49.59989201668795, 3.9155713434674215, -0.15099480396172898, 1.3301008865413614E-6, 3.14E14, 0.5334054729746985, 0.10909168422268604, -0.012246496757897615, 0.6734536793013849, -0.3094200085156517, 2.4785276970476584, 1220.2690871509678, 1.0154658306101493E-5, 156.18920263147928, 1.7882768938329953E-5, 2.4577923133573616E-4, -1.864771800785236E-4, 42.38497157276412, 2.482251339457564, -0.009379228850457845, -49.9987, 150.033, 10499
58.6455154656916, -0.562443480798261, 50.818441611776464, 3.9263056185049905, -0.15910864600097252, 1.337713420054279E-6, 3.14E14, 0.5347477216832952, 0.1093276383050506, -0.012096519593784646, 0.6749964522436648, -0.4460303341877474, 2.6227851952862364, 1253.6756038446351, 1.0058329144257333E-5, 156.15459402039983, 1.819160574479638E-5, 2.486003324345461E-4, -1.857112522467239E-4, 42.37902687319664, 2.475205196570023, -0.00937986373521965, -49.9986, 150.0348, 10499
61.87298310823656, -0.5935306304956386, 52.07314944725331, 3.93759891570971, -0.16764247761278261, 1.3455291635758118E-6, 3.14E14, 0.5361169380226521, 0.1095695271276581, -0.011941715697095151, 0.6708704158360016, -0.12343828295847131, 2.306210086151514, 1288.3238452153118, 9.963986601386645E-6, 156.11811155369352, 1.85123700934407E-5, 2.515134931712606E-4, -1.8490310632565717E-4, 42.37275584525757, 2.4677733657892658, -0.009380542423629096, -49.9985, 150.0367, 10499
65.27806957297038, -0.6263413311429749, 53.364937458008725, 3.9494787155160305, -0.17661564537605803, 1.3535537382926445E-6, 3.14E14, 0.5375134877883777, 0.10981748428047042, -0.011781919335708352, 0.6752464302417704, -0.4621135547231914, 2.649119622359318, 1324.2668216933623, 9.871643410586892E-6, 156.0796063679578, 1.8845603720237458E-5, 2.5452212157954973E-4, -1.8405041158228253E-4, 42.36614062345711, 2.45993485505251, -0.00938126831468418, -49.9985, 150.0387, 10499
68.87054984433593, -0.6609716743791496, 54.69475275127659, 3.96197368689229, -0.18604800108339753, 1.3617929927709256E-6, 3.14E14, 0.5389377441313807, 0.11007164731988402, -0.011616957694668972, 0.6719577563723891, -0.19117977294354874, 2.3804844608119047, 1361.5605468210176, 9.78131189892079E-6, 156.0389937109543, 1.919189074876506E-5, 2.576298409443961E-4, -1.8315070821752128E-4, 42.359162369634234, 2.451667543111183, -0.009382045102020339, -49.9984, 150.0409, 10499
72.66073685832694, -0.6975231677193012, 56.06356837082265, 3.975113723327765, -0.195959842961289, 1.370253115088753E-6, 3.14E14, 0.5403901049772715, 0.11033216102312805, -0.01144664849058867, 0.6676631085548096, 0.08820320627194565, 2.1013128588532415, 1400.2642301043622, 9.693002746056395E-6, 155.996159743723, 1.955185068683222E-5, 2.608404806176586E-4, -1.822014001815865E-4, 42.35180122061009, 2.442948120280695, -0.009382876804609743, -49.9983, 150.0431, 10499
76.65951110784165, -0.7361030467390578, 57.47238407596375, 3.9889299784994674, -0.20637183980832885, 1.3789405815783856E-6, 3.14E14, 0.5418709818440204, 0.11059917557747326, -0.01127080082830935, 0.6684348078599679, 0.05436290934542183, 2.1331291810287345, 1440.4404816820015, 9.60672586250063E-6, 155.95098445242328, 1.9926141745190027E-5, 2.64158078430799E-4, -1.8119974758099767E-4, 42.344036233093576, 2.4337520262469017, -0.009383767796301495, -49.9982, 150.0455, 10499
80.87835187732242, -0.7768246062512122, 58.9222271359966, 4.003454901474923, -0.21730493481028856, 1.3878622018219473E-6, 3.14E14, 0.5433808052113739, 0.11087284772477105, -0.011089214126796906, 0.666635746933554, 0.17163623342644638, 2.0114544292685292, 1482.1555294464602, 9.522490240309954E-6, 155.90331812871614, 2.031546122046306E-5, 2.6758688994217507E-4, -1.801428586588654E-4, 42.33584532570186, 2.424053384801611, -0.009384722840265418, -49.9981, 150.048, 10499
85.32937019634684, -0.8198075515538379, 60.41415314064681, 4.018722271300042, -0.22878022528194156, 1.3970251167640118E-6, 3.14E14, 0.5449200216627537, 0.11115334044370444, -0.010901677977087923, 0.6644338035836858, 0.292999860026774, 1.8831787273059122, 1525.4794492772387, 9.44030508702412E-6, 155.8530506029391, 2.0720559016280787E-5, 2.711314422484731E-4, -1.7902768132698038E-4, 42.32720521795384, 2.413824935375958, -0.00938574712612448, -49.998, 150.0506, 10499
90.02534360677004, -0.865178371494885, 61.949246827178335, 4.034767230814993, -0.24081881387383294, 1.406436859427529E-6, 3.14E14, 0.5464891013866112, 0.11144082452977724, -0.010707970709755057, 0.6654284736119906, 0.266265129457941, 1.9003697113514977, 1570.4864090673223, 9.360178965952079E-6, 155.80001810910133, 2.1142228068078473E-5, 2.747965048250784E-4, -1.7785099421743696E-4, 42.31809136608802, 2.403037961237717, -0.009386846312283878, -49.9979, 150.0534, 10499
94.97975284322426, -0.9130707341876789, 63.52862292483071, 4.05162631953597, -0.25344162606018666, 1.4161053198314016E-6, 3.14E14, 0.5480885293709786, 0.11173547722025147, -0.010507859909187817, 0.6761759921600957, -0.4013580403633498, 2.5557123758127718, 1617.2549272479553, 9.282120852884581E-6, 155.74409563882503, 2.158132095451688E-5, 2.785871483566213E-4, -1.7660939722766237E-4, 42.3084778955505, 2.3916622142144965, -0.009388026569860266, -49.9978, 150.0563, 10499
100.20682053227469, -0.9636259077087205, 65.15342701727631, 4.069337505437026, -0.2666691878065027, 1.426038803696376E-6, 3.14E14, 0.5497188121430499, 0.11203748366681153, -0.010301100995428483, 0.6573534484912736, 0.6227410262696128, 1.5165110340080763, 1665.868146539634, 9.206139704222598E-6, 155.68510382674194, 2.2038740178062405E-5, 2.8250871485030574E-4, -1.7529930154022103E-4, 42.29833752999169, 2.3796658358029372, -0.009389294634039702, -49.9977, 150.0594, 10499
105.72155202132483, -1.0169932067636962, 66.82483642381328, 4.087940215464096, -0.28052135628440233, 1.4362460182623032E-6, 3.14E14, 0.5513804721714917, 0.112347036159105, -0.010087437295994761, 0.6614746568323583, 0.5053614771793964, 1.6159062796339791, 1716.4141236807468, 9.132245372189772E-6, 155.62287805267817, 2.2515452681651394E-5, 2.865668711721683E-4, -1.7391691906707392E-4, 42.28764151660516, 2.3670152745208126, -0.00939065785753625, -49.9976, 150.0627, 10499
111.53977845447935, -1.0733304678948339, 68.54406110003103, 4.107475364613012, -0.29501699522445474, 1.4467361268095856E-6, 3.14E14, 0.5530740533670073, 0.11266433541362983, -0.009866598678937286, 0.6772664765144437, -0.34566856025807946, 2.446039511897004, 1768.986135909165, 9.06044858478641E-6, 155.55726794842562, 2.3012496588054886E-5, 2.9076764415468905E-4, -1.7245825130967135E-4, 42.276359547634705, 2.353675199358041, -0.009392124272062763, -49.9975, 150.0661, 10499
117.67820221902217, -1.132804554980402, 70.31234455870568, 4.1279853834051785, -0.31017358510005194, 1.4575187570538323E-6, 3.14E14, 0.5548001187260834, 0.11298959042952102, -0.009638301128255075, 0.6669567389528567, 0.34986858002066024, 1.7266979026550007, 1823.683004996623, 8.990760222775685E-6, 155.4880443648551, 2.3530968809579056E-5, 2.951173703272221E-4, -1.7091907757652765E-4, 42.26445967786891, 2.3396084091791685, -0.009393702654740434, -49.9973, 150.0698, 10499
124.15444489297302, -1.195591896691354, 72.13096481170138, 4.149514243598596, -0.3260067566297388, 1.468603970839772E-6, 3.14E14, 0.5565592417241881, 0.11332301715894606, -0.009402247142183975, 0.6725718072716628, 0.1055148009334243, 1.944385732927517, 1880.6094396611088, 8.923193852498941E-6, 155.4150608454861, 2.407205786183477E-5, 2.996228158459087E-4, -1.6929494254687435E-4, 42.25190823793753, 2.324775737929544, -0.009395402599670194, -49.9972, 150.0736, 10499
130.98709783136553, -1.2618790599470229, 74.00123533367206, 4.1721074819785215, -0.34252973410719423, 1.4800024098439362E-6, 3.14E14, 0.558352025462587, 0.11366484244555664, -0.009158122376884584, 0.6815793289817386, -0.528743653677706, 2.549210235522033, 1939.87639720903, 8.857763151219957E-6, 155.3380680464835, 2.4637021339929178E-5, 3.042911152401803E-4, -1.6758114311919952E-4, 42.238669743215006, 2.309135955498566, -0.009397234600736442, -49.997, 150.0776, 10499
138.1957755364651, -1.3318633596971192, 75.92450604837505, 4.195812222081313, -0.3597526727062882, 1.4917251669590415E-6, 3.14E14, 0.5601790779530251, 0.11401529967517107, -0.008905598112497207, 0.664430777697978, 0.5752717500255979, 1.4131404693123037, 2001.6014652869517, 8.794484514508224E-6, 155.2568750641416, 2.5227215714223144E-5, 3.091298562410996E-4, -1.657727145231141E-4, 42.224706798131955, 2.2926456640880573, -0.009399210136932139, -49.9969, 150.0819, 10499
145.8011719651362, -1.4057535103807919, 77.90216433842478, 4.220677193717114, -0.37768187128215175, 1.5037839396310141E-6, 3.14E14, 0.562041031772515, 0.11437463286620667, -0.008644327693396792, 0.6760125640765237, 0.1019215409402384, 1.8520238390670114, 2065.9092646525946, 8.733375614999484E-6, 155.1712332760145, 2.5844087476422355E-5, 3.141470738561236E-4, -1.638644156385947E-4, 42.20997999568848, 2.275259189942879, -0.009401341771822497, -49.9967, 150.0864, 10499
153.825119935001, -1.4837703202191435, 79.9356360793321, 4.246752750172068, -0.39631883886970215, 1.5161909619721572E-6, 3.14E14, 0.5639385286479329, 0.11474309409053537, -0.008373947694138587, 0.6838499393032573, -0.4437878226049801, 2.3611288598421183, 2132.931873907022, 8.674456604031783E-6, 155.08092812425232, 2.6489194741291195E-5, 3.1935131352675073E-4, -1.618507134886192E-4, 42.194447811955705, 2.2569284702931602, -0.009403643258198617, -49.9966, 150.0911, 10499
162.2906537999263, -1.5661474334355185, 82.02638669868982, 4.274090882988932, -0.41565918949531605, 1.5289590843494865E-6, 3.14E14, 0.5658722267978445, 0.1151209452694139, -0.00809407590162442, 0.6824716802803737, -0.18274029193540225, 2.061687465562235, 2202.809277164934, 8.617749483950683E-6, 154.98568612777012, 2.716419941731273E-5, 3.2475161321569623E-4, -1.59725766848755E-4, 42.17806649534763, 2.2376029353682156, -0.009406129656417742, -49.9964, 150.0961, 10498
171.22207557476176, -1.6531321228006495, 84.17592226138323, 4.302745234246057, -0.4356913353900969, 1.5421017498772594E-6, 3.14E14, 0.5678427921201898, 0.1155084568625764, -0.007804311524296337, 0.6838788321135557, -0.1808972655772363, 2.020087671699036, 2275.6898356784054, 8.563279218003827E-6, 154.8852434593719, 2.7870887964169664E-5, 3.303575709650498E-4, -1.574834089300006E-4, 42.16078995043773, 2.217229385338994, -0.00940881746124024, -49.9962, 150.1014, 10498
180.64502469915334, -1.7449861381315166, 86.38579058171992, 4.332771106279018, -0.4563949436575368, 1.5556330724633148E-6, 3.14E14, 0.5698509045274675, 0.11590590952671993, -0.0075042331702164095, 0.6875184333695142, -0.4174818614336106, 2.21606215796468, 2351.730784471672, 8.511073436768382E-6, 154.7793221393489, 2.8611179305404808E-5, 3.3617938493427633E-4, -1.5511712908067424E-4, 42.142569616090135, 2.195751862055693, -0.00941172474364037, -49.996, 150.107, 10498
190.5865516407032, -1.8419866145816925, 88.65758236339144, 4.3642254688162225, -0.4777391154251187, 1.5695678343110663E-6, 3.14E14, 0.5718972517401294, 0.11631359334554267, -0.007193398577439822, 0.6844489367245805, 0.03824859189095198, 1.7194638477063955, 2431.098755091457, 8.46116247983892E-6, 154.6676292835051, 2.9387134016253995E-5, 3.422278795074311E-4, -1.526200534510663E-4, 42.12335433767038, 2.1731115154503007, -0.009414871304728716, -49.9958, 150.1128, 10498
201.0751955487688, -1.944427046103863, 90.99293236819784, 4.3971669635297985, -0.49968023934860445, 1.5839215024927865E-6, 3.14E14, 0.573982525802541, 0.11673180759122431, -0.006871343929548426, 0.6884675505216512, -0.1838692335018711, 1.9011387247969833, 2513.9703256294365, 8.413579867270251E-6, 154.54983332247178, 3.0200959741815655E-5, 3.485145211824264E-4, -1.499849245665171E-4, 42.10309023309423, 2.1492464644803784, -0.009418278844805715, -49.9956, 150.119, 10498
212.14106618182177, -2.0526183297205782, 93.3935206144851, 4.431655906035391, -0.522159463220766, 1.598710272697208E-6, 3.14E14, 0.5761074232796924, 0.11716086123662015, -0.006537582557503599, 0.6884242257410952, -0.004932950924501811, 1.682952444813133, 2600.5325992313956, 8.368362760610232E-6, 154.42563216602557, 3.1055041207170116E-5, 3.550515288023499E-4, -1.4720407974227762E-4, 42.08172055247118, 2.12409165250097, -0.00942197114811277, -49.9954, 150.1256, 10498
223.81593034355575, -2.166889887917131, 95.86107360626703, 4.467754285409063, -0.5450997176159443, 1.6139511147046059E-6, 3.14E14, 0.5782726452384638, 0.11760107346017114, -0.0061916035839403305, 0.6893399660059832, 0.07121804254393477, 1.5695928491940232, 2690.9838123722398, 8.32555139425586E-6, 154.29463738624258, 3.195192699343213E-5, 3.618518265135459E-4, -1.4426942828177854E-4, 42.059185531094435, 2.0975786969617616, -0.00942597428647437, -49.9952, 150.1324, 10498
236.1333030758751, -2.2875908741000024, 98.39736559402657, 4.505525761325769, -0.5684022141301964, 1.6296617531049898E-6, 3.14E14, 0.5804788877089493, 0.11805277223286252, -0.005832872032572711, 0.692936224528004, -0.13934695359244698, 1.7459105800193013, 2785.533974247902, 8.285190720559213E-6, 154.15653408956123, 3.2894381908436815E-5, 3.689292156291065E-4, -1.41172427388421E-4, 42.03542223552641, 2.069635733333235, -0.009430316838941348, -49.995, 150.1397, 10498
249.12854387055265, -2.415091472666007, 101.00421986821632, 4.545035658961386, -0.5919423275093162, 1.645860791124714E-6, 3.14E14, 0.5827268520533109, 0.11851629698169507, -0.005460825677470665, 0.696442124668415, -0.5068805704959709, 2.083135582238676, 2884.4055387150056, 8.247328396986166E-6, 154.01091916686315, 3.388536852932899E-5, 3.7629832532486325E-4, -1.379040567234091E-4, 42.01036440252826, 2.0401872531893472, -0.009435030136252591, -49.9947, 150.1473, 10498
262.83895817575103, -2.549784297705627, 103.68351008650798, 4.586350961838524, -0.6155647552798089, 1.662567598049004E-6, 3.14E14, 0.5850172218694982, 0.11899199441145647, -0.0050748772932694836, 0.6916595595704564, 0.31401686279541957, 1.2368835369563873, 2987.8341102976374, 8.212016830257344E-6, 153.8573692268079, 3.492807318276813E-5, 3.839746650334742E-4, -1.3445479153301635E-4, 41.98394227058045, 2.00915393637472, -0.009440148522298287, -49.9945, 150.1554, 10497
277.3039044888026, -2.692085904067886, 106.43716163587294, 4.629540302834581, -0.639077829980016, 1.679802461282207E-6, 3.14E14, 0.5873506766380074, 0.11948022187683996, -0.004674410855341121, 0.6955066223657986, 0.049571366592181226, 1.4819554288088306, 3096.069185878283, 8.179313071882055E-6, 153.69546236672377, 3.602593933327567E-5, 3.919747619731595E-4, -1.3081457427395774E-4, 41.95608240374276, 1.9764524772161383, -0.009445709643027015, -49.9942, 150.1639, 10497
292.56490734267925, -2.842438420739305, 109.26715303061476, 4.674673953608214, -0.6622468379554174, 1.6975866016502562E-6, 3.14E14, 0.5897278856691912, 0.11998134675656874, -0.0042587808517018655, 0.6967892556059236, -0.025437242836113826, 1.5445768984634494, 3209.374933797516, 8.149278721721534E-6, 153.52475405544612, 3.718268214974053E-5, 4.0031619782732983E-4, -1.269727846547383E-4, 41.92670750760396, 1.9419954047479058, -0.009451754760208968, -49.9939, 150.1729, 10497
308.6657765105026, -3.001311318184922, 112.17551734751888, 4.721823812736705, -0.6847861728773583, 1.715942188548138E-6, 3.14E14, 0.5921495018909305, 0.12049574578594768, -0.0038273116183113604, 0.69824045010278, -0.20571254254301266, 1.7203945879316858, 3328.0310122048345, 8.121980514271332E-6, 153.34477589489353, 3.8402310804424057E-5, 4.090176700196805E-4, -1.2291820801325757E-4, 41.89573623707558, 1.905690896942553, -0.009458329091892358, -49.9937, 150.1823, 10497
325.6527327702946, -3.1692033240362085, 115.16434369933897, 4.771063392891067, -0.7063501231109501, 1.7348924029763254E-6, 3.14E14, 0.5946161617119959, 0.12102380568507037, -0.003379295562424736, 0.6963566733256534, 0.11693337198222983, 1.4020526545805987, 3452.3334286316826, 8.09748971327857E-6, 153.15501152337538, 3.968914868568903E-5, 4.180990557371624E-4, -1.18639001946018E-4, 41.86308299579059, 1.8674425889624642, -0.009465482182522968, -49.9934, 150.1923, 10497
343.5745405910023, -3.346644501488474, 118.23577874790246, 4.822467807407226, -0.7265220568531183, 1.7544614179200675E-6, 3.14E14, 0.5971284737415313, 0.1215659214241531, -0.0029139933451313993, 0.6948556242086501, 0.24389004194875474, 1.2888266125805878, 3582.5954428973214, 8.075883920114566E-6, 152.9549408660171, 4.104787175122834E-5, 4.2758151250057693E-4, -1.1412266110357542E-4, 41.8286577268744, 1.8271493754677883, -0.009473268303887141, -49.9931, 150.2028, 10497
362.48264812069766, -3.5341985104159463, 121.39202825819612, 4.876113756639744, -0.7448017284946366, 1.7746745516376807E-6, 3.14E14, 0.599687029539253, 0.12212249923804036, -0.0024306299768963313, 0.6940876653460674, 0.23305620478350322, 1.3232534542393957, 3719.1485156093227, 8.057246004961267E-6, 152.743993061993, 4.2483532855214955E-5, 4.374875724081434E-4, -1.0935598006119084E-4, 41.79236569486813, 1.7847052070486757, -0.0094817468902254, -49.9928, 150.2138, 10496
382.4313348788176, -3.7324650673861184, 124.63535869488734, 4.932079514508517, -0.760590381767968, 1.795558218153467E-6, 3.14E14, 0.6022923876943095, 0.12269395393788354, -0.0019283957267225565, 0.6908758895974358, 0.3865142929741368, 1.2033902051672691, 3862.343304683105, 8.041665177005451E-6, 152.52161309657077, 4.4001612818152E-5, 4.47841267827636E-4, -1.0432501418054547E-4, 41.75410725859565, 1.7399988808646834, -0.009490983006785149, -49.9924, 150.2255, 10496
403.477867576424, -3.9420826301592, 127.96809886285382, 4.990444915668119, -0.7731732690956992, 1.8171400320089102E-6, 3.14E14, 0.604945077395636, 0.12328071043971381, -0.0014064433828610279, 0.6924491060246669, 0.08607645513714644, 1.5471993538027604, 4012.5507124792807, 8.029236794780067E-6, 152.28716915781234, 4.5608031362285925E-5, 4.586681627771657E-4, -9.901503836639146E-5, 41.71377763478338, 1.6929138256124627, -0.00950104785684744, -49.9921, 150.2378, 10496
425.6826645117968, -4.163731326993294, 131.39264159344006, 5.051291343743573, -0.7816991411436639, 1.8394488231235657E-6, 3.14E14, 0.6076455902089947, 0.12388320275131835, -8.638876776879273E-4, 0.6945838048155822, -0.416477327504026, 2.102244482525448, 4170.16298634371, 8.020062980087804E-6, 152.03999638700623, 4.730920091044034E-5, 4.6999549597115045E-4, -9.341050363226153E-5, 41.671266652260464, 1.6433278809552192, -0.009512019324409354, -49.9918, 150.2508, 10496
449.1094690132916, -4.398136161956556, 134.9114454783406, 5.114701721084733, -0.785156183045519, 1.8625147122526693E-6, 3.14E14, 0.6103943790457956, 0.1245018745538674, -2.9980327687505193E-4, 0.6852877430314185, 0.33611103756432475, 1.4101216768917904, 4335.594875533092, 8.01425368894197E-6, 151.77941750830342, 4.911208319520207E-5, 4.818523408988663E-4, -8.749499138399715E-5, 41.626458496591745, 1.5911130715861908, -0.0095239825586488, -49.9914, 150.2644, 10496
473.8255324273631, -4.646070527843966, 138.52703665323736, 5.180760500494077, -0.7823437836813538, 1.8863692255968282E-6, 3.14E14, 0.613191861063205, 0.12513718073314917, 2.8677819014347183E-4, 0.6900050137512852, -0.254644069496905, 2.0676379303894317, 4509.2848477186235, 8.011926056679428E-6, 151.5047179904919, 5.102423697106676E-5, 4.942697424470008E-4, -8.125116533323838E-5, 41.579231445022145, 1.5361353761147378, -0.009537030598648473, -49.9911, 150.2789, 10495
499.9018071770596, -4.908360059072846, 142.24201063360607, 5.2495536593792265, -0.7718394182641721, 1.9110452782335606E-6, 3.14E14, 0.6160384045063297, 0.1257895853201809, 8.968678663592022E-4, 0.6834269285184182, 0.17509827493551372, 1.7087201188792334, 4691.696368481766, 8.01320545294674E-6, 151.2150987709165, 5.3053848763432925E-5, 5.072807618114193E-4, -7.466072096244704E-5, 41.52945759164482, 1.4782544909801079, -0.009551265038627774, -49.9907, 150.294, 10495
527.4131504452005, -5.185886864444236, 146.0590342054678, 5.321168696772039, -0.7519598002822283, 1.9365772902796532E-6, 3.14E14, 0.6189343309682084, 0.12645956292101704, 0.0015315226182384956, 0.6877836371001131, -0.38224623516890377, 2.3381787473923668, 4883.319247449527, 8.018226261506047E-6, 150.90978646231244, 5.520984647399536E-5, 5.209208015912746E-4, -6.770433245560854E-5, 41.477002562740665, 1.417323589614957, -0.009566796734124574, -49.9903, 150.31, 10495
556.438539066951, -5.479594189716084, 149.98084737432114, 5.395694633640695, -0.7207153131220314, 1.9630012861093895E-6, 3.14E14, 0.6218799147751867, 0.1271475995733921, 0.0021918475686515115, 0.6778889448735542, 0.3003306462949978, 1.7257445156104292, 5084.671054961929, 8.027131907705056E-6, 150.5878955847693, 5.7501913160335505E-5, 5.352276169013714E-4, -6.0361597032656305E-5, 41.42172522228147, 1.3531890770978987, -0.009583746551445848, -49.99, 150.3269, 10495
587.0612962486862, -5.790491550334408, 154.01026537607154, 5.473222016900233, -0.6757565608065121, 1.99035493488737E-6, 3.14E14, 0.6248753752256154, 0.1278541919793613, 0.002878997136717104, 0.68038092341273, 0.05056192888168539, 2.040042436492292, 5296.298613421921, 8.040076153603064E-6, 150.2485604446881, 5.994062122767954E-5, 5.502416606946496E-4, -5.261097662178757E-5, 41.36347736763663, 1.2856903405083773, -0.009602246152199604, -49.9896, 150.3446, 10494
619.3693307639863, -6.1196604021902665, 158.15018075451349, 5.553842927500741, -0.6143116777828694, 2.018677695630146E-6, 3.14E14, 0.6279208799228848, 0.12857984936633288, 0.003594178654733604, 0.6787027271686751, 0.10268621273602997, 2.0429779964627985, 5518.779567748134, 8.057222517959056E-6, 149.890797386693, 6.253746066121046E-5, 5.660061364087301E-4, -4.442973682519241E-5, 41.30210341557733, 1.2146594952127572, -0.009622438818784065, -49.9892, 150.3633, 10494
653.4553893134236, -6.4682603997796, 162.40356551086012, 5.637650992941508, -0.5331128024913252, 2.0480108093560404E-6, 3.14E14, 0.631016530885278, 0.12932509131146613, 0.004338652098455936, 0.6767823850815775, 0.19247358296224154, 1.994943326184042, 5752.724039634412, 8.07874702066456E-6, 149.51361326010309, 6.530497856702801E-5, 5.825673202099934E-4, -3.579388314782156E-5, 41.23744007873623, 1.1399211272436647, -0.009644480307889473, -49.9888, 150.383, 10494
689.4173227725896, -6.837536327940111, 166.7734733320111, 5.724741404524565, -0.428309845930631, 2.078397570170291E-6, 3.14E14, 0.6341623798976342, 0.13009045259353683, 0.005113736826862919, 0.6783591576013697, 0.07815550173420578, 2.1341848947048674, 5998.7763706179585, 8.104837137654265E-6, 149.1159344331767, 6.825686830955931E-5, 5.999748053700887E-4, -2.6678094478549022E-5, 41.16931603274817, 1.0612920319239212, -0.009668539734853807, -49.9885, 150.4038, 10493
727.3583670926827, -7.228825772335085, 171.26304190577036, 5.815210939622714, -0.2953693642282567, 2.1098832813653792E-6, 3.14E14, 0.6373584095424971, 0.13087647988486747, 0.00592081030830513, 0.6820055688257838, -0.19353553050381583, 2.411117623506111, 6257.616959271494, 8.135694268917215E-6, 148.69662489532394, 7.140808439959662E-5, 6.182817144057039E-4, -1.7055653842394735E-5, 41.09755157437519, 0.9785809487645727, -0.009694800473978171, -49.9881, 150.4257, 10493
767.3874396600353, -7.643567626667631, 175.87549533316502, 5.9091579891965225, -0.1289559687918216, 2.1425155098202668E-6, 3.14E14, 0.6406045448048013, 0.13168373587849674, 0.006761314378952887, 0.6784575939692585, 0.15032650784131707, 2.0510245133372207, 6529.964197010074, 8.17153432346254E-6, 148.25448148252798, 7.477498802891419E-5, 6.375450696836202E-4, -6.538445117989653E-6, 41.021958271005595, 0.8915882925914991, -0.00972346106900995, -49.9878, 150.4487, 10492
809.6194519653427, -8.083311531055164, 180.61414665048417, 6.0066825907522015, 0.07720673251864378, 2.176344183708461E-6, 3.14E14, 0.6439006472080393, 0.13251279928379867, 0.007636757479018319, 0.6780299757704084, 0.2660936977478382, 1.8972223568777014, 6816.576541671489, 8.212588160855735E-6, 147.78825053771243, 7.837550720855492E-5, 6.578261368125265E-4, 1.031598632997054E-5, 40.94233860201007, 0.8001058806824197, -0.009754736138599637, -49.9874, 150.4729, 10492
854.1756394801711, -8.549728351875203, 185.48240047680116, 6.107886466889129, 0.33049918436775066, 2.2114216791082357E-6, 3.14E14, 0.6472465075167444, 0.13336426445980312, 0.008548716512372961, 0.6838279330254151, -0.01980840077674697, 2.1247733716451265, 7118.25471472602, 8.259103955891572E-6, 147.29653394461857, 8.222923959858307E-5, 6.791905947019882E-4, 2.8352018891317173E-5, 40.8584855925432, 0.7039166555052363, -0.009788857260586448, -49.9871, 150.4985, 10491
901.183909687723, -9.044621819686427, 190.48375580674602, 6.2128730695424546, 0.6395970454228538, 2.2478030784000696E-6, 3.14E14, 0.6506418541291341, 0.1342387450858663, 0.009498843095370968, 0.6841235700179945, 0.14419465919244331, 1.8856695118898996, 7435.8438884501, 8.311348561539E-6, 146.77793639313262, 8.635775106713744E-5, 7.017092542550333E-4, 4.7636432540875834E-5, 40.770182440492675, 0.6027944023822305, -0.009826073811630767, -49.9868, 150.5253, 10491
950.7792092669521, -9.56994147599244, 195.6218089733908, 6.3217476299838395, 1.0146952866739576, 2.285546329690908E-6, 3.14E14, 0.6540863503319346, 0.1351368751766166, 0.010488867202500668, 0.6882024566943259, 0.04060716866945127, 1.903141473830975, 7770.236321183904, 8.369608406148623E-6, 146.23088228013555, 9.07846655347107E-5, 7.254581747297106E-4, 7.141886621046922E-5, 40.67720213740084, 0.4965034611027157, -0.009866653741976773, -49.9865, 150.5537, 10490
1003.1039114841019, -10.127797048062586, 200.90025681259715, 6.434617214602474, 1.467770871044761, 2.3247123962623003E-6, 3.14E14, 0.6575795897769616, 0.13605930969442787, 0.011520600459959451, 0.6936683047188729, -0.23347045328617713, 2.0878379000872296, 8122.374160318379, 8.434192107064313E-6, 145.65376049303924, 9.553600439053804E-5, 7.505193948298364E-4, 1.0309554794861453E-4, 40.57930708432225, 0.3847984300332694, -0.009910884243101688, -49.9863, 150.5834, 10490
1058.3082249037561, -10.72047444607634, 206.32290006842067, 6.551590786449942, 2.0128906147851575, 2.3653655616420655E-6, 3.14E14, 0.6611211046813681, 0.1370067286219373, 0.012595943451900293, 0.6939417252858796, 0.0980370657698344, 1.6729797085546454, 8493.250921272991, 8.505431718653242E-6, 145.044805612816, 1.0064038459616458E-4, 7.769813211265189E-4, 1.3459394615484308E-4, 40.476248703722334, 0.267423860837674, -0.009959072280358236, -49.9861, 150.6148, 10489
1116.550624592685, -11.350453523974508, 211.8936470896556, 6.672779272496725, 2.6665719454070995, 2.407573466772804E-6, 3.14E14, 0.6647103490200794, 0.13797983451773452, 0.01371688586658576, 0.696839272067562, 0.09682710055711131, 1.6068906077885154, 8883.915345790052, 8.583686025047976E-6, 144.4021308177222, 1.0612932574249395E-4, 8.049392690186405E-4, 1.659112015771967E-4, 40.36776704868511, 0.14411394119472387, -0.010011544932495781, -49.986, 150.6478, 10489
1177.998307054346, -12.020427821050234, 217.61651788091868, 6.798295636515747, 3.4482055684024826, 2.4514075595971073E-6, 3.14E14, 0.6683467164621105, 0.13897935945918005, 0.01488551743642244, 0.699559350488944, -0.001223655455026361, 1.6632617804690635, 9295.474150461596, 8.669342053907845E-6, 143.7237582027558, 1.1203765547973757E-4, 8.344963374524869E-4, 1.970480812897621E-4, 40.25359041086434, 0.014592162202552661, -0.010068649488050398, -49.9859, 150.6825, 10488
1242.8276702000214, -12.733326478795346, 223.4956485885821, 6.928254957479687, 4.38055056445711, 2.4969432468738785E-6, 3.14E14, 0.672029530476291, 0.14000606472745764, 0.016104030904939698, 0.7013255833354249, -0.18052646930661403, 1.834155188893545, 9729.09519784289, 8.76281823559604E-6, 143.0074758590725, 1.1840375822546885E-4, 8.657637660917609E-4, 2.2800899828797098E-4, 40.13343492879597, -0.1214290338367987, -0.010130753227182272, -49.9859, 150.719, 10487
1311.2248197344425, -13.49233852819133, 229.5352965233082, 7.062774513334181, 5.490314191635052, 2.544260222236251E-6, 3.14E14, 0.6757580479472076, 0.1410607442760761, 0.01737472953578839, 0.7005459641645251, -0.13768245837215712, 1.82031093030049, 10186.010850421319, 8.8645687771517E-6, 142.25095070545675, 1.2527012934232732E-4, 8.988620286772493E-4, 2.588019899215425E-4, 40.007004198388884, -0.2642486307125731, -0.010198242804086492, -49.986, 150.7575, 10487
1383.3861034095855, -14.300939813301593, 235.7398458481163, 7.20197386998864, 6.808830702249304, 2.5934429093841944E-6, 3.14E14, 0.6795314692741514, 0.142144230337541, 0.018700037605572928, 0.6976309276908569, 0.04630826827850824, 1.7018864394323314, 10667.521519310385, 8.975085436364637E-6, 141.45170876331062, 1.326838985765444E-4, 9.33921822058395E-4, 2.8943865157058345E-4, 39.87398888761502, -0.41417744743939666, -0.010271523141073755, -49.9861, 150.7979, 10486
1459.518674680321, -15.162922755135249, 242.11381409531057, 7.345974975350252, 8.372855840306636, 2.644580648401643E-6, 3.14E14, 0.6833489260771978, 0.14325739291564932, 0.020082503842230898, 0.6966881573342469, -0.15612008740048303, 1.9996209361445916, 11174.999420532227, 9.094901485870104E-6, 140.6069869580895, 1.40697226141775E-4, 9.710846196813644E-4, 3.199340207331143E-4, 39.73406635765095, -0.5715385877108323, -0.01035101571296703, -49.9864, 150.8403, 10485
1539.8410873800026, -16.08242916774024, 248.66185971910053, 7.494902258214951, 10.225496413059695, 2.697768082335984E-6, 3.14E14, 0.6872094831476834, 0.1444011434164179, 0.0215248100314393, 0.6946977075978318, -0.21756177767445717, 2.1731571056199694, 11709.892552881769, 9.224598101513994E-6, 139.7138148865776, 1.4936804888075625E-4, 0.0010105040145955617, 3.503064059478132E-4, 39.58690029297002, -0.7366679400818952, -0.0104371560877586, -49.9868, 150.885, 10484
1624.583923123131, -17.06398640828955, 255.3887909456758, 7.648882731821424, 12.417297476699126, 2.753105774349493E-6, 3.14E14, 0.6911121540685409, 0.14557644270354772, 0.023029785699636846, 0.6916101548278785, -0.09660869451880316, 2.163096659389442, 12273.72891265406, 9.364807532502241E-6, 138.76900647942844, 1.5876087668654316E-4, 0.0010523471576272302, 3.8057715436979993E-4, 39.43214034313723, -0.9099147415088287, -0.010530390573742903, -49.9874, 150.932, 10483
1713.9904532361802, -18.112547043457447, 262.29957625177735, 7.808046101870541, 15.007513305421167, 2.810700496054859E-6, 3.14E14, 0.695055889710786, 0.14678430150404112, 0.024600413671670873, 0.6899573821702156, -0.06414069430438141, 2.21982288248286, 12868.120961987988, 9.516219443506421E-6, 137.76900282543914, 1.6894742865318876E-4, 0.0010967956410499065, 4.107703499456341E-4, 39.26942177935974, -1.09164221967522, -0.010631171784483159, -49.9881, 150.9813, 10482
1808.317337116789, -19.2070931066752, 269.3992596156581, 7.972524878812644, 17.994026812030732, 2.870665810999303E-6, 3.14E14, 0.6990395854287857, 0.14802578662922666, 0.026239843360199744, 0.6895881498741493, -0.06662986679799467, 2.2707132632188776, 13494.77479664186, 9.679578049096142E-6, 137.0117709683126, 1.8000944717122018E-4, 0.0011440485568655681, 4.4331747416909227E-4, 39.118035434995186, -1.3189123729560892, -0.010459660763536252, -49.989, 151.0332, 10481
1907.8353590260995, -20.332936553046792, 276.6931500129473, 8.142454494208597, 21.4678320806136, 2.9331220298908695E-6, 3.14E14, 0.7030620444991735, 0.14930201373250712, 0.027951386545130436, 0.6897154515359104, -0.002693061567159984, 2.201475033653657, 14155.488622728457, 9.85567903561654E-6, 136.38534883889088, 1.9203582882455707E-4, 0.001194322333194258, 4.778972532825002E-4, 38.97045344629898, -1.5789995350274921, -0.010118588911929143, -49.9902, 151.0877, 10480
2012.8302054293522, -21.489251086583316, 284.18680326242963, 8.31797342097708, 25.557365809342862, 2.998195271429355E-6, 3.14E14, 0.7071218906600194, 0.1506141224844884, 0.029738488010107977, 0.6898598628829656, 0.16959076920429406, 1.968116266203359, 14852.158377823365, 1.004291428954391E-5, 135.7173526017269, 2.0512516139421295E-4, 0.001247851050243612, 5.133167446595251E-4, 38.815276914623446, -1.8519248600125633, -0.009765156072820093, -49.9917, 151.1449, 10479
2123.6032851162518, -22.67490261410422, 291.8859500559655, 8.499223297349905, 30.368648665438297, 3.0657675188940764E-6, 3.14E14, 0.7112027037516722, 0.15195833370980977, 0.03159783745779113, 0.6944880496944063, 0.015111201865410368, 2.0180152215763676, 15586.788099899828, 1.023382148786066E-5, 135.00427240967906, 2.1933464202068104E-4, 0.0013046755807239584, 5.496635399762009E-4, 38.65216827752012, -2.1382707194767128, -0.009398694471296185, -49.9936, 151.2051, 10477
2240.4725944554198, -23.888329110233506, 299.7965664927417, 8.686349054368844, 36.025502011578325, 3.1351206995697987E-6, 3.14E14, 0.7152550055511686, 0.15331934532866887, 0.033509490236140665, 0.6993582617955405, -0.15537718746173862, 2.0674246898110695, 16361.494301855912, 1.0428905686209497E-5, 134.24217751495019, 2.3458808301799017E-4, 0.0013643109138792235, 5.870022282707536E-4, 38.48078365990286, -2.4386448089627684, -0.009018392864715884, -49.9958, 151.2684, 10476
2363.773630266826, -25.127537041475872, 307.9253916740389, 8.87949904677101, 42.88450395063447, 3.206343234510502E-6, 3.14E14, 0.7192800941261668, 0.15469817062721494, 0.03547561529262519, 0.7022536099494062, -0.07803494360910891, 1.8852570606244416, 17178.513019702383, 1.0628694435803128E-5, 133.42670000550925, 2.5097482359786726E-4, 0.0014269381328010802, 6.254273014375506E-4, 38.30077436023905, -2.7536818805653844, -0.008623260892060081, -49.9985, 151.3348, 10475
2493.8603529327775, -26.38668300760642, 316.2846483369507, 9.078825187125211, 53.218991844815065, 3.2795274677083875E-6, 3.14E14, 0.723279141576375, 0.15609584223603276, 0.03749847515911839, 0.7048005293262251, -0.1396126738118311, 1.8886558819196126, 18040.21275940233, 1.0833736280086153E-5, 132.55819211787903, 2.6859345100733523E-4, 0.0014927520146155902, 6.658992791410367E-4, 38.1123924899778, -3.0870325879280873, -0.008186460413460805, -50.0017, 151.4045, 10474
2631.106202512273, -27.6584944713677, 324.88167296509664, 9.284483083098047, 66.53118116583819, 3.354769975883977E-6, 3.14E14, 0.7272532034823593, 0.15751341548678102, 0.03958043183142876, 0.7050595582030743, -0.10796376243250319, 1.864299001945512, 18949.095987600456, 1.104459929225156E-5, 131.64080633485412, 2.875518775719872E-4, 0.0015619618228071574, 7.086065521765244E-4, 37.91573011741365, -3.4389566863196945, -0.007704631636851652, -50.0056, 151.4778, 10472
2775.9051707756776, -28.937200761273928, 333.72650173306323, 9.49663217774599, 83.17606515191909, 3.432171093020899E-6, 3.14E14, 0.7312031871166895, 0.15895195696578152, 0.041723930756409955, 0.7022743386582627, 0.11982326661889343, 1.709382146411213, 19907.80267935268, 1.1351825013811694E-5, 130.67074180026762, 3.0796813053595356E-4, 0.0016347919021961325, 7.528319386128727E-4, 37.71023717652772, -3.807388336953864, -0.0071960391470432036, -50.01, 151.5547, 10471
2928.6729322372157, -30.217159713974784, 342.83146290397485, 9.715435892747633, 103.8283978011666, 3.5211601739969583E-6, 3.14E14, 0.7355806253284981, 0.160582227089651, 0.04418998105742106, 0.700053611211301, 0.04455483145451251, 1.9170297697987555, 20919.131514844514, 1.1648540794742396E-5, 129.64633283273653, 3.326077354031565E-4, 0.0017205839118100217, 7.986676832218907E-4, 37.49579896335957, -4.1928022979903075, -0.006657798015412739, -50.0153, 151.6354, 10470
3089.848037432131, -31.489752630124688, 352.2111046037022, 9.941061774508565, 129.26283162052295, 3.6107257326271895E-6, 3.14E14, 0.7398191128407876, 0.16219865306001355, 0.04667312614900257, 0.6979994209441491, 0.02669200935565726, 2.0670984476032763, 21986.04653061037, 1.1935811169594968E-5, 128.56629784051788, 3.5870706846617717E-4, 0.0018091438530354366, 8.461936637128649E-4, 37.27235866317145, -4.595636524986665, -0.006086488379068979, -50.0214, 151.72, 10469
3259.8931718640592, -32.74448583729477, 361.88490261480547, 10.17368164308963, 160.7487668968758, 3.7010288463151065E-6, 3.14E14, 0.7439321940813555, 0.16380472982084687, 0.04917722851685319, 0.697894509129735, -0.06331730567718175, 2.2372342203788484, 23111.689319523754, 1.221478964836402E-5, 127.42972388020507, 3.86376731142595E-4, 0.001900680394839345, 8.954785452811566E-4, 37.03992987119034, -5.016281154930784, -0.005478056837869866, -50.0284, 151.8088, 10467
3439.296484236674, -33.96859191562805, 371.8735846164292, 10.413471743927486, 199.14554910576143, 3.7922358285089535E-6, 3.14E14, 0.747932200891024, 0.16540385057032006, 0.05170633429658392, 0.6978804024109798, 0.04205758795250797, 2.1304066671976982, 24299.392574935322, 1.2486706491184287E-5, 126.2370081532092, 4.157418768747409E-4, 0.00199542502625315, 9.465749195101767E-4, 36.798597309001984, -5.4549129115263115, -0.004827693558897015, -50.0365, 151.9019, 10466
3628.572987782564, -35.14654614470584, 382.18826665621907, 10.660612902334158, 243.64119439420918, 3.884518698319991E-6, 3.14E14, 0.7518303816249398, 0.16699932445721138, 0.054264673508325284, 0.7001200800034778, 0.05531389066184993, 2.037986187315818, 25552.69517938146, 1.2752892092163286E-5, 124.99900295984806, 4.4695314856583735E-4, 0.0020936325623215537, 9.995129064265936E-4, 36.54834146179679, -5.909452535412927, -0.004129734498724319, -50.0458, 151.9996, 10465
3828.266038712128, -36.19550268868127, 392.7869519274528, 10.915290680779492, 287.3777131845005, 3.978059204996001E-6, 3.14E14, 0.7556371529863536, 0.16859445238187398, 0.0568567599763071, 0.7043354652608744, -0.08889085984651297, 2.0605328838446595, 26873.99582804704, 1.3014485647564487E-5, 127.56941415709734, 4.8017571854153053E-4, 0.0021955930402057897, 0.0010107817043821241, 36.40484141847483, -6.297665749073333, -0.0030571671756196976, -50.0564, 152.1019, 10464
4038.9488960266885, -37.067081803655185, 403.71202990431055, 11.17769553897709, 335.41990827519595, 4.072951082190729E-6, 3.14E14, 0.7593583867690573, 0.17019089536170784, 0.059484674353260075, 0.7071475293660208, 0.0034210227106270708, 1.8564388136452867, 28268.0390873021, 1.3273157821849547E-5, 130.339967360435, 5.155311818993888E-4, 0.0023015155835858702, 0.0010213880418493448, 36.256046302311326, -6.700961912736754, -0.0018353358234414793, -50.0683, 152.2095, 10463
4261.226367173563, -37.70105424958538, 414.97675647440263, 11.448022996810122, 388.291429143992, 4.169456269167283E-6, 3.14E14, 0.7630056405176695, 0.17179300865284342, 0.06215515231938293, 0.7092556200272924, -0.011350381342250516, 1.8170315744096373, 29738.8796849977, 1.352214838324582E-5, 133.31757513005843, 5.532361155988392E-4, 0.002411816827995823, 0.001031168602210966, 36.10149166380804, -7.119636347730268, -4.4029422123446844E-4, -50.0817, 152.3225, 10462
4495.736544267287, -38.02202858863525, 426.5972467465116, 11.726473800148481, 446.7415748542546, 4.2669040441493205E-6, 3.14E14, 0.766555708505586, 0.1733897461168537, 0.06484913821649585, 0.7094147940707927, -0.041935543640625454, 1.8736581090962956, 31290.78609049178, 1.376103123020063E-5, 136.52703042164407, 5.931422535094594E-4, 0.002525841669882073, 0.0010397095457149997, 35.94120228970089, -7.55353118853235, 0.0011571702462508905, -50.0968, 152.4414, 10462
4743.152635861162, -37.93605768880226, 438.59488110823315, 12.013254089622974, 511.9168755159548, 4.365278207867815E-6, 3.14E14, 0.7700114676106746, 0.17498114932212255, 0.06756572984731993, 0.7074934598197544, 0.05142854257044437, 1.8727756046809696, 32928.25074709774, 1.3990075892995432E-5, 139.99688409261668, 6.353395979703986E-4, 0.0026436598988080233, 0.0010464955639793744, 35.77525633453657, -8.002337943483854, 0.002991126607822087, -50.1136, 152.5662, 10462
5004.184899527585, -37.32629528397951, 450.9997836792676, 12.308575572435512, 585.5722236275118, 4.4646321902309356E-6, 3.14E14, 0.7733780431023705, 0.1765683658429338, 0.07030596453943375, 0.7058610746944289, 0.034633673535390354, 2.006143757323975, 34655.99318335046, 1.4209423213421636E-5, 143.7599051382377, 6.79950705088711E-4, 0.0027654307061613977, 0.001050891870827259, 35.603796549226644, -8.465567913670458, 0.0051013347327487175, -50.1324, 152.6974, 10463
5279.582680795034, -36.047593060369735, 463.7543809957595, 12.612655697296756, 661.851601482518, 4.565002737725335E-6, 3.14E14, 0.7766596302236708, 0.17815222797754646, 0.07307042912262643, 0.7053820575546972, -0.03982624378856103, 2.1695225637700757, 36478.95917203445, 1.4419055071264428E-5, 147.85359146988242, 7.27096143102414E-4, 0.0028913041776725363, 0.0010521244989209447, 35.427043404793174, -8.942516247106468, 0.007534279209763884, -50.1534, 152.8352, 10464
5570.136564294876, -33.91977978758022, 476.6354384031659, 12.925717832594183, 722.2888553586542, 4.66640600521264E-6, 3.14E14, 0.7798595001299963, 0.1797332113678304, 0.07585915319617612, 0.7059110510580648, -0.0675965620782241, 2.2204299747177143, 38402.31468070284, 1.4618752737113997E-5, 152.32080325715228, 7.768909645277701E-4, 0.0030214161042726685, 0.0010492594266156617, 35.24530940780577, -9.432207970540402, 0.010344481053628962, -50.1767, 152.98, 10466
5876.6806432933, -30.157873740084582, 489.6858767095119, 13.247991447904264, 770.6920473961502, 4.768831931697588E-6, 3.14E14, 0.7829799643928738, 0.181311369821331, 0.0786714574532037, 0.7068781116691356, 0.04625573063158345, 2.056211383537471, 40431.30235323938, 1.4807603004147724E-5, 155.0513785407696, 8.294303617106517E-4, 0.0031559436095709528, 0.0010399024196408235, 35.13522049545581, -9.690170805260758, 0.015427500339142334, -50.2028, 153.132, 10470
6200.094914123526, -24.57030473817629, 502.96910904231737, 13.579712298972355, 811.4249774788524, 4.872183167742304E-6, 3.14E14, 0.7860207547385721, 0.18288543448317662, 0.081504286250218, 0.7096007329281995, 0.012424180955330563, 1.9918608918836536, 42571.18916904283, 1.4984243460122789E-5, 157.6185039241467, 8.84753100844415E-4, 0.003294891872187463, 0.001020690221758656, 35.03175020596655, -9.915642521492165, 0.020571035073693338, -50.231, 153.292, 10475
6541.307802391985, -23.848996403773587, 513.2448980547516, 13.921122616292985, 472.82458456272104, 4.976297203254256E-6, 3.14E14, 0.7889800674134049, 0.18445321874130366, 0.08435283424118051, 0.7125830872725109, -0.06765107429248277, 1.9725708354778406, 44801.859056425055, 1.5150440507853668E-5, 166.47597577459544, 9.357829788202663E-4, 0.003437305015285906, 7.706839296956013E-4, 33.94109919414867, -12.892238146807557, 0.005551167963675331, -50.2614, 153.4557, 10476
6901.298828210451, -22.119868503800518, 527.3201735163705, 14.272471297431624, 522.2303965702322, 5.080384019545111E-6, 3.14E14, 0.7918396404072738, 0.18600333747389453, 0.087195223783126, 0.7141896841441464, -0.0027054081462952197, 1.8524915760833256, 47184.57605125107, 1.5312478901332858E-5, 166.96319890774362, 9.963102310785025E-4, 0.003582828220336058, 7.856235845419648E-4, 33.842947173362184, -13.1930167017047, 0.008385854544328324, -50.3032, 153.6281, 10478
7281.101418105207, -18.911884663348594, 541.6792859001661, 14.634014103236751, 558.6125449678186, 5.1872593582450615E-6, 3.14E14, 0.7946780555108267, 0.18757772491256824, 0.09010793466966166, 0.7147618402562301, -0.05556755381548759, 1.9175121109248336, 49698.7892169028, 1.54670370932835E-5, 167.73641877469223, 0.0010611161767246032, 0.0037355950447233405, 7.956100679448095E-4, 33.7423973660148, -13.499388541337042, 0.012181607398265322, -50.3483, 153.8096, 10481
7681.8058716754085, -13.604827706137925, 556.1628824129332, 15.006013858098123, 553.5383823488731, 5.295501407586712E-6, 3.14E14, 0.7974568763045, 0.18915510304799216, 0.09305169365930532, 0.7137309978373123, 0.024434711957464897, 1.9105676591589493, 52351.13084517431, 1.561225315973748E-5, 168.8469112980499, 0.0011295203274185777, 0.0038938782343647073, 7.975120933453163E-4, 33.64084420960485, -13.810819562877407, 0.017137439618202407, -50.397, 154.0007, 10486
8104.562491517012, -4.523595336491219, 570.4980241358871, 15.3887406544137, 432.2555076485051, 5.404887516670934E-6, 3.14E14, 0.8001719564570781, 0.19073229421599053, 0.09602006124365586, 0.712475651498815, 0.06736153545041373, 1.965035358036753, 55143.738155074316, 1.5744559877503903E-5, 168.99096830210019, 0.001201549656534139, 0.004057755541629953, 7.642780954188224E-4, 33.70046777780673, -13.765734698642458, 0.025537400779022914, -50.4495, 154.202, 10495
8550.584885397358, 8.054885921139896, 585.1972085843661, 15.782472061433737, 191.4629439358271, 5.514824361363163E-6, 3.14E14, 0.8028110996282488, 0.192300991683306, 0.09899663326128683, 0.7120640380327468, 0.04453158813361066, 2.062048365481141, 58086.0630904459, 1.5860563224804808E-5, 169.1906544314458, 0.0012769165368118924, 0.00422645252923322, 7.132418664067539E-4, 33.75622973014369, -13.702690748991731, 0.03242596275453841, -50.5048, 154.415, 10508
9021.153450159969, 23.687000480793053, 600.9021025583202, 16.18749333865617, -9.996062382619224, 5.624962419107954E-6, 3.14E14, 0.8053694367490198, 0.19385664955130438, 0.10197174134449205, 0.7125363011640544, 0.045354471267995654, 2.078351461808823, 61185.445974825576, 1.5957303068475857E-5, 169.439082234601, 0.0013554868239741644, 0.004399473338717658, 6.43707409284734E-4, 33.80464195034306, -13.62059344234513, 0.037616585539633894, -50.5628, 154.6403, 10524
9517.619047360782, 41.70022834259605, 617.3252532814952, 16.604097653952635, -175.7335525935205, 5.734892970178622E-6, 3.14E14, 0.8078416345826703, 0.19539407093825803, 0.1049342256504188, 0.7142040904547149, -0.017445765676422188, 2.096815224917725, 64450.31244096532, 1.6032722826820136E-5, 169.72570979739558, 0.0014370413375004525, 0.004576137158903181, 5.563024072325739E-4, 33.84244310670246, -13.520252647709519, 0.040856047207937896, -50.6236, 154.8786, 10542
10041.40688118751, 59.12521448230161, 634.5078780396218, 17.032586306609364, -392.6949926290515, 5.844314068862583E-6, 3.14E14, 0.8102255486842991, 0.19690971931283474, 0.10787591284066073, 0.7161299975179288, 0.006146552323573662, 1.992196939891008, 67890.9400508432, 1.6087431441863552E-5, 170.00337393747566, 0.0015214775525227396, 0.00475546905819588, 4.546872520395772E-4, 33.87055384858559, -13.257539471331823, 0.03801968757309361, -50.6874, 155.1307, 10559
10594.02058979444, 83.77486105380913, 651.1786349084762, 17.47326895547188, -91.00403685830796, 5.95327054975189E-6, 3.14E14, 0.8125267459759449, 0.19840491142349068, 0.11079801110747337, 0.7180664208945505, 0.0461264468674103, 1.8736193656868803, 71534.56459869868, 1.611751535221683E-5, 170.39664082079213, 0.0015970673323891555, 0.004938907229868973, 4.2053655887762956E-4, 33.897652031280145, -15.396821145163848, 0.04954000061204452, -50.7533, 155.3958, 10584
11177.046561797692, 107.82152475078912, 669.0681425207556, 17.92646385238673, -283.80708404975167, 6.0616955431831035E-6, 3.14E14, 0.8147481080117167, 0.1998793878794075, 0.11369874486508202, 0.7195116221400851, 0.03241897824861812, 1.845735961690077, 75368.87721092204, 1.6124506809740612E-5, 170.78108661260637, 0.0016866252664985534, 0.005124980172832846, 3.4529273019509083E-4, 34.0312714460916, -15.04595519558766, 0.04636503095240413, -50.8341, 155.677, 10608
11792.158490322285, 130.1031346398282, 687.8339760856251, 18.39249808113778, -550.4819960970603, 6.169011850426931E-6, 3.14E14, 0.816882387274402, 0.20132603333180657, 0.1165627646427689, 0.7200444611778207, -0.02282898109951941, 1.9115609665991666, 79412.02974238439, 1.611155759112138E-5, 171.1379566349884, 0.0017786777336827372, 0.0053124116965425185, 2.588973353434323E-4, 34.158179443887256, -14.677952511166982, 0.04153171924815006, -50.9174, 155.9754, 10630
12441.122177674335, 148.5240035722854, 708.1494338504461, 18.871707802078763, -980.473519755323, 6.275727112042559E-6, 3.14E14, 0.8189440037879977, 0.20275239433147174, 0.11940372746630934, 0.7197156825182333, -0.008401996738997013, 1.9513644674350532, 83675.54619653286, 1.6083139254507748E-5, 171.4334383422157, 0.0018736847934588258, 0.0055015328364503265, 1.43809474022616E-4, 34.26797320527356, -14.039337252425122, 0.033882849367950725, -51.0031, 156.292, 10649
13125.800604431153, 161.6124473771566, 730.5742598585429, 19.364438502667525, -1544.37209007449, 6.382329700831996E-6, 3.14E14, 0.820945604518699, 0.20416549586643656, 0.12223465411491935, 0.7191984008956308, -0.008263601823648539, 2.023974396976103, 88181.29122885657, 1.6044534453605162E-5, 171.64365194958287, 0.0019722393737018934, 0.005692773971656529, 1.9542263949960626E-5, 34.32740917059725, -13.250105945435124, 0.024806215070714826, -51.0896, 156.6275, 10662
13848.159277501076, 169.3452112134709, 755.2532279152226, 19.871045254111714, -2194.5763410082886, 6.4896902309442234E-6, 3.14E14, 0.8229054914007495, 0.20557713160504207, 0.12507855547856725, 0.7188918321497475, 0.018190860430893574, 2.0583006183624386, 92947.48286248819, 1.600092926971589E-5, 171.76797727726853, 0.0020753037636364415, 0.005887589109196808, -8.323530724649891E-5, 34.320486329011395, -12.45694770746777, 0.016590788399612397, -51.1757, 156.9824, 10669
14610.271872505724, 187.58759896107298, 769.820637763089, 20.391892974339253, -1578.0171346461966, 6.598578517810721E-6, 3.14E14, 0.8248383372516355, 0.2069974064770782, 0.1279555531335727, 0.7193656551671275, -0.03991183264561491, 2.14048331037813, 97968.1270176221, 1.5946623799255065E-5, 172.06117783730193, 0.0021676684742508077, 0.006090919983376726, -1.0475596467674282E-5, 35.554047980512465, -12.989805171718878, 0.030023422749328506, -51.2612, 157.3695, 10688
15414.326186682274, 206.20657422860174, 793.436518928114, 20.92735669751111, -2045.9367119878332, 6.70770509653452E-6, 3.14E14, 0.8267222366308224, 0.20840956346474876, 0.1308313617593443, 0.7201896980515253, 0.012745265869280738, 2.0662029547220566, 103274.47172150992, 1.5879013971508288E-5, 172.36110810367438, 0.0022786088344188397, 0.006298384784214997, -8.453703198108257E-5, 35.65190985718239, -11.9227966399067, 0.02945041292506068, -51.3552, 157.7801, 10706
16262.630419394738, 223.44525225972245, 817.1441961932545, 21.477821850297694, -2424.9788112341457, 6.81702594638417E-6, 3.14E14, 0.8285583302080917, 0.20981329383725295, 0.13370474564167661, 0.7216019081020684, 0.026983569249222263, 1.9960618450870646, 108876.5968619733, 1.5799566738710627E-5, 172.6392071998303, 0.0023935194282514523, 0.006509511974826309, -1.2940080785529194E-4, 35.64802342629287, -10.775042803228745, 0.026826696576264346, -51.4462, 158.2151, 10723
17157.619798283726, 237.14018672066857, 839.4916825362453, 22.04368453514434, -2576.7572227426926, 6.926534703666052E-6, 3.14E14, 0.8303483495014689, 0.21120877184706624, 0.13657547117915944, 0.7232071311436034, 0.0072954530801861775, 1.9505554940246723, 114777.82352544424, 1.5714098872200648E-5, 172.8604124988031, 0.0025126087940809836, 0.006723741928634728, -1.2340930411615974E-4, 35.53766318713309, -9.534056025178288, 0.02202211380902783, -51.533, 158.6746, 10737
18101.863570076388, 246.85680530461536, 859.6793754585103, 22.62535182075544, -2379.5018717204116, 7.036746916978E-6, 3.14E14, 0.8321021394409878, 0.21260273900672857, 0.13945693726994987, 0.7245387090293754, 0.011470875221019828, 1.899107247577515, 120991.55013291442, 1.5625256576248305E-5, 173.01749071769353, 0.0026366210898517853, 0.006941916526698266, -6.250812733557038E-5, 35.32748712040358, -8.287478424549894, 0.017229786000941487, -51.614, 159.1585, 10747
19098.07237612505, 253.13263906851796, 876.7607739703046, 23.22324204003102, -1357.0258862599935, 7.147982964201227E-6, 3.14E14, 0.8338256275324003, 0.21399929473606238, 0.14235731856182543, 0.7253093700166032, 5.457029668635453E-4, 1.8996537594707423, 127565.5373190097, 1.5534516169703358E-5, 173.11904321133443, 0.0027659260930746297, 0.0071647940987365506, 8.888840494793005E-5, 34.964522849937126, -7.038790164943393, 0.013462842409033383, -51.6883, 159.6668, 10753
20149.106033847514, 278.1947042198281, 898.4728629098183, 23.837785095693892, -669.947118966771, 7.261056353906642E-6, 3.14E14, 0.8355315348204678, 0.21540854191754127, 0.14529750442804096, 0.7254936682679405, -0.024271231283501973, 1.9544887271496934, 134508.49713388036, 1.5430102566467702E-5, 173.5243845269086, 0.0028794548632270333, 0.0074001411198288975, 1.2323393501694092E-4, 37.252942657593444, -7.146721477469916, 0.03123842509803331, -51.7549, 160.2364, 10778
21257.981746407222, 293.2686229087574, 922.3748515029818, 24.469422773850063, 313.9699098555625, 7.3738724382113805E-6, 3.14E14, 0.8371891404228242, 0.2168044384251207, 0.14822284470031444, 0.7253175531984032, 0.004075174422726852, 1.981825874399065, 141869.95442018035, 1.531510977707848E-5, 173.768809489178, 0.00301760917006371, 0.007636158857292084, 1.9791313473010308E-4, 36.97148803834309, -6.208130368058973, 0.02122575744128546, -51.8262, 160.8356, 10793
22427.882764200782, 295.80525660744576, 952.3775823940288, 25.118609065729746, 2139.7484853754863, 7.487318200731437E-6, 3.14E14, 0.838813030816417, 0.218198180906104, 0.1511562873080099, 0.7251843424936125, 0.024613744852461986, 2.0181152463682808, 149750.26358124486, 1.5198237331703351E-5, 173.8100335368946, 0.0031619748391324572, 0.007873672124315183, 3.266757499495872E-4, 36.63298165689922, -5.472360639455683, 0.010041174694763002, -51.8915, 161.4637, 10796
23662.16752301744, 287.1421282008253, 999.8716509219266, 25.785810497861128, 5143.050572556556, 7.6040164638121425E-6, 3.14E14, 0.8404402984184098, 0.21962175055326372, 0.15416521654218657, 0.7254548685882454, -0.0057270648869548945, 2.082718745607809, 158318.70999137178, 1.5079902106119542E-5, 173.66959091836628, 0.003316198967231958, 0.008118411247590605, 5.023628012009153E-4, 36.256791536939396, -4.847209049054648, 0.0011022811738177355, -51.9523, 162.1212, 10787
24964.379285103387, 282.8930639774295, 1103.0475412882056, 26.471506470934056, 10703.380071740712, 7.726207439250244E-6, 3.14E14, 0.8420991068035543, 0.2211016045253759, 0.157306397891276, 0.7261610693146652, 0.0237009743702167, 2.0485064111827778, 168237.45666992583, 1.4929490616005486E-5, 173.59559616011882, 0.00348223471128381, 0.008380099518483498, 8.021535604261764E-4, 35.83422630796331, -4.496871980322975, 0.005118461953378277, -52.0091, 162.8083, 10783
26338.25631080753, 296.9399366432108, 1268.288963903861, 27.17618960761615, 17533.014148755483, 7.857999631978398E-6, 3.14E14, 0.8438387401142271, 0.22268578119329008, 0.16068364734763818, 0.7274401203192479, 0.01668109098369274, 2.009850642353786, 180192.84451784217, 1.4660079160445438E-5, 173.17314210937485, 0.003664801281453106, 0.00867295859595683, 0.0011631093331577742, 35.689568650656646, -4.5046439070402835, 0.018892687820970287, -52.0647, 163.525, 10797
27787.742590008475, 319.3347365853396, 1469.3313629355064, 27.900366109589076, 24729.69923829358, 7.991237930064536E-6, 3.14E14, 0.8455474553947319, 0.22427507673455, 0.16408660835552125, 0.7289163712774618, 0.023763690075504697, 1.9416077270838024, 194419.6151074064, 1.4416866494508015E-5, 171.04968184743188, 0.003854732982490759, 0.008977043171562617, 0.001510574600251729, 35.78691912023197, -4.69379759429981, 0.024419728588544496, -52.1235, 164.2788, 10819
29316.999164129425, 327.23265363986786, 1661.2058113333148, 28.644556124078537, 31252.00932794044, 8.150665956976583E-6, 3.14E14, 0.8475290055194862, 0.22616104607936832, 0.16814347411937747, 0.7303194675766473, 0.016378310675980893, 1.9034054232310715, 210087.0082447511, 1.4065286461460496E-5, 165.27053778350339, 0.004092265428119941, 0.009341554728217958, 0.0017676112593968127, 36.07671447542621, -4.89743031020544, 0.014503353305295919, -52.1881, 165.0773, 10827
30930.416071243133, 320.0841251032621, 1305.698688519418, 29.40929412015734, 17414.506991332633, 8.295426163100886E-6, 3.14E14, 0.8492715343786398, 0.2278591054238431, 0.1718129522215653, 0.7308910445385566, -0.03118168601385796, 1.9610172924432994, 209645.12311646112, 1.4076611510044193E-5, 167.0693189042411, 0.004286687584165814, 0.00967373675647994, 8.363161991452363E-4, 40.054290908423226, -3.8163676674337017, 0.005245646858068395, -52.2592, 166.0116, 10820
32632.624948557714, 289.60209698833495, 1435.6230480235718, 30.195129275106897, 22731.336012966796, 8.291830307756394E-6, 3.14E14, 0.8492288826107632, 0.22781708807222997, 0.17172196509103252, 0.7308934073047447, -0.021449076305687504, 1.9504478693711766, 223284.84047846185, 1.3559702826036241E-5, 157.6452687032319, 0.004288315324890906, 0.009654400114588409, 9.773404597718273E-4, 40.632881811464614, -3.6158354939749184, -0.008241985122751903, -52.3177, 167.01, 10790
34428.512328461286, 232.33053098623805, 1505.9484712263254, 31.002625871129016, 25339.058634435693, 8.362945104405939E-6, 3.14E14, 0.8500665502702467, 0.22864654394357234, 0.17351986509290243, 0.7310236837363834, 0.017380039662728053, 1.932490792113692, 237301.54005660664, 1.287413953358271E-5, 146.05561106564087, 0.0044103336858739494, 0.00979986116909071, 0.001045331970206091, 41.2220796806779, -3.4090082900698513, -0.022069687519716632, -52.3761, 168.0801, 10732
36323.23366629442, 163.7072322417801, 1472.0140147121776, 31.832363702706353, 23290.787684586943, 8.388076169735465E-6, 3.14E14, 0.8503596527240932, 0.2289389039895848, 0.1741544437025175, 0.7310191178709113, -0.016342279366739584, 1.9753660447949761, 251630.4598707175, 1.2093990244819768E-5, 129.86380013829995, 0.004462351803365593, 0.00983385237441296, 0.0010646220176093808, 42.00115292618541, -3.5752197782901995, -0.026359300677444023, -52.4342, 169.2272, 10664
38322.228140119914, 88.1319048174763, 1400.9436821088389, 32.68493849491655, 18552.566891894523, 8.37722894087537E-6, 3.14E14, 0.8502333272688652, 0.2288127620573648, 0.17388059261003055, 0.7310091373613968, -0.02371565332825321, 1.9787005195710372, 269211.99846996885, 1.1246285500693588E-5, 107.49491686158528, 0.0044579725629725585, 0.009781152736305025, 0.0011757363884692604, 42.961814306718544, -4.089010049390566, -0.02799823642510671, -52.4985, 170.4623, 10588
40431.23426497561, 34.55760952965808, 1348.7624073196046, 33.560962333012505, 13053.344034963737, 8.362907274118391E-6, 3.14E14, 0.8500661079170688, 0.2286461035508096, 0.1735189095436272, 0.7309991365933115, -0.02496704826568776, 1.9748246721673535, 269211.99846996885, 1.1246285500693588E-5, 96.79809341418553, 0.004445552716858531, 0.009728572459583171, 5.663390013903915E-4, 43.95596124412619, -4.777649423810921, -0.015654888986545077, -52.5761, 171.7963, 10535
