Lambda eta1_abs eta2_abs xi1_abs xi2_abs
Plates
0.55 0.14677E+00 0.19160E+01 0.35195E+00 0.99990E+00
1.35 0.47742E+02 0.65393E-02 0.14220E+00 0.95981E+00
2.25 0.94834E+01 0.26628E-01 0.22255E+00 0.77564E+00
2.75 0.27094E+01 0.47334E+00 0.16792E-02 0.55632E+00
3.0125 0.14044E+01 0.57591E-01 0.23544E+00 0.37456E-01
3.775 0.48187E+01 0.35216E+00 0.16117E-01 0.59088E+00
4.5 0.49015E+00 0.28564E+01 0.53851E-01 0.61923E+00
Columns
0.55 0.27215E-01 0.23241E+01 0.25201E+00 0.90977E+00
1.35 0.10476E+02 0.12044E+00 0.79766E+00 0.18274E+00
2.25 0.30199E+01 0.53832E-01 0.36157E+00 0.15646E+00
2.75 0.93271E+00 0.19525E+01 0.28433E-01 0.36587E+00
3.0125 0.13588E+00 0.11045E+01 0.23657E+00 0.93931E+00
3.775 0.19785E+01 0.39974E+00 0.67542E-01 0.53371E-01
4.5 0.23830E+01 0.12209E+01 0.69210E-01 0.46477E+00
Hollow Columns
0.55 0.15338E+00 0.16933E+01 0.69737E-01 0.96468E+00
1.35 0.17644E+02 0.13025E+00 0.87710E+00 0.18042E+00
2.25 0.37956E+01 0.96097E-02 0.42420E-01 0.54575E+00
2.75 0.47225E+00 0.18236E+01 0.59386E-01 0.64645E+00
3.0125 0.11689E+01 0.89549E-01 0.22755E+00 0.89511E-01
3.775 0.28051E+00 0.23962E+01 0.85165E-01 0.79364E+00
4.5 0.18801E+01 0.13324E+00 0.86493E-01 0.47555E-01
Planar Bullet Rosettes
0.55 0.70005E-01 0.20620E+01 0.17583E+00 0.88977E+00
1.35 0.21529E+01 0.82181E+01 0.80331E+00 0.99990E+00
2.25 0.44207E+01 0.81683E+00 0.12229E+00 0.74298E+00
2.75 0.22718E+01 0.83837E+00 0.33559E-01 0.65592E+00
3.0125 0.10761E+01 0.74902E+01 0.22731E+00 0.88964E-01
3.775 0.34286E+01 0.88794E+00 0.71067E-01 0.55932E+00
4.5 0.25886E+01 0.86089E+00 0.63585E-01 0.42314E+00
Spatial Bullet Rosettes
0.55 0.26821E-01 0.18551E+01 0.26124E-01 0.96730E+00
1.35 0.18964E+01 0.17429E+01 0.21235E-01 0.99128E+00
2.25 0.17673E+01 0.26111E+01 0.38069E+00 0.99990E+00
2.75 0.97388E+01 0.12102E+01 0.51606E-05 0.97168E+00
3.0125 0.78596E+00 0.44995E+01 0.19630E+00 0.34904E+00
3.775 0.30318E+01 0.86922E+00 0.94429E-01 0.47765E+00
4.5 0.25339E+01 0.84822E+00 0.80553E-01 0.40557E+00
Aggregates
0.55 0.52692E-01 0.19355E+01 0.83602E-01 0.92048E+00
1.35 0.78907E+01 0.21663E+01 0.26855E+00 0.99990E+00
2.25 0.50082E+01 0.15435E+01 0.13130E+00 0.93947E+00
2.75 0.93893E+00 0.23266E+01 0.33039E-01 0.26597E+00
3.0125 0.11653E+01 0.74693E-01 0.21857E+00 0.24773E-01
3.775 0.25572E+01 0.10176E+01 0.64032E-01 0.44448E+00
4.5 0.23634E+01 0.93883E+00 0.58390E-01 0.40609E+00