lambda eta1_ext eta2_ext beta1 beta2 alpha xi_ext
Plates
0.55 0.41890E-01 0.40439E+01 0.22722E+00 0.31234E-01 -0.40750E+01 0.82755E+00
1.35 0.10618E+01 0.52182E+00 0.97072E-01 0.47273E-01 0.76868E-03 0.14893E+00
2.25 0.12866E+01 0.50738E+00 0.39303E-01 0.19075E-01 -0.21648E+01 0.13132E+00
2.75 0.14324E+01 0.74296E+00 0.14501E+00 0.20455E+00 0.21712E+00 0.42856E+00
3.0125 0.14521E+01 0.10774E+00 0.14127E+01 0.13939E+01 -0.59832E+01 0.72604E-01
3.775 0.98633E+0 0.53963E+00 0.21786E+00 0.59807E-01 0.29540E+01 0.20277E+00
4.5 0.12389E+01 0.50363E+00 0.16522E+00 0.58000E-01 0.29697E+01 0.77213E-01
Columns (wrong)
0.55 0.24717E+00 0.25710E+00 0.11233E+01 0.10565E+00 0.52115E+01 0.69588E-01
1.35 0.11281E+01 0.45546E+00 0.13901E+01 0.37845E+00 0.37295E+01 0.51843E+00
2.25 0.71770E+00 0.18175E+01 0.93101E+00 0.10267E+00 -0.11705E+01 0.34331E+00
2.75 0.27673E+00 0.17398E+01 0.67365E+00 0.28731E+00 -0.52950E+00 0.72319E+00
3.0125 0.48118E-01 0.22686E+01 0.14929E+01 0.12544E+01 -0.91089E+00 0.85875E+00
3.775 0.39444E+00 0.84808E+01 0.11214E+01 0.26809E-01 0.56010E+01 0.44781E+00
4.5 0.34626E+00 0.46920E+01 0.76910E+00 0.13720E+00 -0.28792E+01 0.53933E+00
Hollow Columns
0.55 0.24717E+00 0.25710E+00 0.11233E+01 0.10565E+00 0.52115E+01 0.69588E-01
1.35 0.11281E+01 0.45546E+00 0.13901E+01 0.37845E+00 0.37295E+01 0.51843E+00
2.25 0.71770E+00 0.18175E+01 0.93101E+00 0.10267E+00 -0.11705E+01 0.34331E+00
2.75 0.27673E+00 0.17398E+01 0.67365E+00 0.28731E+00 -0.52950E+00 0.72319E+00
3.0125 0.48118E-01 0.22686E+01 0.14929E+01 0.12544E+01 -0.91089E+00 0.85875E+00
3.775 0.39444E+00 0.84808E+01 0.11214E+01 0.26809E-01 0.56010E+01 0.44781E+00
4.5 0.34626E+00 0.46920E+01 0.76910E+00 0.13720E+00 -0.28792E+01 0.53933E+00
Planar Bullet Rosettes (wrong)
0.55 0.24717E+00 0.25710E+00 0.11233E+01 0.10565E+00 0.52115E+01 0.69588E-01
1.35 0.11281E+01 0.45546E+00 0.13901E+01 0.37845E+00 0.37295E+01 0.51843E+00
2.25 0.71770E+00 0.18175E+01 0.93101E+00 0.10267E+00 -0.11705E+01 0.34331E+00
2.75 0.27673E+00 0.17398E+01 0.67365E+00 0.28731E+00 -0.52950E+00 0.72319E+00
3.0125 0.48118E-01 0.22686E+01 0.14929E+01 0.12544E+01 -0.91089E+00 0.85875E+00
3.775 0.39444E+00 0.84808E+01 0.11214E+01 0.26809E-01 0.56010E+01 0.44781E+00
4.5 0.34626E+00 0.46920E+01 0.76910E+00 0.13720E+00 -0.28792E+01 0.53933E+00
Spatial Bullet Rosettes
0.55 0.19639E+00 0.14100E+00 0.13262E+01 0.59117E+00 0.28365E+01 0.30732E+00
1.35 0.10060E+01 0.11566E+01 0.40929E+00 0.88402E-01 -0.16874E+00 0.32115E+00
2.25 0.17752E+00 0.11748E+01 0.13237E+01 0.19574E+00 0.61616E+01 0.73168E+00
2.75 0.22439E+00 0.10798E+01 0.62315E+00 0.34127E+00 0.62296E+01 0.93440E+00
3.0125 0.10521E+01 0.44727E-01 0.14357E+01 0.14705E+01 -0.10941E+01 0.67347E-01
3.775 0.10495E+01 0.11576E+01 0.26206E+00 0.12201E+00 -0.15485E+00 0.37465E+00
4.5 0.29168E+00 0.11604E+01 0.11522E+01 0.29101E+00 -0.19831E+00 0.83287E+00
Aggregates (wrong)
0.55 0.24717E+00 0.25710E+00 0.11233E+01 0.10565E+00 0.52115E+01 0.69588E-01
1.35 0.11281E+01 0.45546E+00 0.13901E+01 0.37845E+00 0.37295E+01 0.51843E+00
2.25 0.71770E+00 0.18175E+01 0.93101E+00 0.10267E+00 -0.11705E+01 0.34331E+00
2.75 0.27673E+00 0.17398E+01 0.67365E+00 0.28731E+00 -0.52950E+00 0.72319E+00
3.0125 0.48118E-01 0.22686E+01 0.14929E+01 0.12544E+01 -0.91089E+00 0.85875E+00
3.775 0.39444E+00 0.84808E+01 0.11214E+01 0.26809E-01 0.56010E+01 0.44781E+00
4.5 0.34626E+00 0.46920E+01 0.76910E+00 0.13720E+00 -0.28792E+01 0.53933E+00
