Lambda xi1_g xi2_g xi3_g xi4_g xi5_g xi6_g xi7_g
Plates
0.55 0.20448E-02 0.20591E-02 0.57074E+00 0.32972E-06 0.12479E-01 0.83350E+02 0.90694E+00
1.35 0.30775E-02 0.16725E-02 0.40038E+02 0.36048E-01 0.17852E-01 0.50084E+02 0.99900E+00
2.25 0.38376E-01 0.25859E+01 0.43717E+03 0.23714E-07 0.25783E-01 0.53019E-06 0.38908E+00
2.75 0.80754E-03 0.33571E+00 0.15345E-04 0.61660E-06 0.50058E-01 0.39183E+02 0.63132E+00
3.0125 0.95113E-02 0.13858E-02 0.18431E+00 0.11083E-04 0.23793E+00 0.52947E+01 0.92787E+00
3.775 0.98453E+00 0.38775E-02 0.18586E+02 0.22620E-01 0.42654E-01 0.16322E+02 0.99900E+00
4.5 0.15263E-01 0.22716E+00 0.13225E-03 0.26236E-04 0.44607E+00 0.20759E+01 0.55601E+00
Columns
0.55 0.10721E+00 0.18620E+00 0.27382E+02 0.63931E-03 0.77836E-03 0.48804E+01 0.12803E+00
1.35 0.24557E+00 0.10382E-01 0.12685E+02 0.11847E-02 0.42495E+00 0.43118E+00 0.66856E+00
2.25 0.14654E+00 0.16857E-01 0.31366E+00 0.13266E-04 0.25498E+00 0.42437E+01 0.71566E+00
2.75 0.14981E-04 0.62729E-01 0.39962E-03 0.91440E-04 0.17593E+00 0.57904E+01 0.86346E+00
3.0125 0.49418E-02 0.84225E-01 0.85745E+01 0.65096E-01 0.40683E+00 0.20448E+01 0.94673E+00
3.775 0.50310E-01 0.11201E+01 0.11946E+01 0.46344E-11 0.33479E-01 0.10408E-03 0.30328E+00
4.5 0.13541E-01 0.52753E-01 0.56897E-04 0.25078E-01 0.17928E+00 0.30424E+01 0.94938E+00
Hollow Columns
0.55 0.15362E+00 0.13909E-02 0.19732E+02 0.40084E-03 0.34831E-01 0.65524E+02 0.78314E+00
1.35 0.25771E+00 0.76743E-02 0.18480E+01 0.23262E-05 0.32736E+00 0.18271E+01 0.75776E+00
2.25 0.13750E+00 0.15537E-00 0.15356E+02 0.36577E-03 0.22000E+00 0.47508E+01 0.75897E+00
2.75 0.19130E-01 0.14711E+00 0.67418E+01 0.23382E-05 0.22097E+00 0.43622E+01 0.75569E+00
3.0125 0.79292E-05 0.63908E-06 0.29267E-01 0.28695E-03 0.31241E+00 0.31328E+01 0.93447E+00
3.775 0.13795E-03 0.14285E+00 0.11804E-01 0.44730E-01 0.69814E+00 0.16443E+01 0.57295E+00
4.5 0.35381E-06 0.79836E+00 0.13540E-03 0.47581E-01 0.15758E+00 0.57494E+01 0.66174E+00
Planar Bullet Rosettes
0.55 0.12908E+00 0.45217E-01 0.14237E+03 0.15044E-01 0.18777E-01 0.78205E+01 0.67404E-01
1.35 0.20676E-08 0.40745E-01 0.30621E-01 0.13898E+00 0.79347E+00 0.72449E-04 0.78840E+00
2.25 0.22576E+00 0.57613E-01 0.68935E-02 0.59601E-03 0.44059E+00 0.27077E+01 0.69900E+00
2.775 0.38410E-05 0.27386E+00 0.15761E+02 0.30303E-08 0.25284E+00 0.75689E+00 0.34609E+00
3.0125 0.67374E-06 0.10201E-05 0.19095E-06 0.90334E-06 0.44781E+00 0.22256E+01 0.93377E+00
3.775 0.37119E-01 0.13755E+00 0.20950E-02 0.14815E-06 0.14149E+01 0.40265E+00 0.53024E+00
4.5 0.94780E-02 0.94808E-05 0.47087E-01 0.28280E-02 0.18584E+00 0.34918E+01 0.96726E+00
Spatial Bullet Rosettes
0.55 0.12204E+00 0.54639E-01 0.88668E+02 0.31560E-01 0.12300E-02 0.64531E-02 0.14475E-02
1.35 0.34070E+00 0.38056E-01 0.18301E-01 0.48322E-07 0.71173E+00 0.16197E+00 0.67979E+00
2.25 0.20778E+00 0.56144E-01 0.38977E+01 0.21007E-04 0.44792E+00 0.24215E+01 0.67033E+00
2.75 0.11018E-06 0.58455E-01 0.11393E-01 0.54108E-04 0.22956E+00 0.44495E+01 0.88437E+00
3.0125 0.91172E-02 0.13461E-05 0.40429E-03 0.15615E-01 0.45336E+00 0.21195E+01 0.94785E+00
3.775 0.20721E-05 0.12851E+00 0.43046E-02 0.32693E-01 0.10365E+01 0.80371E+00 0.56170E+00
4.5 0.60619E-01 0.74500E+00 0.20457E-05 0.11574E-05 0.15047E+00 0.69187E+01 0.57799E+00
Aggregates
0.55 0.33805E-02 0.31191E-05 0.10606E+02 0.18188E+00 0.15148E+00 0.93335E+01 0.93536E+00
1.35 0.61361E-04 0.14126E-03 0.10521E+02 0.21453E-01 0.20498E+00 0.55550E+01 0.79130E+00
2.25 0.41785E-02 0.18545E-02 0.82296E+00 0.92042E-04 0.24680E+00 0.39430E+01 0.79729E+00
2.75 0.46220E-07 0.59054E-01 0.24970E-02 0.13939E-06 0.26515E+00 0.34563E+01 0.88729E+00
3.0125 0.93254E-04 0.55612E-03 0.11635E-07 0.36143E-03 0.54779E+00 0.12691E+01 0.93566E+00
3.775 0.41085E-15 0.98745E-01 0.23277E-04 0.28609E-01 0.50735E+00 0.18204E+01 0.66143E+00
4.5 0.66910E-01 0.12452E+01 0.20527E-08 0.15266E-10 0.13277E+00 0.62675E+01 0.61842E+00