angle, time_diff, t, z, eps, Dh, Dv, sigmah, sigmav, sigmas, rice, Nice, g_t, Qabs_t, Qsca_t, g_s, Qabs_s, Qsca_s, CCS, CCS_rest, V, V_rest, IWC, RHice, Re, v_sed, windshear_s, wind_u, wind_v, wind_w, lat, lon, altitude
0.0, 900.0, 0.0, 0.0, 0.06135526359713373, 20.0, 0.014113583231881104, 15.384787559509277, 3.6509575843811035, 0.0, 1.049793033786834E-6, 5.652E16, 0.4772129549087957, 0.1003190526092572, -0.017109351818909116, 0.6978848670957184, -0.43874937835461736, 1.7877015285861608, 352.9215350355194, 352.9215350355194, 1.4801529179389684E7, 1.4801529179389684E7, 1.6969325183810817E-5, 146.5066210196693, 8.776472099442486E-6, 1.5294337934055246E-4, 2.700288516688968E-5, 40.77052181462817, 0.6028902323080487, -0.009822524127634782, -49.9868, 150.5252, 10491
0.0, 900.0, 1.0, 0, 0, 0, 0, 0, 0, 0, 0, 0, 0, 0, 0, 0, 0, 0, 0, 0, 0, 0, 0, 0, 0, 0, 0, 0, 0, 0, 0, 0, 0
0.0, 900.0, 1.0564406686968904, 0, 0, 0, 0, 0, 0, 0, 0, 0, 0, 0, 0, 0, 0, 0, 0, 0, 0, 0, 0, 0, 0, 0, 0, 0, 0, 0, 0, 0, 0
0.0, 900.0, 1.1160668864767327, 0, 0, 0, 0, 0, 0, 0, 0, 0, 0, 0, 0, 0, 0, 0, 0, 0, 0, 0, 0, 0, 0, 0, 0, 0, 0, 0, 0, 0, 0
0.0, 900.0, 1.1790584478599357, 0, 0, 0, 0, 0, 0, 0, 0, 0, 0, 0, 0, 0, 0, 0, 0, 0, 0, 0, 0, 0, 0, 0, 0, 0, 0, 0, 0, 0, 0
0.0, 900.0, 1.2456052950898682, 0, 0, 0, 0, 0, 0, 0, 0, 0, 0, 0, 0, 0, 0, 0, 0, 0, 0, 0, 0, 0, 0, 0, 0, 0, 0, 0, 0, 0, 0
0.0, 900.0, 1.3159080908771277, 0, 0, 0, 0, 0, 0, 0, 0, 0, 0, 0, 0, 0, 0, 0, 0, 0, 0, 0, 0, 0, 0, 0, 0, 0, 0, 0, 0, 0, 0
0.0, 900.0, 1.390178823469881, 0, 0, 0, 0, 0, 0, 0, 0, 0, 0, 0, 0, 0, 0, 0, 0, 0, 0, 0, 0, 0, 0, 0, 0, 0, 0, 0, 0, 0, 0
0.0, 900.0, 1.4686414458747774, 0, 0, 0, 0, 0, 0, 0, 0, 0, 0, 0, 0, 0, 0, 0, 0, 0, 0, 0, 0, 0, 0, 0, 0, 0, 0, 0, 0, 0, 0
0.0, 900.0, 1.5515325511559177, 0, 0, 0, 0, 0, 0, 0, 0, 0, 0, 0, 0, 0, 0, 0, 0, 0, 0, 0, 0, 0, 0, 0, 0, 0, 0, 0, 0, 0, 0
0.0, 900.0, 1.6391020858481498, 0, 0, 0, 0, 0, 0, 0, 0, 0, 0, 0, 0, 0, 0, 0, 0, 0, 0, 0, 0, 0, 0, 0, 0, 0, 0, 0, 0, 0, 0
0.0, 900.0, 1.731614103635887, 0, 0, 0, 0, 0, 0, 0, 0, 0, 0, 0, 0, 0, 0, 0, 0, 0, 0, 0, 0, 0, 0, 0, 0, 0, 0, 0, 0, 0, 0
0.0, 900.0, 1.8293475615700627, 0, 0, 0, 0, 0, 0, 0, 0, 0, 0, 0, 0, 0, 0, 0, 0, 0, 0, 0, 0, 0, 0, 0, 0, 0, 0, 0, 0, 0, 0
0.0, 900.0, 1.9325971612241029, 0, 0, 0, 0, 0, 0, 0, 0, 0, 0, 0, 0, 0, 0, 0, 0, 0, 0, 0, 0, 0, 0, 0, 0, 0, 0, 0, 0, 0, 0
0.0, 900.0, 2.041674237325303, 0, 0, 0, 0, 0, 0, 0, 0, 0, 0, 0, 0, 0, 0, 0, 0, 0, 0, 0, 0, 0, 0, 0, 0, 0, 0, 0, 0, 0, 0
0.0, 900.0, 2.1569076965411567, 0, 0, 0, 0, 0, 0, 0, 0, 0, 0, 0, 0, 0, 0, 0, 0, 0, 0, 0, 0, 0, 0, 0, 0, 0, 0, 0, 0, 0, 0
0.0, 900.0, 2.278645009251409, 0, 0, 0, 0, 0, 0, 0, 0, 0, 0, 0, 0, 0, 0, 0, 0, 0, 0, 0, 0, 0, 0, 0, 0, 0, 0, 0, 0, 0, 0
0.0, 900.0, 2.4072532572963903, 0, 0, 0, 0, 0, 0, 0, 0, 0, 0, 0, 0, 0, 0, 0, 0, 0, 0, 0, 0, 0, 0, 0, 0, 0, 0, 0, 0, 0, 0
0.0, 900.0, 2.543120240860966, 0, 0, 0, 0, 0, 0, 0, 0, 0, 0, 0, 0, 0, 0, 0, 0, 0, 0, 0, 0, 0, 0, 0, 0, 0, 0, 0, 0, 0, 0
0.0, 900.0, 2.6866556478317554, 0, 0, 0, 0, 0, 0, 0, 0, 0, 0, 0, 0, 0, 0, 0, 0, 0, 0, 0, 0, 0, 0, 0, 0, 0, 0, 0, 0, 0, 0
0.0, 900.0, 2.8382922891536566, 0, 0, 0, 0, 0, 0, 0, 0, 0, 0, 0, 0, 0, 0, 0, 0, 0, 0, 0, 0, 0, 0, 0, 0, 0, 0, 0, 0, 0, 0
0.0, 900.0, 2.9984874039107163, 0, 0, 0, 0, 0, 0, 0, 0, 0, 0, 0, 0, 0, 0, 0, 0, 0, 0, 0, 0, 0, 0, 0, 0, 0, 0, 0, 0, 0, 0
0.0, 900.0, 3.16772403806664, 0, 0, 0, 0, 0, 0, 0, 0, 0, 0, 0, 0, 0, 0, 0, 0, 0, 0, 0, 0, 0, 0, 0, 0, 0, 0, 0, 0, 0, 0
0.0, 900.0, 3.3465125010223344, 0, 0, 0, 0, 0, 0, 0, 0, 0, 0, 0, 0, 0, 0, 0, 0, 0, 0, 0, 0, 0, 0, 0, 0, 0, 0, 0, 0, 0, 0
0.0, 900.0, 3.535391904382538, 0, 0, 0, 0, 0, 0, 0, 0, 0, 0, 0, 0, 0, 0, 0, 0, 0, 0, 0, 0, 0, 0, 0, 0, 0, 0, 0, 0, 0, 0
0.0, 900.0, 3.734931787571461, 0, 0, 0, 0, 0, 0, 0, 0, 0, 0, 0, 0, 0, 0, 0, 0, 0, 0, 0, 0, 0, 0, 0, 0, 0, 0, 0, 0, 0, 0
0.0, 900.0, 3.945733835199266, 0, 0, 0, 0, 0, 0, 0, 0, 0, 0, 0, 0, 0, 0, 0, 0, 0, 0, 0, 0, 0, 0, 0, 0, 0, 0, 0, 0, 0, 0
0.0, 900.0, 4.168433691357858, 0, 0, 0, 0, 0, 0, 0, 0, 0, 0, 0, 0, 0, 0, 0, 0, 0, 0, 0, 0, 0, 0, 0, 0, 0, 0, 0, 0, 0, 0
0.0, 900.0, 4.403702876316743, 0, 0, 0, 0, 0, 0, 0, 0, 0, 0, 0, 0, 0, 0, 0, 0, 0, 0, 0, 0, 0, 0, 0, 0, 0, 0, 0, 0, 0, 0
0.0, 900.0, 4.652250811398479, 0, 0, 0, 0, 0, 0, 0, 0, 0, 0, 0, 0, 0, 0, 0, 0, 0, 0, 0, 0, 0, 0, 0, 0, 0, 0, 0, 0, 0, 0
0.0, 900.0, 4.914826958139459, 0, 0, 0, 0, 0, 0, 0, 0, 0, 0, 0, 0, 0, 0, 0, 0, 0, 0, 0, 0, 0, 0, 0, 0, 0, 0, 0, 0, 0, 0
0.0, 900.0, 5.192223078186354, 0, 0, 0, 0, 0, 0, 0, 0, 0, 0, 0, 0, 0, 0, 0, 0, 0, 0, 0, 0, 0, 0, 0, 0, 0, 0, 0, 0, 0, 0
0.0, 900.0, 5.485275620742618, 0, 0, 0, 0, 0, 0, 0, 0, 0, 0, 0, 0, 0, 0, 0, 0, 0, 0, 0, 0, 0, 0, 0, 0, 0, 0, 0, 0, 0, 0
0.0, 900.0, 5.794868244764081, 0, 0, 0, 0, 0, 0, 0, 0, 0, 0, 0, 0, 0, 0, 0, 0, 0, 0, 0, 0, 0, 0, 0, 0, 0, 0, 0, 0, 0, 0
0.0, 900.0, 6.121934483508941, 0, 0, 0, 0, 0, 0, 0, 0, 0, 0, 0, 0, 0, 0, 0, 0, 0, 0, 0, 0, 0, 0, 0, 0, 0, 0, 0, 0, 0, 0
0.0, 900.0, 6.467460559476737, 0, 0, 0, 0, 0, 0, 0, 0, 0, 0, 0, 0, 0, 0, 0, 0, 0, 0, 0, 0, 0, 0, 0, 0, 0, 0, 0, 0, 0, 0
0.0, 900.0, 6.832488358224368, 0, 0, 0, 0, 0, 0, 0, 0, 0, 0, 0, 0, 0, 0, 0, 0, 0, 0, 0, 0, 0, 0, 0, 0, 0, 0, 0, 0, 0, 0
0.0, 900.0, 7.218118570026269, 0, 0, 0, 0, 0, 0, 0, 0, 0, 0, 0, 0, 0, 0, 0, 0, 0, 0, 0, 0, 0, 0, 0, 0, 0, 0, 0, 0, 0, 0
0.0, 900.0, 7.625514008851994, 0, 0, 0, 0, 0, 0, 0, 0, 0, 0, 0, 0, 0, 0, 0, 0, 0, 0, 0, 0, 0, 0, 0, 0, 0, 0, 0, 0, 0, 0
0.0, 900.0, 8.055903118669105, 0, 0, 0, 0, 0, 0, 0, 0, 0, 0, 0, 0, 0, 0, 0, 0, 0, 0, 0, 0, 0, 0, 0, 0, 0, 0, 0, 0, 0, 0
0.0, 900.0, 8.510583677644155, 0, 0, 0, 0, 0, 0, 0, 0, 0, 0, 0, 0, 0, 0, 0, 0, 0, 0, 0, 0, 0, 0, 0, 0, 0, 0, 0, 0, 0, 0
0.0, 900.0, 8.99092671141123, 0, 0, 0, 0, 0, 0, 0, 0, 0, 0, 0, 0, 0, 0, 0, 0, 0, 0, 0, 0, 0, 0, 0, 0, 0, 0, 0, 0, 0, 0
0.0, 900.0, 9.498380627208013, 0, 0, 0, 0, 0, 0, 0, 0, 0, 0, 0, 0, 0, 0, 0, 0, 0, 0, 0, 0, 0, 0, 0, 0, 0, 0, 0, 0, 0, 0
0.0, 900.0, 10.034475581345221, 0, 0, 0, 0, 0, 0, 0, 0, 0, 0, 0, 0, 0, 0, 0, 0, 0, 0, 0, 0, 0, 0, 0, 0, 0, 0, 0, 0, 0, 0
0.0, 900.0, 10.600828093178963, 0, 0, 0, 0, 0, 0, 0, 0, 0, 0, 0, 0, 0, 0, 0, 0, 0, 0, 0, 0, 0, 0, 0, 0, 0, 0, 0, 0, 0, 0
0.0, 900.0, 11.199145919498765, 0, 0, 0, 0, 0, 0, 0, 0, 0, 0, 0, 0, 0, 0, 0, 0, 0, 0, 0, 0, 0, 0, 0, 0, 0, 0, 0, 0, 0, 0
0.0, 900.0, 11.831233204029326, 0, 0, 0, 0, 0, 0, 0, 0, 0, 0, 0, 0, 0, 0, 0, 0, 0, 0, 0, 0, 0, 0, 0, 0, 0, 0, 0, 0, 0, 0
0.0, 900.0, 12.498995917573593, 0, 0, 0, 0, 0, 0, 0, 0, 0, 0, 0, 0, 0, 0, 0, 0, 0, 0, 0, 0, 0, 0, 0, 0, 0, 0, 0, 0, 0, 0
0.0, 900.0, 13.204447605201148, 0, 0, 0, 0, 0, 0, 0, 0, 0, 0, 0, 0, 0, 0, 0, 0, 0, 0, 0, 0, 0, 0, 0, 0, 0, 0, 0, 0, 0, 0
0.0, 900.0, 13.949715457811752, 0, 0, 0, 0, 0, 0, 0, 0, 0, 0, 0, 0, 0, 0, 0, 0, 0, 0, 0, 0, 0, 0, 0, 0, 0, 0, 0, 0, 0, 0
0.0, 900.0, 14.737046726381994, 0, 0, 0, 0, 0, 0, 0, 0, 0, 0, 0, 0, 0, 0, 0, 0, 0, 0, 0, 0, 0, 0, 0, 0, 0, 0, 0, 0, 0, 0
0.0, 900.0, 15.568815498236312, 0, 0, 0, 0, 0, 0, 0, 0, 0, 0, 0, 0, 0, 0, 0, 0, 0, 0, 0, 0, 0, 0, 0, 0, 0, 0, 0, 0, 0, 0
0.0, 900.0, 16.44752985577528, 0, 0, 0, 0, 0, 0, 0, 0, 0, 0, 0, 0, 0, 0, 0, 0, 0, 0, 0, 0, 0, 0, 0, 0, 0, 0, 0, 0, 0, 0
0.0, 900.0, 17.375839439247304, 0, 0, 0, 0, 0, 0, 0, 0, 0, 0, 0, 0, 0, 0, 0, 0, 0, 0, 0, 0, 0, 0, 0, 0, 0, 0, 0, 0, 0, 0
0.0, 900.0, 18.35654343636822, 0, 0, 0, 0, 0, 0, 0, 0, 0, 0, 0, 0, 0, 0, 0, 0, 0, 0, 0, 0, 0, 0, 0, 0, 0, 0, 0, 0, 0, 0
0.0, 900.0, 19.392599022880354, 0, 0, 0, 0, 0, 0, 0, 0, 0, 0, 0, 0, 0, 0, 0, 0, 0, 0, 0, 0, 0, 0, 0, 0, 0, 0, 0, 0, 0, 0
0.0, 900.0, 20.487130279502384, 0, 0, 0, 0, 0, 0, 0, 0, 0, 0, 0, 0, 0, 0, 0, 0, 0, 0, 0, 0, 0, 0, 0, 0, 0, 0, 0, 0, 0, 0
0.0, 900.0, 21.643437612157808, 0, 0, 0, 0, 0, 0, 0, 0, 0, 0, 0, 0, 0, 0, 0, 0, 0, 0, 0, 0, 0, 0, 0, 0, 0, 0, 0, 0, 0, 0
0.0, 900.0, 22.86500770388742, 0, 0, 0, 0, 0, 0, 0, 0, 0, 0, 0, 0, 0, 0, 0, 0, 0, 0, 0, 0, 0, 0, 0, 0, 0, 0, 0, 0, 0, 0
0.0, 900.0, 24.155524028454376, 0, 0, 0, 0, 0, 0, 0, 0, 0, 0, 0, 0, 0, 0, 0, 0, 0, 0, 0, 0, 0, 0, 0, 0, 0, 0, 0, 0, 0, 0
0.0, 900.0, 25.51887795734414, 0, 0, 0, 0, 0, 0, 0, 0, 0, 0, 0, 0, 0, 0, 0, 0, 0, 0, 0, 0, 0, 0, 0, 0, 0, 0, 0, 0, 0, 0
0.0, 900.0, 26.95918049365098, 0, 0, 0, 0, 0, 0, 0, 0, 0, 0, 0, 0, 0, 0, 0, 0, 0, 0, 0, 0, 0, 0, 0, 0, 0, 0, 0, 0, 0, 0
0.0, 900.0, 28.4807746682328, 0, 0, 0, 0, 0, 0, 0, 0, 0, 0, 0, 0, 0, 0, 0, 0, 0, 0, 0, 0, 0, 0, 0, 0, 0, 0, 0, 0, 0, 0
0.0, 900.0, 30.088248635513313, 0, 0, 0, 0, 0, 0, 0, 0, 0, 0, 0, 0, 0, 0, 0, 0, 0, 0, 0, 0, 0, 0, 0, 0, 0, 0, 0, 0, 0, 0
0.0, 900.0, 31.78644950841998, 0, 0, 0, 0, 0, 0, 0, 0, 0, 0, 0, 0, 0, 0, 0, 0, 0, 0, 0, 0, 0, 0, 0, 0, 0, 0, 0, 0, 0, 0
0.0, 900.0, 33.580497974175145, 0, 0, 0, 0, 0, 0, 0, 0, 0, 0, 0, 0, 0, 0, 0, 0, 0, 0, 0, 0, 0, 0, 0, 0, 0, 0, 0, 0, 0, 0
0.0, 900.0, 35.475803735012164, 0, 0, 0, 0, 0, 0, 0, 0, 0, 0, 0, 0, 0, 0, 0, 0, 0, 0, 0, 0, 0, 0, 0, 0, 0, 0, 0, 0, 0, 0
0.0, 900.0, 37.47808182037589, 0, 0, 0, 0, 0, 0, 0, 0, 0, 0, 0, 0, 0, 0, 0, 0, 0, 0, 0, 0, 0, 0, 0, 0, 0, 0, 0, 0, 0, 0
0.0, 900.0, 39.593369819794674, 0, 0, 0, 0, 0, 0, 0, 0, 0, 0, 0, 0, 0, 0, 0, 0, 0, 0, 0, 0, 0, 0, 0, 0, 0, 0, 0, 0, 0, 0
0.0, 900.0, 41.82804608838716, 0, 0, 0, 0, 0, 0, 0, 0, 0, 0, 0, 0, 0, 0, 0, 0, 0, 0, 0, 0, 0, 0, 0, 0, 0, 0, 0, 0, 0, 0
0.0, 900.0, 44.18884897990008, 0, 0, 0, 0, 0, 0, 0, 0, 0, 0, 0, 0, 0, 0, 0, 0, 0, 0, 0, 0, 0, 0, 0, 0, 0, 0, 0, 0, 0, 0
0.0, 900.0, 46.68289716527154, 0, 0, 0, 0, 0, 0, 0, 0, 0, 0, 0, 0, 0, 0, 0, 0, 0, 0, 0, 0, 0, 0, 0, 0, 0, 0, 0, 0, 0, 0
0.0, 900.0, 49.31771109798763, 0, 0, 0, 0, 0, 0, 0, 0, 0, 0, 0, 0, 0, 0, 0, 0, 0, 0, 0, 0, 0, 0, 0, 0, 0, 0, 0, 0, 0, 0
0.0, 900.0, 52.101235690958106, 0, 0, 0, 0, 0, 0, 0, 0, 0, 0, 0, 0, 0, 0, 0, 0, 0, 0, 0, 0, 0, 0, 0, 0, 0, 0, 0, 0, 0, 0
0.0, 900.0, 55.04186427329007, 0, 0, 0, 0, 0, 0, 0, 0, 0, 0, 0, 0, 0, 0, 0, 0, 0, 0, 0, 0, 0, 0, 0, 0, 0, 0, 0, 0, 0, 0
0.0, 900.0, 58.148463899198035, 0, 0, 0, 0, 0, 0, 0, 0, 0, 0, 0, 0, 0, 0, 0, 0, 0, 0, 0, 0, 0, 0, 0, 0, 0, 0, 0, 0, 0, 0
0.0, 900.0, 61.430402085365756, 0, 0, 0, 0, 0, 0, 0, 0, 0, 0, 0, 0, 0, 0, 0, 0, 0, 0, 0, 0, 0, 0, 0, 0, 0, 0, 0, 0, 0, 0
0.0, 900.0, 64.89757505738264, 0, 0, 0, 0, 0, 0, 0, 0, 0, 0, 0, 0, 0, 0, 0, 0, 0, 0, 0, 0, 0, 0, 0, 0, 0, 0, 0, 0, 0, 0
0.0, 900.0, 68.56043759042794, 0, 0, 0, 0, 0, 0, 0, 0, 0, 0, 0, 0, 0, 0, 0, 0, 0, 0, 0, 0, 0, 0, 0, 0, 0, 0, 0, 0, 0, 0
0.0, 900.0, 72.43003453418311, 0, 0, 0, 0, 0, 0, 0, 0, 0, 0, 0, 0, 0, 0, 0, 0, 0, 0, 0, 0, 0, 0, 0, 0, 0, 0, 0, 0, 0, 0
0.0, 900.0, 76.51803411703126, 0, 0, 0, 0, 0, 0, 0, 0, 0, 0, 0, 0, 0, 0, 0, 0, 0, 0, 0, 0, 0, 0, 0, 0, 0, 0, 0, 0, 0, 0
0.0, 900.0, 80.83676312996798, 0, 0, 0, 0, 0, 0, 0, 0, 0, 0, 0, 0, 0, 0, 0, 0, 0, 0, 0, 0, 0, 0, 0, 0, 0, 0, 0, 0, 0, 0
0.0, 900.0, 85.3992440963155, 0, 0, 0, 0, 0, 0, 0, 0, 0, 0, 0, 0, 0, 0, 0, 0, 0, 0, 0, 0, 0, 0, 0, 0, 0, 0, 0, 0, 0, 0
0.0, 900.0, 90.21923453932051, 0, 0, 0, 0, 0, 0, 0, 0, 0, 0, 0, 0, 0, 0, 0, 0, 0, 0, 0, 0, 0, 0, 0, 0, 0, 0, 0, 0, 0, 0
0.0, 900.0, 95.31126846604134, 0, 0, 0, 0, 0, 0, 0, 0, 0, 0, 0, 0, 0, 0, 0, 0, 0, 0, 0, 0, 0, 0, 0, 0, 0, 0, 0, 0, 0, 0
0.0, 900.0, 100.69070019261355, 0, 0, 0, 0, 0, 0, 0, 0, 0, 0, 0, 0, 0, 0, 0, 0, 0, 0, 0, 0, 0, 0, 0, 0, 0, 0, 0, 0, 0, 0
0.0, 900.0, 106.37375064304275, 0, 0, 0, 0, 0, 0, 0, 0, 0, 0, 0, 0, 0, 0, 0, 0, 0, 0, 0, 0, 0, 0, 0, 0, 0, 0, 0, 0, 0, 0
0.0, 900.0, 112.37755626113236, 0, 0, 0, 0, 0, 0, 0, 0, 0, 0, 0, 0, 0, 0, 0, 0, 0, 0, 0, 0, 0, 0, 0, 0, 0, 0, 0, 0, 0, 0
0.0, 900.0, 118.72022068303308, 0, 0, 0, 0, 0, 0, 0, 0, 0, 0, 0, 0, 0, 0, 0, 0, 0, 0, 0, 0, 0, 0, 0, 0, 0, 0, 0, 0, 0, 0
0.0, 900.0, 125.42086932622585, 0, 0, 0, 0, 0, 0, 0, 0, 0, 0, 0, 0, 0, 0, 0, 0, 0, 0, 0, 0, 0, 0, 0, 0, 0, 0, 0, 0, 0, 0
0.0, 900.0, 132.49970705954334, 0, 0, 0, 0, 0, 0, 0, 0, 0, 0, 0, 0, 0, 0, 0, 0, 0, 0, 0, 0, 0, 0, 0, 0, 0, 0, 0, 0, 0, 0
0.0, 900.0, 139.97807912812604, 0, 0, 0, 0, 0, 0, 0, 0, 0, 0, 0, 0, 0, 0, 0, 0, 0, 0, 0, 0, 0, 0, 0, 0, 0, 0, 0, 0, 0, 0
0.0, 900.0, 147.8785355170237, 0, 0, 0, 0, 0, 0, 0, 0, 0, 0, 0, 0, 0, 0, 0, 0, 0, 0, 0, 0, 0, 0, 0, 0, 0, 0, 0, 0, 0, 0
0.0, 900.0, 156.22489894752135, 0, 0, 0, 0, 0, 0, 0, 0, 0, 0, 0, 0, 0, 0, 0, 0, 0, 0, 0, 0, 0, 0, 0, 0, 0, 0, 0, 0, 0, 0
0.0, 900.0, 165.04233671122358, 0, 0, 0, 0, 0, 0, 0, 0, 0, 0, 0, 0, 0, 0, 0, 0, 0, 0, 0, 0, 0, 0, 0, 0, 0, 0, 0, 0, 0, 0
0.0, 900.0, 174.35743655850237, 0, 0, 0, 0, 0, 0, 0, 0, 0, 0, 0, 0, 0, 0, 0, 0, 0, 0, 0, 0, 0, 0, 0, 0, 0, 0, 0, 0, 0, 0
0.0, 900.0, 184.19828687013987, 0, 0, 0, 0, 0, 0, 0, 0, 0, 0, 0, 0, 0, 0, 0, 0, 0, 0, 0, 0, 0, 0, 0, 0, 0, 0, 0, 0, 0, 0
0.0, 900.0, 194.59456135391218, 0, 0, 0, 0, 0, 0, 0, 0, 0, 0, 0, 0, 0, 0, 0, 0, 0, 0, 0, 0, 0, 0, 0, 0, 0, 0, 0, 0, 0, 0
0.0, 900.0, 205.57760852150503, 0, 0, 0, 0, 0, 0, 0, 0, 0, 0, 0, 0, 0, 0, 0, 0, 0, 0, 0, 0, 0, 0, 0, 0, 0, 0, 0, 0, 0, 0
0.0, 900.0, 217.1805462155663, 0, 0, 0, 0, 0, 0, 0, 0, 0, 0, 0, 0, 0, 0, 0, 0, 0, 0, 0, 0, 0, 0, 0, 0, 0, 0, 0, 0, 0, 0
0.0, 900.0, 229.43836147192874, 0, 0, 0, 0, 0, 0, 0, 0, 0, 0, 0, 0, 0, 0, 0, 0, 0, 0, 0, 0, 0, 0, 0, 0, 0, 0, 0, 0, 0, 0
0.0, 900.0, 242.38801601812324, 0, 0, 0, 0, 0, 0, 0, 0, 0, 0, 0, 0, 0, 0, 0, 0, 0, 0, 0, 0, 0, 0, 0, 0, 0, 0, 0, 0, 0, 0
0.0, 900.0, 256.06855772629865, 0, 0, 0, 0, 0, 0, 0, 0, 0, 0, 0, 0, 0, 0, 0, 0, 0, 0, 0, 0, 0, 0, 0, 0, 0, 0, 0, 0, 0, 0
0.0, 900.0, 270.5212383566192, 0, 0, 0, 0, 0, 0, 0, 0, 0, 0, 0, 0, 0, 0, 0, 0, 0, 0, 0, 0, 0, 0, 0, 0, 0, 0, 0, 0, 0, 0
0.0, 900.0, 285.78963794617766, 0, 0, 0, 0, 0, 0, 0, 0, 0, 0, 0, 0, 0, 0, 0, 0, 0, 0, 0, 0, 0, 0, 0, 0, 0, 0, 0, 0, 0, 0
0.0, 900.0, 301.9197962185021, 0, 0, 0, 0, 0, 0, 0, 0, 0, 0, 0, 0, 0, 0, 0, 0, 0, 0, 0, 0, 0, 0, 0, 0, 0, 0, 0, 0, 0, 0
0.0, 900.0, 318.9603514099032, 0, 0, 0, 0, 0, 0, 0, 0, 0, 0, 0, 0, 0, 0, 0, 0, 0, 0, 0, 0, 0, 0, 0, 0, 0, 0, 0, 0, 0, 0
0.0, 900.0, 336.96268693127325, 0, 0, 0, 0, 0, 0, 0, 0, 0, 0, 0, 0, 0, 0, 0, 0, 0, 0, 0, 0, 0, 0, 0, 0, 0, 0, 0, 0, 0, 0
0.0, 900.0, 355.9810863075752, 0, 0, 0, 0, 0, 0, 0, 0, 0, 0, 0, 0, 0, 0, 0, 0, 0, 0, 0, 0, 0, 0, 0, 0, 0, 0, 0, 0, 0, 0
0.0, 900.0, 376.07289686222015, 0, 0, 0, 0, 0, 0, 0, 0, 0, 0, 0, 0, 0, 0, 0, 0, 0, 0, 0, 0, 0, 0, 0, 0, 0, 0, 0, 0, 0, 0
0.0, 900.0, 397.2987026399005, 0, 0, 0, 0, 0, 0, 0, 0, 0, 0, 0, 0, 0, 0, 0, 0, 0, 0, 0, 0, 0, 0, 0, 0, 0, 0, 0, 0, 0, 0
0.0, 900.0, 419.72250708930346, 0, 0, 0, 0, 0, 0, 0, 0, 0, 0, 0, 0, 0, 0, 0, 0, 0, 0, 0, 0, 0, 0, 0, 0, 0, 0, 0, 0, 0, 0
0.0, 900.0, 443.411926056559, 0, 0, 0, 0, 0, 0, 0, 0, 0, 0, 0, 0, 0, 0, 0, 0, 0, 0, 0, 0, 0, 0, 0, 0, 0, 0, 0, 0, 0, 0
0.0, 900.0, 468.4383916713673, 0, 0, 0, 0, 0, 0, 0, 0, 0, 0, 0, 0, 0, 0, 0, 0, 0, 0, 0, 0, 0, 0, 0, 0, 0, 0, 0, 0, 0, 0
0.0, 900.0, 494.8773677405951, 0, 0, 0, 0, 0, 0, 0, 0, 0, 0, 0, 0, 0, 0, 0, 0, 0, 0, 0, 0, 0, 0, 0, 0, 0, 0, 0, 0, 0, 0
0.0, 900.0, 522.8085772988312, 0, 0, 0, 0, 0, 0, 0, 0, 0, 0, 0, 0, 0, 0, 0, 0, 0, 0, 0, 0, 0, 0, 0, 0, 0, 0, 0, 0, 0, 0
0.0, 900.0, 552.3162430020471, 0, 0, 0, 0, 0, 0, 0, 0, 0, 0, 0, 0, 0, 0, 0, 0, 0, 0, 0, 0, 0, 0, 0, 0, 0, 0, 0, 0, 0, 0
0.0, 900.0, 583.4893410892369, 0, 0, 0, 0, 0, 0, 0, 0, 0, 0, 0, 0, 0, 0, 0, 0, 0, 0, 0, 0, 0, 0, 0, 0, 0, 0, 0, 0, 0, 0
0.0, 900.0, 616.4218696778213, 0, 0, 0, 0, 0, 0, 0, 0, 0, 0, 0, 0, 0, 0, 0, 0, 0, 0, 0, 0, 0, 0, 0, 0, 0, 0, 0, 0, 0, 0
0.0, 900.0, 651.2131322018249, 0, 0, 0, 0, 0, 0, 0, 0, 0, 0, 0, 0, 0, 0, 0, 0, 0, 0, 0, 0, 0, 0, 0, 0, 0, 0, 0, 0, 0, 0
0.0, 900.0, 687.9680368474924, 0, 0, 0, 0, 0, 0, 0, 0, 0, 0, 0, 0, 0, 0, 0, 0, 0, 0, 0, 0, 0, 0, 0, 0, 0, 0, 0, 0, 0, 0
0.0, 900.0, 726.7974128892517, 0, 0, 0, 0, 0, 0, 0, 0, 0, 0, 0, 0, 0, 0, 0, 0, 0, 0, 0, 0, 0, 0, 0, 0, 0, 0, 0, 0, 0, 0
0.0, 900.0, 767.818344879891, 0, 0, 0, 0, 0, 0, 0, 0, 0, 0, 0, 0, 0, 0, 0, 0, 0, 0, 0, 0, 0, 0, 0, 0, 0, 0, 0, 0, 0, 0
0.0, 900.0, 811.1545257026517, 0, 0, 0, 0, 0, 0, 0, 0, 0, 0, 0, 0, 0, 0, 0, 0, 0, 0, 0, 0, 0, 0, 0, 0, 0, 0, 0, 0, 0, 0
0.0, 900.0, 856.9366295498182, 0, 0, 0, 0, 0, 0, 0, 0, 0, 0, 0, 0, 0, 0, 0, 0, 0, 0, 0, 0, 0, 0, 0, 0, 0, 0, 0, 0, 0, 0
0.0, 900.0, 905.3027059524693, 0, 0, 0, 0, 0, 0, 0, 0, 0, 0, 0, 0, 0, 0, 0, 0, 0, 0, 0, 0, 0, 0, 0, 0, 0, 0, 0, 0, 0, 0
0.0, 900.0, 956.398596049531, 0, 0, 0, 0, 0, 0, 0, 0, 0, 0, 0, 0, 0, 0, 0, 0, 0, 0, 0, 0, 0, 0, 0, 0, 0, 0, 0, 0, 0, 0
0.0, 900.0, 1010.3783723513336, 0, 0, 0, 0, 0, 0, 0, 0, 0, 0, 0, 0, 0, 0, 0, 0, 0, 0, 0, 0, 0, 0, 0, 0, 0, 0, 0, 0, 0, 0
0.0, 900.0, 1067.4048033237184, 0, 0, 0, 0, 0, 0, 0, 0, 0, 0, 0, 0, 0, 0, 0, 0, 0, 0, 0, 0, 0, 0, 0, 0, 0, 0, 0, 0, 0, 0
0.0, 900.0, 1127.6498441935817, 0, 0, 0, 0, 0, 0, 0, 0, 0, 0, 0, 0, 0, 0, 0, 0, 0, 0, 0, 0, 0, 0, 0, 0, 0, 0, 0, 0, 0, 0
0.0, 900.0, 1191.2951554558115, 0, 0, 0, 0, 0, 0, 0, 0, 0, 0, 0, 0, 0, 0, 0, 0, 0, 0, 0, 0, 0, 0, 0, 0, 0, 0, 0, 0, 0, 0
0.0, 900.0, 1258.5326506451033, 0, 0, 0, 0, 0, 0, 0, 0, 0, 0, 0, 0, 0, 0, 0, 0, 0, 0, 0, 0, 0, 0, 0, 0, 0, 0, 0, 0, 0, 0
0.0, 900.0, 1329.5650750243828, 0, 0, 0, 0, 0, 0, 0, 0, 0, 0, 0, 0, 0, 0, 0, 0, 0, 0, 0, 0, 0, 0, 0, 0, 0, 0, 0, 0, 0, 0
0.0, 900.0, 1404.60661693479, 0, 0, 0, 0, 0, 0, 0, 0, 0, 0, 0, 0, 0, 0, 0, 0, 0, 0, 0, 0, 0, 0, 0, 0, 0, 0, 0, 0, 0, 0
0.0, 900.0, 1483.8835536506665, 0, 0, 0, 0, 0, 0, 0, 0, 0, 0, 0, 0, 0, 0, 0, 0, 0, 0, 0, 0, 0, 0, 0, 0, 0, 0, 0, 0, 0, 0
0.0, 900.0, 1567.634933687028, 0, 0, 0, 0, 0, 0, 0, 0, 0, 0, 0, 0, 0, 0, 0, 0, 0, 0, 0, 0, 0, 0, 0, 0, 0, 0, 0, 0, 0, 0
0.0, 900.0, 1656.1132976169292, 0, 0, 0, 0, 0, 0, 0, 0, 0, 0, 0, 0, 0, 0, 0, 0, 0, 0, 0, 0, 0, 0, 0, 0, 0, 0, 0, 0, 0, 0
0.0, 900.0, 1749.5854395722408, 0, 0, 0, 0, 0, 0, 0, 0, 0, 0, 0, 0, 0, 0, 0, 0, 0, 0, 0, 0, 0, 0, 0, 0, 0, 0, 0, 0, 0, 0
0.0, 900.0, 1848.333211724041, 0, 0, 0, 0, 0, 0, 0, 0, 0, 0, 0, 0, 0, 0, 0, 0, 0, 0, 0, 0, 0, 0, 0, 0, 0, 0, 0, 0, 0, 0
0.0, 900.0, 1952.6543741684168, 0, 0, 0, 0, 0, 0, 0, 0, 0, 0, 0, 0, 0, 0, 0, 0, 0, 0, 0, 0, 0, 0, 0, 0, 0, 0, 0, 0, 0, 0
0.0, 900.0, 2062.86349278039, 0, 0, 0, 0, 0, 0, 0, 0, 0, 0, 0, 0, 0, 0, 0, 0, 0, 0, 0, 0, 0, 0, 0, 0, 0, 0, 0, 0, 0, 0
0.0, 900.0, 2179.292887743318, 0, 0, 0, 0, 0, 0, 0, 0, 0, 0, 0, 0, 0, 0, 0, 0, 0, 0, 0, 0, 0, 0, 0, 0, 0, 0, 0, 0, 0, 0
0.0, 900.0, 2302.2936356139276, 0, 0, 0, 0, 0, 0, 0, 0, 0, 0, 0, 0, 0, 0, 0, 0, 0, 0, 0, 0, 0, 0, 0, 0, 0, 0, 0, 0, 0, 0
0.0, 900.0, 2432.2366279445723, 0, 0, 0, 0, 0, 0, 0, 0, 0, 0, 0, 0, 0, 0, 0, 0, 0, 0, 0, 0, 0, 0, 0, 0, 0, 0, 0, 0, 0, 0
0.0, 900.0, 2569.513689654834, 0, 0, 0, 0, 0, 0, 0, 0, 0, 0, 0, 0, 0, 0, 0, 0, 0, 0, 0, 0, 0, 0, 0, 0, 0, 0, 0, 0, 0, 0
0.0, 900.0, 2714.5387605247665, 0, 0, 0, 0, 0, 0, 0, 0, 0, 0, 0, 0, 0, 0, 0, 0, 0, 0, 0, 0, 0, 0, 0, 0, 0, 0, 0, 0, 0, 0
0.0, 900.0, 2867.749143372412, 0, 0, 0, 0, 0, 0, 0, 0, 0, 0, 0, 0, 0, 0, 0, 0, 0, 0, 0, 0, 0, 0, 0, 0, 0, 0, 0, 0, 0, 0
0.0, 900.0, 3029.6068226792854, 0, 0, 0, 0, 0, 0, 0, 0, 0, 0, 0, 0, 0, 0, 0, 0, 0, 0, 0, 0, 0, 0, 0, 0, 0, 0, 0, 0, 0, 0
0.0, 900.0, 3200.5998576399656, 0, 0, 0, 0, 0, 0, 0, 0, 0, 0, 0, 0, 0, 0, 0, 0, 0, 0, 0, 0, 0, 0, 0, 0, 0, 0, 0, 0, 0, 0
0.0, 900.0, 3381.243853836337, 0, 0, 0, 0, 0, 0, 0, 0, 0, 0, 0, 0, 0, 0, 0, 0, 0, 0, 0, 0, 0, 0, 0, 0, 0, 0, 0, 0, 0, 0
0.0, 900.0, 3572.0835179741102, 0, 0, 0, 0, 0, 0, 0, 0, 0, 0, 0, 0, 0, 0, 0, 0, 0, 0, 0, 0, 0, 0, 0, 0, 0, 0, 0, 0, 0, 0
0.0, 900.0, 3773.6943003697093, 0, 0, 0, 0, 0, 0, 0, 0, 0, 0, 0, 0, 0, 0, 0, 0, 0, 0, 0, 0, 0, 0, 0, 0, 0, 0, 0, 0, 0, 0
0.0, 900.0, 3986.684130140219, 0, 0, 0, 0, 0, 0, 0, 0, 0, 0, 0, 0, 0, 0, 0, 0, 0, 0, 0, 0, 0, 0, 0, 0, 0, 0, 0, 0, 0, 0
0.0, 900.0, 4211.695248328613, 0, 0, 0, 0, 0, 0, 0, 0, 0, 0, 0, 0, 0, 0, 0, 0, 0, 0, 0, 0, 0, 0, 0, 0, 0, 0, 0, 0, 0, 0
0.0, 900.0, 4449.406144491795, 0, 0, 0, 0, 0, 0, 0, 0, 0, 0, 0, 0, 0, 0, 0, 0, 0, 0, 0, 0, 0, 0, 0, 0, 0, 0, 0, 0, 0, 0
0.0, 900.0, 4700.533602590965, 0, 0, 0, 0, 0, 0, 0, 0, 0, 0, 0, 0, 0, 0, 0, 0, 0, 0, 0, 0, 0, 0, 0, 0, 0, 0, 0, 0, 0, 0
0.0, 900.0, 4965.834862353401, 0, 0, 0, 0, 0, 0, 0, 0, 0, 0, 0, 0, 0, 0, 0, 0, 0, 0, 0, 0, 0, 0, 0, 0, 0, 0, 0, 0, 0, 0
0.0, 900.0, 5246.109902622958, 0, 0, 0, 0, 0, 0, 0, 0, 0, 0, 0, 0, 0, 0, 0, 0, 0, 0, 0, 0, 0, 0, 0, 0, 0, 0, 0, 0, 0, 0
0.0, 900.0, 5542.203853584376, -5.9854893299863345, 0.061339204406533815, 20.0, 0.014110167174222575, 471.855862582459, 13.027306113018758, 13.027306113018758, 1.0688172064967056E-6, 0.0, 0.48149652640228613, 0.10090572232665575, -0.01682698511556191, 0.6928678475857675, 0.19250274171232298, 1.188913190349961, 38583.89340679693, 13908.288865894952, 1.6182084894810634E9, 5.833136350356343E8, 7.498958829435509E-7, 166.33260497249245, 9.257500684013934E-6, 1.5855947402593231E-4, 7.452837761515124E-4, 33.98524106075103, -12.777725519457434, 0.00498025068240995, -50.2545, 153.4063, 10485
0.0, 900.0, 5855.00954513516, -3.8461626554142208, 0.061339204406533815, 20.0, 0.014110167174222575, 484.979831493142, 13.361818205766594, 321.5340279446426, 1.7747006789483464E-6, 2.037369527259538E16, 0.5996903130735415, 0.1221232164505186, -0.002430003418747828, 0.6940067228184773, 0.23754516954170699, 1.318800868209637, 40678.32586066247, 40678.32586066247, 1.706048986596184E9, 1.706048986596184E9, 1.6091433319380387E-6, 166.7116364677529, 4.240801552583362E-5, 4.372049772641783E-4, 7.564142045962647E-4, 33.81786679411486, -13.295297317521257, 0.010131741070033267, -50.3272, 153.7058, 10490
0.0, 900.0, 6185.470199089264, 0.45139764257524506, 0.061339204406533815, 20.0, 0.014110167174222575, 498.21557959208917, 13.706345096616612, 282.33236183632846, 2.3297467235336503E-6, 5.652E16, 0.6580227577661011, 0.13617718394950135, 0.011653527423436533, 0.689695639520532, 0.2257743887642913, 1.6175648364007538, 42890.798681329325, 42890.798681329325, 1.7988400966949518E9, 1.7988400966949518E9, 2.4387081598452848E-6, 167.99978234780463, 9.597230198932213E-5, 7.535376540475362E-4, 7.519207960443605E-4, 33.73256276059803, -13.553152423402157, 0.013758202647973465, -50.3668, 153.8636, 10494
0.0, 900.0, 6534.582273330549, 6.644230106233275, 0.061339204406533815, 20.0, 0.014110167174222575, 511.78813805709484, 14.061150570551277, 213.82957142526024, 2.7237302716259473E-6, 5.652E16, 0.6890546255753439, 0.14495438119737594, 0.022230355610125846, 0.6904464286004564, 0.13092590392673256, 1.8786317111972775, 45227.296827997896, 45227.296827997896, 1.8968328289662318E9, 1.8968328289662318E9, 3.2323956513285994E-6, 168.86459556558182, 1.5342728632541214E-4, 0.0010301823629619102, 7.34499501739238E-4, 33.67003701769285, -13.760449161892074, 0.018768758203522425, -50.4093, 154.0301, 10501
0.0, 900.0, 6903.39846649217, 15.710474425196843, 0.061339204406533815, 20.0, 0.014110167174222575, 525.8783634894962, 14.426505871203055, 165.77559285328005, 3.0453075395339846E-6, 5.652E16, 0.7099812020855686, 0.15155324814165277, 0.031034493068327867, 0.6926468476711867, 0.1036023005482682, 1.9640335563096556, 47692.8000967848, 47692.8000967848, 2.0002360360591545E9, 2.0002360360591545E9, 3.978534057061737E-6, 169.0083637167434, 2.1452317753498838E-4, 0.0012882267280456081, 6.872723756663945E-4, 33.72133760506426, -13.71626845455072, 0.025869812067453063, -50.455, 154.2058, 10510
0.0, 900.0, 7293.030892222075, 27.556545174894417, 0.061339204406533815, 20.0, 0.014110167174222575, 540.3823904883642, 14.802689923758784, 95.401696333018, 3.3218606469260553E-6, 5.652E16, 0.7255317348322765, 0.15689577157664578, 0.0386695895696304, 0.7048613297490282, -0.049698619899175046, 1.794335213441825, 50295.23006633946, 50295.23006633946, 2.1093819489822772E9, 2.1093819489822772E9, 4.677312094345443E-6, 169.19636628442666, 2.7853400535882963E-4, 0.001533490768379555, 6.194064425967699E-4, 33.769670819283036, -13.657929119465205, 0.03193602116650693, -50.5031, 154.392, 10522
0.0, 900.0, 7704.654432606167, 41.966304444844894, 0.061339204406533815, 20.0, 0.014110167174222575, 555.3594841003942, 15.18998956267843, 14.949380496736232, 3.568594146393539E-6, 5.652E16, 0.7378456206108749, 0.1614412648978368, 0.0455049570146214, 0.6986510336615269, 0.05825250871833061, 1.9771099231589764, 53041.86797491562, 53041.86797491562, 2.2245759428679614E9, 2.2245759428679614E9, 5.328813863610005E-6, 169.42527678477944, 3.4543292575339534E-4, 0.0017706875460153548, 5.278884163295349E-4, 33.81286799820821, -13.584666100163096, 0.03677688419541181, -50.5537, 154.5891, 10536
0.0, 900.0, 8139.510280860919, 58.57127512929118, 0.061339204406533815, 20.0, 0.014110167174222575, 570.844464711738, 15.588699764425687, -91.98500240503468, 3.7937836707480214E-6, 5.652E16, 0.7479987965401763, 0.165430794993288, 0.051749251221075376, 0.6976273259377126, 0.07499665458422215, 2.096716029672231, 55940.73520752317, 55940.73520752317, 2.346154434603522E9, 2.346154434603522E9, 5.933559791606014E-6, 169.6893828171937, 4.1516149022449874E-4, 0.0020024291662399996, 4.106430274991718E-4, 33.84841752116394, -13.496096682502085, 0.040186210626336843, -50.6069, 154.7978, 10553
0.0, 900.0, 8598.909683977923, 76.53963807010169, 0.061339204406533815, 20.0, 0.014110167174222575, 586.9180546842131, 15.999123885414583, -232.0184888790825, 4.002554679749043E-6, 5.652E16, 0.7566109919136211, 0.1690086163842378, 0.057535306276689346, 0.7048709767012011, -0.022683643436890756, 1.9621728343959066, 59000.9108680018, 59000.9108680018, 2.4744982018039956E9, 2.4744982018039956E9, 6.492791322391823E-6, 169.9755346976582, 4.876803035333557E-4, 0.0022303496884482433, 2.683249449557059E-4, 33.874340410958666, -13.371399296038078, 0.04134160538640863, -50.6627, 155.0188, 10571
0.0, 900.0, 9084.237896605802, 92.30978072921637, 0.061339204406533815, 20.0, 0.014110167174222575, 603.7016343307456, 16.42157390538238, -414.9507705768464, 4.198422715473663E-6, 5.652E16, 0.7640745073766926, 0.1722698054128023, 0.06295623012612064, 0.7092740324494824, 0.040021507884530856, 1.764969340711714, 62233.139226443396, 62233.139226443396, 2.610057859157036E9, 2.610057859157036E9, 7.010055839536439E-6, 170.2270104405668, 5.630339661883082E-4, 0.002455400340501989, 1.1750058688728115E-4, 33.88875259559221, -12.9991355880536, 0.03494774706467437, -50.7211, 155.2527, 10586
0.0, 900.0, 9596.958358091866, 115.89089417944172, 0.061339204406533815, 20.0, 0.014110167174222575, 619.8303814896748, 16.85637067640485, -126.27569463870987, 4.384336085518831E-6, 5.652E16, 0.7706666574352574, 0.17528714038507473, 0.06809163225157919, 0.7071708619604907, 0.043593903024041585, 1.9028001754081434, 65658.72270960161, 65658.72270960161, 2.7537268304406915E9, 2.7537268304406915E9, 7.485480128836436E-6, 170.60343089601724, 6.367312685616717E-4, 0.0026799954383181822, 5.301348770584403E-6, 33.96629507820477, -15.224645209155915, 0.048669818052779604, -50.781, 155.4994, 10610
0.0, 900.0, 10138.617105278781, 138.91693276834627, 0.061339204406533815, 20.0, 0.014110167174222575, 637.3006382241336, 17.303844177775524, -288.79804361240593, 4.562051040801192E-6, 5.652E16, 0.7765647784554228, 0.17810592313678097, 0.07298918918421782, 0.7046366007875183, 0.08493767428113647, 2.0429674381166443, 69268.51617902232, 69268.51617902232, 2.9051215685481963E9, 2.9051215685481963E9, 7.916932676318977E-6, 170.9717676562264, 7.175912212653138E-4, 0.002904121424755696, -1.668211506972832E-4, 34.08586987406527, -14.895686762098205, 0.0454118921331739, -50.8553, 155.7613, 10633
0.0, 900.0, 10710.847434362446, 160.36775759361626, 0.061339204406533815, 20.0, 0.014110167174222575, 655.594107717502, 17.764333776975644, -518.2734678149361, 4.731734717595836E-6, 5.652E16, 0.7818623666776346, 0.18074191346824436, 0.07765342457792829, 0.7068204084932281, -0.07242562559917402, 2.2005775537316694, 73082.51002376321, 73082.51002376321, 3.0650804703966293E9, 3.0650804703966293E9, 8.309113033184637E-6, 171.3154944790911, 8.010133830012149E-4, 0.0031266452594831155, -2.9425811602281406E-4, 34.19887236930257, -14.515617374362327, 0.040610521638277434, -50.932, 156.0395, 10654
0.0, 900.0, 11310.847434362446, 178.3658791272111, 0.061339204406533815, 20.0, 0.014110167174222575, 675.0820520722589, 18.23468549629702, -874.9420414391604, 4.895294416339841E-6, 5.652E16, 0.7866864787109791, 0.18323497741200262, 0.08213706472754334, 0.710229138187641, 0.0103558396070665, 1.9701315168835367, 77084.89544697566, 77084.89544697566, 3.2329405150461593E9, 3.2329405150461593E9, 8.664173032412472E-6, 171.60433189361808, 8.874230124424255E-4, 0.0033487586888689973, -4.462417968144609E-4, 34.29195194154316, -13.89567644204195, 0.033343404959459345, -51.0103, 156.3326, 10672
0.0, 900.0, 11910.847434362446, 191.49792725309382, 0.061339204406533815, 20.0, 0.014110167174222575, 695.09094881208, 18.693206139074483, -1304.134756155936, 5.053065303461128E-6, 5.652E16, 0.791098408138072, 0.18559812412671625, 0.08644974245640427, 0.7136307171967788, 0.06452935457656668, 1.7936885740112158, 81096.08573445135, 81096.08573445135, 3.4011698357028894E9, 3.4011698357028894E9, 8.97432556840023E-6, 171.81533238310666, 9.765935091168982E-4, 0.0035698226414395003, -6.002698775586622E-4, 34.337203106896965, -13.204928466131065, 0.025454838862982918, -51.0854, 156.6268, 10686
0.0, 900.0, 12510.847434362446, 200.32816103855293, 0.061339204406533815, 20.0, 0.014110167174222575, 715.6142766264614, 19.140745972061776, -1773.5376121544912, 5.199840398095358E-6, 5.652E16, 0.7950059012290773, 0.18776193780574443, 0.0904504133018755, 0.7145383863929587, 0.0032876469593694736, 1.8645374736036973, 85115.93833451049, 85115.93833451049, 3.5697624537493696E9, 3.5697624537493696E9, 9.248857872651265E-6, 171.95733555245243, 0.0010649074675465429, 0.0037814515722063707, -7.462223963696993E-4, 34.33282241334464, -12.543276398661247, 0.018497274306801825, -51.1567, 156.9217, 10694
0.0, 900.0, 13110.847434362446, 207.63211465527928, 0.061339204406533815, 20.0, 0.014110167174222575, 734.3848913645953, 19.578058049154574, -2053.393896217624, 5.337719835890498E-6, 5.652E16, 0.7985156131988839, 0.18976580511666244, 0.09419814196689966, 0.713366871829979, 0.004350610451307499, 1.9680785555342808, 89130.55111786141, 89130.55111786141, 3.7381353138831077E9, 3.7381353138831077E9, 9.493309642223119E-6, 172.0748827990117, 0.001152642143303502, 0.003985725071860977, -7.895933945776693E-4, 34.213397762165634, -11.769820568331703, 0.016157904973283895, -51.2244, 157.2169, 10702
0.0, 900.0, 13710.847434362446, 223.15389718802035, 0.061339204406533815, 20.0, 0.014110167174222575, 745.7979584444208, 20.005813094826543, -1505.6111854375927, 5.467693842937868E-6, 5.652E16, 0.8016903950067397, 0.19163046042225804, 0.09772139734442728, 0.7123810853962623, -0.004626143548685118, 2.085011143771625, 93121.78968830782, 93121.78968830782, 3.90552785952763E9, 3.90552785952763E9, 9.708032018297692E-6, 172.32446183115758, 0.001230790085607873, 0.00418459181201074, -5.310807617945109E-4, 35.60873398181415, -12.560214877559414, 0.030051831472824867, -51.288, 157.5228, 10717
0.0, 900.0, 14310.847434362446, 238.36025066003643, 0.061339204406533815, 20.0, 0.014110167174222575, 763.7718977007711, 20.424611580008083, -1828.5848397356044, 5.589637115565982E-6, 5.652E16, 0.8045579619906084, 0.19335939211211303, 0.10101827660579496, 0.7125494979751429, -0.018645482996348998, 2.1440068546411197, 97141.53624207553, 97141.53624207553, 4.0741160299926476E9, 4.0741160299926476E9, 9.897624050505218E-6, 172.5696091088208, 0.0013156044505106446, 0.004375789117446858, -5.936551347054805E-4, 35.67209752553528, -11.774177139347024, 0.029717249453448995, -51.3558, 157.8299, 10732
0.0, 900.0, 14910.847434362446, 252.48063931064593, 0.061339204406533815, 20.0, 0.014110167174222575, 781.0510016967478, 20.834993611788494, -2087.2918648699697, 5.7056012456751245E-6, 5.652E16, 0.8071906168121854, 0.19498587804105383, 0.10414554352716188, 0.7135011036806332, 0.0464009983397925, 2.0498255283860374, 101160.80136413898, 101160.80136413898, 4.242684009211989E9, 4.242684009211989E9, 1.0064189188294858E-5, 172.79750164652557, 0.0013998040134692725, 0.004561620422309147, -6.257634509726959E-4, 35.6742818995699, -10.970299999942325, 0.02809321619507079, -51.4194, 158.1379, 10746
0.0, 900.0, 15510.847434362446, 264.6606754978577, 0.061339204406533815, 20.0, 0.014110167174222575, 796.9247087119247, 21.237447102049117, -2209.377603392792, 5.815491969790458E-6, 5.652E16, 0.8096048426743797, 0.19651187834029502, 0.10710174626388044, 0.7155415989733088, 0.01525082522235082, 2.005902259546017, 105170.20546811004, 105170.20546811004, 4.410838417332535E9, 4.410838417332535E9, 1.0210940054860542E-5, 172.99426367761296, 0.0014828743049916015, 0.004741167545475376, -6.135233680803144E-4, 35.61096479860118, -10.136598828328584, 0.025039087850891636, -51.4786, 158.4463, 10759
0.0, 900.0, 16110.847434362446, 274.8192387898376, 0.061339204406533815, 20.0, 0.014110167174222575, 812.1761687104869, 21.63241456752809, -2292.2439996007333, 5.919825779949413E-6, 5.652E16, 0.8118278822576273, 0.19794741363266502, 0.10990181594723294, 0.7176099594370186, -0.007204495224265572, 1.9485000172549196, 109175.04290370796, 109175.04290370796, 4.578801299381512E9, 4.578801299381512E9, 1.0341318342706543E-5, 173.1585235228616, 0.001564824206903673, 0.004914664509451602, -5.91267992570374E-4, 35.530951242721144, -9.32107805607814, 0.021843751818366158, -51.5333, 158.7544, 10769
0.0, 900.0, 16710.847434362448, 282.9969541171656, 0.061339204406533815, 20.0, 0.014110167174222575, 826.188482025255, 22.020298831543336, -2250.498978835422, 6.019436937045207E-6, 5.652E16, 0.8138902708247767, 0.19930627486308, 0.11256903299398241, 0.7190616069104214, 0.03733442334095239, 1.8511411071726502, 113170.5350821269, 113170.5350821269, 4.746372241344402E9, 4.746372241344402E9, 1.0457926518597765E-5, 173.2908458623693, 0.0016459109097122352, 0.005082993606512917, -5.406365230948791E-4, 35.4151620055977, -8.53286569439721, 0.01871097679466748, -51.5837, 159.0622, 10777
0.0, 900.0, 17310.847434362448, 289.66226353741894, 0.061339204406533815, 20.0, 0.014110167174222575, 837.4024285260964, 22.401467836718552, -1796.7977420819, 6.114802405457761E-6, 5.652E16, 0.8158121073596529, 0.20059683922193697, 0.11511692295629869, 0.7198813559062741, 0.010610797185943694, 1.8662817748953577, 117151.17484767971, 117151.17484767971, 4.913320273111687E9, 4.913320273111687E9, 1.05628765922893E-5, 173.39877252173943, 0.0017261164199422216, 0.005246626698680593, -4.029869341486536E-4, 35.20473410578312, -7.795945166377818, 0.0163541774023556, -51.6297, 159.3693, 10784
0.0, 900.0, 17910.847434362448, 294.8699019456279, 0.061339204406533815, 20.0, 0.014110167174222575, 848.8006040641392, 22.776258732474105, -1214.9991995791956, 6.206294703537726E-6, 5.652E16, 0.8176093928694635, 0.20182571862670284, 0.11755610293333879, 0.7198617930031495, 0.04860989084709247, 1.85511828185703, 121150.34321292995, 121150.34321292995, 5.081045394350282E9, 5.081045394350282E9, 1.0658789264536663E-5, 173.4831393257524, 0.0018055500784190013, 0.005405851453489652, -2.549907886066465E-4, 34.993138520183074, -7.061457439708232, 0.014084203191573821, -51.6718, 159.6749, 10789
0.0, 900.0, 18510.847434362448, 298.6842068392628, 0.061339204406533815, 20.0, 0.014110167174222575, 860.9821754695197, 23.144981366544023, -499.12801679051853, 6.295065948154124E-6, 5.652E16, 0.8193113340618586, 0.20300960748201172, 0.11991781105128588, 0.7195991475013311, -0.0019179705146556113, 1.9576015289758903, 125179.40059648959, 125179.40059648959, 5.250024061016773E9, 5.250024061016773E9, 1.0747307295815232E-5, 173.54494590762235, 0.0018849830874774192, 0.005562389894462012, -9.823016275568114E-5, 34.78203528295068, -6.329265776013856, 0.01191877658372319, -51.7099, 159.9789, 10793
0.0, 900.0, 19110.847434362448, 301.71554684344625, 0.061339204406533815, 20.0, 0.014110167174222575, 874.9490096994067, 23.50792128340439, 598.9882864954598, 6.3816593905875695E-6, 5.652E16, 0.8209331940267407, 0.2041566463280025, 0.12221687549718063, 0.71909584851677, 0.03230469673417529, 1.9829558829443832, 129275.67474009372, 129275.67474009372, 5.42182179859953E9, 5.42182179859953E9, 1.0830211659948069E-5, 173.59409575938764, 0.0019646381085076828, 0.00571711639918581, 1.1076575023592532E-4, 34.5049670564103, -5.798787065247031, 0.01076870560290244, -51.7441, 160.2814, 10796
0.0, 900.0, 19710.847434362448, 313.36498697147135, 0.061339204406533815, 20.0, 0.014110167174222575, 888.0803678161562, 23.865342312143866, -83.08188951851918, 6.467067022288946E-6, 5.652E16, 0.8224970505996692, 0.20528061262746589, 0.12447988233264318, 0.7189175421837213, 0.01113994849835585, 2.0549898761891754, 133201.60902016028, 133201.60902016028, 5.586475482305522E9, 5.586475482305522E9, 1.0902305247595782E-5, 173.78242128227734, 0.002030370484282032, 0.005873703039229227, -1.4463220511462231E-5, 37.129230972224114, -6.613765219226504, 0.025286901666732024, -51.7754, 160.606, 10807
0.0, 900.0, 20310.847434362448, 321.5618911506731, 0.061339204406533815, 20.0, 0.014110167174222575, 901.7610597388548, 24.217488810462395, 470.2188503223568, 6.546342327849865E-6, 5.652E16, 0.823917861740136, 0.2063174853019997, 0.1265763208198262, 0.7189372057693527, 0.03365887777257126, 2.061043489551696, 137241.45823882756, 137241.45823882756, 5.7559067585364275E9, 5.7559067585364275E9, 1.096827211425287E-5, 173.91542051555209, 0.0021065999013814515, 0.006020423657518838, 7.719682152140251E-5, 36.980847652146366, -6.122369543223305, 0.019680095956312135, -51.8111, 160.9296, 10816
0.0, 900.0, 20910.847434362448, 326.2229756162946, 0.061339204406533815, 20.0, 0.014110167174222575, 916.7068097372241, 24.56458761904906, 1290.9562441616422, 6.625174009344783E-6, 5.652E16, 0.8253022862814705, 0.20734258948798906, 0.12865711494978632, 0.7194728341039341, -0.012530248812751886, 2.1119151148952255, 141317.35487155546, 141317.35487155546, 5.926849863313036E9, 5.926849863313036E9, 1.1028524422159512E-5, 173.99108240983279, 0.002184433554551683, 0.0061673628532413535, 2.002059808305631E-4, 36.81295996638766, -5.758530777687624, 0.01393476783795402, -51.8442, 161.2521, 10820
0.0, 900.0, 21510.847434362448, 327.3251915094238, 0.061339204406533815, 20.0, 0.014110167174222575, 933.8567861054288, 24.906849770755944, 2305.3586453693256, 6.702349627621786E-6, 5.652E16, 0.8266309909910181, 0.2083405180090111, 0.130690404622133, 0.7201886390988512, -0.010447297057530629, 2.091417642176003, 145437.69282912597, 145437.69282912597, 6.099656837253543E9, 6.099656837253543E9, 1.1084847623020569E-5, 174.00901037039804, 0.0022627001866113777, 0.006312144308128524, 3.382636649639498E-4, 36.63944313674595, -5.431549256157357, 0.008148911520689478, -51.8753, 161.5734, 10821
0.0, 900.0, 22110.847434362448, 324.8538379656801, 0.061339204406533815, 20.0, 0.014110167174222575, 953.9582207746179, 25.24447199115229, 3482.661030921936, 6.778365931925923E-6, 5.652E16, 0.8279147356410931, 0.20931811292388292, 0.1326894724749227, 0.7210495998290102, 0.027208063043909277, 2.0181193496753944, 149606.95389069116, 149606.95389069116, 6.274515646175588E9, 6.274515646175588E9, 1.1138808027935097E-5, 173.9689579009082, 0.002341858100029837, 0.006455545215560997, 4.8420315309354484E-4, 36.46447200347632, -5.105688143512449, 0.0023372150926146916, -51.9046, 161.8934, 10819
0.0, 900.0, 22710.847434362448, 322.033841135677, 0.061339204406533815, 20.0, 0.014110167174222575, 982.4170561701485, 25.57763802076219, 5264.978505517812, 6.853613497612091E-6, 5.652E16, 0.8291617667601844, 0.21028070397972654, 0.13466471979893146, 0.7222301834308121, -0.034185802782889435, 2.035046502623664, 153940.37297209058, 153940.37297209058, 6.456259242449479E9, 6.456259242449479E9, 1.1192752625982238E-5, 173.92322237734462, 0.002421997756059522, 0.006598976957739984, 6.945871549435014E-4, 36.29248256900995, -4.885710409577525, 0.0018996738271794085, -51.9322, 162.2121, 10816
0.0, 900.0, 23310.847434362448, 320.2851007204923, 0.061339204406533815, 20.0, 0.014110167174222575, 1022.2058745969695, 25.90651978422047, 7517.692123837198, 6.93030884765523E-6, 5.652E16, 0.8304091874039727, 0.21125667940992962, 0.13667427292809134, 0.7232207008421833, 0.03965887820208256, 1.9161269266428331, 158476.10248474483, 158476.10248474483, 6.646487738210198E9, 6.646487738210198E9, 1.1246945768926366E-5, 173.89487441793915, 0.002505415701821227, 0.0067470567175706535, 9.4234769405909E-4, 36.115286655332596, -4.724173261511176, 0.0038329276514117686, -51.9586, 162.5295, 10814
0.0, 900.0, 23910.847434362448, 319.3798481329617, 0.061339204406533815, 20.0, 0.014110167174222575, 1073.4797347571478, 26.231278427466584, 10051.029354351398, 7.0089920964106884E-6, 5.652E16, 0.831664884691776, 0.21225266911355298, 0.13873202445904412, 0.7242528430664023, 0.009760311284618338, 1.9097313294144957, 163205.04642075425, 163205.04642075425, 6.844819646886434E9, 6.844819646886434E9, 1.130076716857866E-5, 173.88022560266262, 0.00259287769493449, 0.0069009001634570515, 0.0011986360765471069, 35.92988008450887, -4.570518772949908, 0.00539237750565527, -51.9841, 162.8454, 10813
0.0, 900.0, 24510.847434362448, 321.050812596482, 0.061339204406533815, 20.0, 0.014110167174222575, 1135.3474180908654, 26.552065240736752, 12770.874838268128, 7.089298769009471E-6, 5.652E16, 0.832922093293636, 0.21326380099236425, 0.14082816441545498, 0.7250007363634238, -0.019367498316107394, 1.919813198861388, 168197.21428224145, 168197.21428224145, 7.054191166997207E9, 7.054191166997207E9, 1.1354052135770361E-5, 173.87616285569953, 0.0026838883567380303, 0.007060381499631444, 0.0014506890827861323, 35.82959556807609, -4.513889745933633, 0.00984488325593799, -52.0088, 163.1599, 10815
0.0, 900.0, 25110.847434362448, 327.10404621285545, 0.061339204406533815, 20.0, 0.014110167174222575, 1206.3461752017868, 26.869022482357042, 15622.46227835095, 7.172094505822586E-6, 5.652E16, 0.834193222160472, 0.21430066756069832, 0.1429849636232835, 0.7253966403396988, -0.008170730858085538, 1.9116182521490792, 173547.8660535686, 173547.8660535686, 7.278597502286668E9, 7.278597502286668E9, 1.1404791704128054E-5, 173.7023784006146, 0.0027794194855208956, 0.007227887935739948, 0.0016923171752843795, 35.82095093024219, -4.5604274412812815, 0.017314983244129077, -52.0331, 163.4736, 10821
0.0, 900.0, 25710.847434362448, 337.1382372954387, 0.061339204406533815, 20.0, 0.014110167174222575, 1287.187784593496, 27.182284116064917, 18660.67016929673, 7.258134100274489E-6, 5.652E16, 0.8354880164469928, 0.2153722508408788, 0.14522162160816432, 0.7254638489892411, 0.031973747338197425, 1.8970481202221021, 179289.9425590042, 179289.9425590042, 7.519420190924637E9, 7.519420190924637E9, 1.1449494551829417E-5, 173.31793241523772, 0.0028807219046402036, 0.007405110096499109, 0.0019298186662824318, 35.82177545890919, -4.6257782329493295, 0.024125997772145007, -52.0578, 163.7874, 10831
0.0, 900.0, 26310.847434362448, 348.7543459367649, 0.061339204406533815, 20.0, 0.014110167174222575, 1369.6543078386796, 27.491976472700944, 21606.08170648631, 7.346889765153966E-6, 5.652E16, 0.8367966257936923, 0.2164714835673018, 0.14752392117439664, 0.7253855452789193, -0.029338485511933098, 2.0008456482953267, 185293.7115303502, 185293.7115303502, 7.771218261582888E9, 7.771218261582888E9, 1.148391491108636E-5, 172.62303161381536, 0.0029876051551776944, 0.007590604833077845, 0.002135398692169646, 35.863864801393504, -4.709081893569273, 0.026947504391178614, -52.0827, 164.1014, 10843
0.0, 900.0, 26910.847434362448, 357.7123191394053, 0.061339204406533815, 20.0, 0.014110167174222575, 1441.5078404952217, 27.79821884554133, 24092.750189026465, 7.435434031418779E-6, 5.652E16, 0.8380755851513294, 0.21756197651321701, 0.14981570793549925, 0.7252164819195998, 0.013718955978594037, 2.004601812873485, 191225.87076809935, 191225.87076809935, 8.020013020014087E9, 8.020013020014087E9, 1.1504760337637252E-5, 171.40727527791321, 0.0030970309675280574, 0.007777264850924057, 0.0022779252781014916, 35.97756799432011, -4.801760945608459, 0.02270462571104698, -52.1082, 164.4159, 10852
0.0, 900.0, 27510.847434362448, 364.14052774438966, 0.061339204406533815, 20.0, 0.014110167174222575, 1517.3558765309808, 28.101124027228455, 26681.58912890322, 7.5184938776673195E-6, 5.652E16, 0.8392519661145036, 0.2185794789351787, 0.15196097154949983, 0.7252658747320244, -0.03712040192716611, 2.0922382271145152, 197402.04906106353, 197402.04906106353, 8.279041937621004E9, 8.279041937621004E9, 1.1512861985544872E-5, 169.73995254364283, 0.003202348536729621, 0.007953897166886428, 0.002415641233178185, 36.092104474263145, -4.891178070718977, 0.018665673110451204, -52.1341, 164.7317, 10858
0.0, 900.0, 28110.847434362448, 368.09693723874614, 0.061339204406533815, 20.0, 0.014110167174222575, 1591.0195092474048, 28.400798795152635, 29175.27084649501, 7.600364619539613E-6, 5.652E16, 0.840390022643589, 0.21957735576708093, 0.15407119047941997, 0.7254576612651056, -0.029646566689340285, 2.1061136979726474, 203702.42028570833, 203702.42028570833, 8.543279506782607E9, 8.543279506782607E9, 1.1505370329239062E-5, 167.22529478466907, 0.003308749687352398, 0.008129263336623794, 0.0025316464747632285, 36.21541517839971, -4.96979117386063, 0.014722080042096639, -52.1605, 165.0486, 10862
0.0, 900.0, 28710.847434362448, 369.31261321358113, 0.061339204406533815, 20.0, 0.014110167174222575, 1633.7015907499112, 28.697344351208017, 30647.381889828303, 7.678711892740195E-6, 5.652E16, 0.841459684781937, 0.2205276705101843, 0.15608656221797956, 0.7258128330007625, 0.024777085540774815, 2.054368092731989, 209488.26238751953, 209488.26238751953, 8.78593772453257E9, 8.78593772453257E9, 1.1474938781115085E-5, 162.23612207013724, 0.0034131101140333253, 0.008298102378283115, 0.002551127210456005, 36.38748486370894, -5.001334498091896, 0.010323852495158187, -52.1873, 165.3668, 10863
0.0, 900.0, 29310.847434362448, 367.9084050266099, 0.061339204406533815, 20.0, 0.014110167174222575, 1675.8581882662215, 28.990856721057376, 32115.41507838971, 7.743895193710498E-6, 5.652E16, 0.8423355202387456, 0.22131492952124307, 0.15776030497423574, 0.7263496043121109, -0.029324156522148013, 2.0974335660105123, 215412.05198084854, 215412.05198084854, 9.034381460076788E9, 9.034381460076788E9, 1.142123877431722E-5, 156.97850015578095, 0.0035020633564632952, 0.008439141911509929, 0.0025666720883129567, 36.56152505279326, -5.033878374477849, 0.006099235770004631, -52.2143, 165.6868, 10862
0.0, 900.0, 29910.847434362448, 364.0279712274003, 0.061339204406533815, 20.0, 0.014110167174222575, 1716.7126649270324, 29.2814271173716, 33554.146606802744, 7.803998530347047E-6, 5.652E16, 0.843132009549419, 0.2220381525033245, 0.15930118817842923, 0.7268867520879071, -0.007015057255023778, 2.0559712996780624, 221486.4346614546, 221486.4346614546, 9.289141069701406E9, 9.289141069701406E9, 1.1344439937324888E-5, 151.4594944695642, 0.0035858408603170514, 0.008569410230843764, 0.0025767603383623763, 36.73874021051481, -5.068263631108884, 0.002103259437598388, -52.2415, 166.0085, 10858
0.0, 900.0, 30510.847434362448, 359.01858817017927, 0.061339204406533815, 20.0, 0.014110167174222575, 1315.2638884587914, 29.569142270938663, 18276.080184467082, 7.858979816838094E-6, 5.652E16, 0.843851491354344, 0.22269751764421009, 0.16070872332688696, 0.7274672382637538, -0.016194664693601615, 2.0422882888849943, 210181.6468746266, 210181.6468746266, 8.81501826992184E9, 8.81501826992184E9, 1.1368605512484485E-5, 164.29460752513054, 0.0036363377364726566, 0.00868894864205957, 0.0013496492599314675, 40.34068111576963, -3.872547931438453, 3.416114578237957E-4, -52.2689, 166.3619, 10853
0.0, 900.0, 31110.847434362448, 351.2778281641328, 0.061339204406533815, 20.0, 0.014110167174222575, 1360.5152580864421, 29.85408473304916, 20134.291254025396, 7.728409134558577E-6, 5.652E16, 0.8421285848956691, 0.22112817046912578, 0.1573629092373651, 0.7261996471177893, -8.266973039250274E-4, 2.072566542232643, 215093.7375323818, 215093.7375323818, 9.021031352108093E9, 9.021031352108093E9, 1.1345089044153142E-5, 160.9720189173484, 0.003459879453623892, 0.008400205610540166, 0.0014309033104096993, 40.55358097828062, -3.808869564802521, -0.004498639514053557, -52.2898, 166.7173, 10845
0.0, 900.0, 31710.847434362448, 340.55829357765356, 0.061339204406533815, 20.0, 0.014110167174222575, 1403.2130453151512, 30.136333152146197, 21843.36981053325, 7.782778449015924E-6, 5.652E16, 0.8428520018772472, 0.2217831030833538, 0.15875742909530716, 0.7266962948978083, -0.024721255286821203, 2.0812746775776985, 220002.22168655333, 220002.22168655333, 9.226893177534046E9, 9.226893177534046E9, 1.1311570389944927E-5, 157.49240861313632, 0.003535553550024404, 0.008515414003243292, 0.0014950076472458476, 40.76280566439389, -3.7399468254537034, -0.009347078833412889, -52.3104, 167.0748, 10835
0.0, 900.0, 32310.847434362448, 326.616829694111, 0.061339204406533815, 20.0, 0.014110167174222575, 1430.320630933592, 30.41596252736732, 22862.072858785865, 7.833805158837688E-6, 5.652E16, 0.8435231290976962, 0.2223958716652648, 0.16006448666271322, 0.7271921082471677, 0.007660342786309823, 2.029379585582501, 224732.359467376, 224732.359467376, 9.425275156061749E9, 9.425275156061749E9, 1.1269352919159225E-5, 153.70619200773518, 0.00360806043132424, 0.008622967677559898, 0.0015079653851248528, 40.962206538358814, -3.6708358762292117, -0.014608332826567443, -52.3306, 167.4343, 10821
0.0, 900.0, 32910.84743436245, 309.6591304744671, 0.061339204406533815, 20.0, 0.014110167174222575, 1455.8190421554507, 30.693044441294518, 23817.697887820643, 7.87972340462898E-6, 5.652E16, 0.8441207085213928, 0.2229457391423257, 0.16123925983821766, 0.727697617935427, -0.030809303474151506, 2.0474583255879173, 229499.8014282428, 229499.8014282428, 9.625221671900503E9, 9.625221671900503E9, 1.1217486295342265E-5, 149.84551182348105, 0.0036747344225911403, 0.00871885462194298, 0.0015150212810789683, 41.16240952397892, -3.5980558307786508, -0.01953848016544105, -52.3504, 167.7958, 10804
0.0, 900.0, 33510.84743436245, 290.7883064218757, 0.061339204406533815, 20.0, 0.014110167174222575, 1468.1611309652353, 30.967647273959113, 24210.96517022103, 7.9228614848345E-6, 5.652E16, 0.8446767045720865, 0.2234609861272289, 0.1623416708281407, 0.7281620248722922, 0.02943442365266081, 1.9669866366076372, 234089.8341756408, 234089.8341756408, 9.817727645326376E9, 9.817727645326376E9, 1.1157530726407376E-5, 145.5830366144832, 0.0037385153690121125, 0.008808405305443173, 0.0014861239948389543, 41.37521524287204, -3.570345199104596, -0.0226367935652507, -52.3698, 168.1592, 10785
0.0, 900.0, 34110.84743436245, 271.21404153558444, 0.061339204406533815, 20.0, 0.014110167174222575, 1463.761647067548, 31.239836399914363, 23864.27615258711, 7.961098386831333E-6, 5.652E16, 0.8451652166622112, 0.22391662676399327, 0.16331783045072545, 0.728585044153115, 3.843961330085963E-4, 1.9782804879214935, 238477.36695841854, 238477.36695841854, 1.0001740770236074E10, 1.0001740770236074E10, 1.1089142134384408E-5, 140.84304097749168, 0.0037961168127756237, 0.008887175781732341, 0.001414445359664958, 41.60848690228716, -3.6052620665043458, -0.02373014300722377, -52.3891, 168.5247, 10765
0.0, 900.0, 34710.84743436245, 250.92690557095412, 0.061339204406533815, 20.0, 0.014110167174222575, 1457.157706216033, 31.50967436998487, 23391.02368591436, 7.994128936482903E-6, 5.652E16, 0.845583990269861, 0.22430942721586183, 0.16416031939607723, 0.728943043922319, 0.015751782837933704, 1.9483935794727716, 243001.56407955004, 243001.56407955004, 1.0191485597496328E10, 1.0191485597496328E10, 1.100742166193418E-5, 136.07349949229481, 0.003846865949988928, 0.008954339788807974, 0.0013395031823293351, 41.84997260335436, -3.64575511436342, -0.024850818828999564, -52.4086, 168.8924, 10745
0.0, 900.0, 35310.84743436245, 229.4425817676174, 0.061339204406533815, 20.0, 0.014110167174222575, 1437.6479063145487, 31.77722107912441, 22260.021807959292, 8.024555776991074E-6, 5.652E16, 0.8459671394684339, 0.22467061280401535, 0.1649357768204316, 0.7292607606651114, 0.030648182246129977, 1.921259174659867, 247500.22664322512, 247500.22664322512, 1.038015950541686E10, 1.038015950541686E10, 1.0909084339352334E-5, 129.72164818398193, 0.003894445798610975, 0.00901545876571257, 0.0012323370620229712, 42.109161094573125, -3.746363874064218, -0.026784573739787213, -52.4282, 169.2625, 10723
0.0, 900.0, 35910.84743436245, 206.412556060761, 0.061339204406533815, 20.0, 0.014110167174222575, 1412.9350713700421, 32.04253392165818, 20762.34890756364, 8.049657633499434E-6, 5.652E16, 0.8462813654523105, 0.22496812012038145, 0.16557507402901064, 0.7294825092999391, -0.024971507412327575, 1.9678659944683425, 252140.90809968277, 252140.90809968277, 1.0574789685700695E10, 1.0574789685700695E10, 1.0787568860166153E-5, 122.68337384457631, 0.003934794330519736, 0.009064227553358941, 0.00111181925842721, 42.37866846448992, -3.8720394279191988, -0.029311426133866985, -52.4485, 169.6349, 10700
0.0, 900.0, 36510.84743436245, 181.7520899459425, 0.061339204406533815, 20.0, 0.014110167174222575, 1388.4938234059878, 32.305667935049456, 19125.635965193054, 8.069471161501743E-6, 5.652E16, 0.8465282088101106, 0.22520265329965886, 0.16607940150062986, 0.7296718232651827, -0.013086837095625643, 1.9496841373937015, 257065.5740223332, 257065.5740223332, 1.0781330174496655E10, 1.0781330174496655E10, 1.063735959100942E-5, 115.61114447796211, 0.003967788108301736, 0.009100611322430497, 9.912056208818926E-4, 42.65498599276594, -4.001864985170133, -0.031991872782390934, -52.4694, 170.01, 10676
0.0, 900.0, 37110.84743436245, 159.08632614094734, 0.061339204406533815, 20.0, 0.014110167174222575, 1377.3593547706093, 32.56667593321047, 18114.323562286576, 8.083796328941077E-6, 5.652E16, 0.8467060304327505, 0.22537205817703698, 0.16644387280348671, 0.7297960031856496, -0.022511275858361716, 1.955051599349103, 262683.2223815143, 262683.2223815143, 1.101693434668071E10, 1.101693434668071E10, 1.0447427939361766E-5, 109.42654189727132, 0.003992569482821212, 0.009125318199300323, 9.172733341271148E-4, 42.94916649063851, -4.198650353396836, -0.028643321649036893, -52.491, 170.3877, 10653
0.0, 900.0, 37710.84743436245, 138.2885836006186, 0.061339204406533815, 20.0, 0.014110167174222575, 1366.2280430508567, 32.82560863027245, 17008.332304707565, 8.093505804099805E-6, 5.652E16, 0.8468262496292334, 0.2254868020590952, 0.1666908333410956, 0.7298958774791403, 0.025507946931410407, 1.904533710623564, 268654.7744901704, 268654.7744901704, 1.1267381242117746E10, 1.1267381242117746E10, 1.0225870763099981E-5, 103.29194644972652, 0.004010404285061004, 0.009140245015730327, 8.784969725469455E-4, 43.246122829288616, -4.4013052425739065, -0.02551565196873471, -52.5137, 170.7681, 10632
0.0, 900.0, 38310.84743436245, 119.57140906933948, 0.061339204406533815, 20.0, 0.014110167174222575, 1352.927317509424, 33.082514755636154, 15634.36859014142, 8.096321218220471E-6, 5.652E16, 0.8468610628457716, 0.22552006218496026, 0.1667624320811775, 0.7299210759471418, 0.019684280634366426, 1.9096719977258918, 268654.7744901704, 268654.7744901704, 1.1267381242117746E10, 1.1267381242117746E10, 1.0225870763099981E-5, 99.17614753817047, 0.004017793041730776, 0.009140305011067685, 8.425812510463579E-4, 43.53224717512541, -4.600249298489508, -0.022048685696193598, -52.5374, 171.1513, 10614
