angle, time_diff, t, z, sigmah, sigmav, sigmas, rice, Nice, g_t, Qabs_t, Qsca_t, g_s, Qabs_s, Qsca_s, CCS, IWC, RHice, Re, v_sed, windshear_s, wind_u, wind_v, wind_w, lat, lon, altitude
0.0, 900.0, 1.0, -0.009996159329846434, 16.634052069844987, 3.659172832460008, 3.8508501296541207E-4, 1.8544787996712843E-6, 6.7004572819676664E13, 0.6094416707412434, 0.12428682567499899, -4.966767622770762E-4, 0.6913272697444246, -0.12281601228746601, 1.8474049541311013, 353.34322314529754, 3.062335210576471E-5, 146.6024212597806, 4.843747112342928E-5, 4.774443581763264E-4, 2.7938893249386024E-5, 40.76508262244645, 0.5979810710775277, -0.009833352524044065, -49.987, 150.5269, 10491
0.0, 900.0, 1.0, -0.009996159329846434, 16.63405206982474, 3.6543183549590306, 3.727033054858625E-4, 1.8544787996712843E-6, 6.7004572819676664E13, 0.6094416707412434, 0.12428682567499899, -4.966767622770762E-4, 0.6913272697444246, -0.12281601228746601, 1.8474049541311013, 381.93046734253534, 2.8331211319461303E-5, 146.60242728343795, 4.843741279165841E-5, 4.774441783318386E-4, 2.793889324990408E-5, 40.76508262244645, 0.5979810710775277, -0.009833352524044065, -49.987, 150.5269, 10491
0.0, 900.0, 1.0563896734925413, -0.010578368494060412, 16.70171473839024, 3.6545358853113994, 3.939454283687533E-4, 1.8812860732096956E-6, 6.2012814727674414E13, 0.6125995519765466, 0.12500218623510495, 1.6151603006148152E-4, 0.6913665891180367, -0.3763683618228556, 2.174903396643024, 383.50688122308344, 2.8214755221895842E-5, 146.6018141801925, 5.056847868665807E-5, 4.913472588031776E-4, 2.795322962077185E-5, 40.76497692030357, 0.5978602186291528, -0.00983340066318978, -49.987, 150.5269, 10491
0.0, 900.0, 1.1159591422616781, -0.011193427866868878, 16.772896409227904, 3.6547656680662555, 4.1641156477171496E-4, 1.8818234336957517E-6, 6.440272835883807E13, 0.6126622641369687, 0.12501646681558684, 1.7475121525306614E-4, 0.6905115589205233, -0.2726236743802931, 2.0726827810833734, 385.1655798944848, 2.80932491148336E-5, 146.60114469323224, 5.061181986732716E-5, 4.91627962003486E-4, 2.796837442389603E-5, 40.76486525791344, 0.5977325519391727, -0.009833449360659774, -49.987, 150.527, 10491
0.0, 900.0, 1.1788877139248306, -0.01184319201365385, 16.847765336172632, 3.6550083925047967, 4.401737768501087E-4, 1.882387249050845E-6, 6.693675302841062E13, 0.6127280390557485, 0.12503144796080415, 1.8863971102223154E-4, 0.683215292716629, 0.35109714175720913, 1.4505622746283495, 386.91053196842205, 2.7966549608730295E-5, 146.60046049491515, 5.065733128694621E-5, 4.919226006111567E-4, 2.7984373247458282E-5, 40.764747299210015, 0.5975976868227395, -0.00983350080583552, -49.987, 150.527, 10491
0.0, 900.0, 1.2453648071974204, -0.012529620313357873, 16.92649640520292, 3.655264786588338, 4.6530854379385597E-4, 1.8829786657831076E-6, 6.96231319837138E13, 0.6127970068705361, 0.1250471597692212, 2.0321001220488522E-4, 0.6864493953383178, 0.12232212800525856, 1.6810172302113082, 388.7458665533163, 2.7834514826798988E-5, 146.59973771473906, 5.070510006276543E-5, 4.922317579964494E-4, 2.8001274250143562E-5, 40.76462268918007, 0.5974552174387897, -0.009833555154637064, -49.987, 150.527, 10491
0.0, 900.0, 1.3155905220543846, -0.01325478288613337, 17.00927127044338, 3.655535619117733, 4.918970520253665E-4, 1.8835988260172026E-6, 7.247048763643311E13, 0.6128692968211805, 0.12506363218359676, 2.1849053257000373E-4, 0.6867022245610811, 0.0963449927632795, 1.7087573291372222, 390.67587706964713, 2.7697006715057034E-5, 146.59895236649015, 5.075521335026321E-5, 4.92556016537503E-4, 2.8019128307083095E-5, 40.76449105279542, 0.5973047150699702, -0.009833612570681266, -49.987, 150.5271, 10491
0.0, 900.0, 1.3897762420429134, -0.014020866862972707, 17.09627848255876, 3.655821702012073, 5.200255066444493E-4, 1.884248880746801E-6, 7.548782608976612E13, 0.6129450387699278, 0.1250808953404595, 2.34509933043886E-4, 0.6901723263533172, -0.2564482925219972, 2.063400021725832, 392.7050249512464, 2.7553893388433634E-5, 146.59814577313452, 5.080778767772141E-5, 4.928960503221153E-4, 2.8037989162208207E-5, 40.764351993884354, 0.5971457268332592, -0.009833673226862176, -49.987, 150.5271, 10491
0.0, 900.0, 1.4681452705594045, -0.014830183021698766, 17.187713608745153, 3.656123892713079, 5.497854655360419E-4, 1.8849300789847037E-6, 7.86845400600953E13, 0.6130243735538439, 0.12509898193403127, 2.51299321064824E-4, 0.6877026549138289, 5.274373784362914E-4, 1.808363849395015, 394.837943219609, 2.740504649718886E-5, 146.597271885725, 5.086291037913341E-5, 4.932524721160971E-4, 2.8057913589684883E-5, 40.764205093940255, 0.5969777743188356, -0.009833737306959947, -49.987, 150.5272, 10491
0.0, 900.0, 1.550933503005868, -0.015685172778543456, 17.283779343556954, 3.6564430967219734, 5.81274198807313E-4, 1.885643611008437E-6, 8.207041001696869E13, 0.6131074346874075, 0.12511792304999314, 2.688883899235328E-4, 0.6897207703809943, -0.21422776509118613, 2.0251523039876784, 397.0794399194482, 2.7250346164945895E-5, 146.59637176023165, 5.0920702224986487E-5, 4.93625979922463E-4, 2.80789615662755E-5, 40.76404991086241, 0.5968003521515688, -0.00983380500367272, -49.987, 150.5272, 10491
0.0, 900.0, 1.6383901368490124, -0.016588415602241873, 17.38468560985421, 3.656780270275938, 6.145950746161123E-4, 1.8863907792897301E-6, 8.565560336851181E13, 0.6131943682324644, 0.12513775270004118, 2.8730963418219235E-4, 0.6821622324946008, 0.3869920863807897, 1.4260632662829003, 399.43450140526176, 2.7089677918894795E-5, 146.59539906667834, 5.0981255947865785E-5, 4.940172179613556E-4, 2.8101196450335753E-5, 40.76388597762627, 0.5966129264719391, -0.009833876522090772, -49.987, 150.5272, 10491
0.0, 900.0, 1.7307784217193283, -0.017542636822825954, 17.49064964921597, 3.6571364231716252, 6.498579746296366E-4, 1.8871728251007956E-6, 8.945067152571384E13, 0.6132853125753674, 0.12515850321509556, 3.065940780255516E-4, 0.6846699145282098, 0.22464781459869163, 1.5906396073688807, 401.9082954705789, 2.6922937181184305E-5, 146.59437275317111, 5.104468822034032E-5, 4.944268861584654E-4, 2.8124685173758574E-5, 40.76371280087869, 0.5964149333313493, -0.009833952077433612, -49.987, 150.5273, 10491
0.0, 900.0, 1.8283764518080172, -0.01855071590886629, 17.601896101241394, 3.6575126217435883, 6.871797412690479E-4, 1.8879910826177411E-6, 9.3466544689406E13, 0.6133804163191124, 0.1251802093312452, 3.267750772276701E-4, 0.6877481339092676, -0.0263397137809148, 1.8439644183198975, 404.50617431385695, 2.6750028747782657E-5, 146.59331160582738, 5.111112395368346E-5, 4.948557353015231E-4, 2.8149498441185954E-5, 40.763529859454266, 0.5962057769974041, -0.00983403189823245, -49.987, 150.5274, 10491
0.0, 900.0, 1.9314780029469225, -0.019615695204147132, 17.71865707125199, 3.6579099920058593, 7.26684658911475E-4, 1.8888468873988083E-6, 9.771452421768983E13, 0.6134798275908244, 0.12520290575624735, 3.4788606570401726E-4, 0.6829796473416043, 0.32749274360863256, 1.4925784145567598, 407.23367733769516, 2.6570866286217346E-5, 146.59216881086317, 5.118066048990541E-5, 4.953044331752402E-4, 2.8175710947512975E-5, 40.76333660280766, 0.595984828163294, -0.00983411622594429, -49.987, 150.5274, 10491
0.0, 900.0, 2.040393416891125, -0.020740789150828193, 17.841172186015946, 3.6583297229653335, 7.685049736817013E-4, 1.8897415614299516E-6, 1.0220627244999056E14, 0.6135836922689422, 0.12522662676920676, 3.6996018902915595E-4, 0.6843518355986786, 0.2311436123510877, 1.5914870819114582, 410.09653378113563, 2.6385376347555776E-5, 146.59096280393533, 5.125342320790097E-5, 4.957737288404816E-4, 2.820340159757554E-5, 40.763132449357855, 0.5957514220568165, -0.009834205314605502, -49.987, 150.5275, 10491
0.0, 900.0, 2.1554505354659463, -0.021929394059795177, 17.96968863723834, 3.6587730701160366, 8.127814532027138E-4, 1.8906764927599476E-6, 1.0695379988648108E14, 0.6136921631866101, 0.12525140832765327, 3.9303227207673763E-4, 0.6884693065551689, -0.11830821775047033, 1.9436156193202379, 413.1006651883371, 2.6193497843219833E-5, 146.58971182972826, 5.132954371885734E-5, 4.962644086887446E-4, 2.8232653747464227E-5, 40.762916784739275, 0.5955048564428647, -0.009834299433773884, -49.987, 150.5275, 10491
0.0, 900.0, 2.2769956873901944, -0.023185098425190627, 18.104461212698915, 3.659241359123792, 8.596639915686526E-4, 1.8916530707687932E-6, 1.1196944964846297E14, 0.6138053925648643, 0.12527728634587512, 4.171372254378747E-4, 0.6828559792702056, 0.31783543769324407, 1.5102699187171278, 416.2521877208116, 2.599518151194447E-5, 146.58836850410242, 5.140912609519699E-5, 4.967771763240125E-4, 2.8263555452598478E-5, 40.76268895995421, 0.5952443895136974, -0.00983439886826991, -49.987, 150.5276, 10491
0.0, 900.0, 2.4053947307460524, -0.024511693813422105, 18.24575231507082, 3.6597359897112702, 9.093122627345121E-4, 1.8926726651561382E-6, 1.1726587917651619E14, 0.6139235295365132, 0.12530429613394442, 4.423095294662227E-4, 0.6874011926415898, -0.03238868452307843, 1.8634172413036658, 419.55741432470427, 2.5790393866064297E-5, 146.58695065858868, 5.149230222302934E-5, 4.973128141467902E-4, 2.8296199735791452E-5, 40.762448289421364, 0.5949692376603615, -0.00983450391796384, -49.987, 150.5277, 10491
0.0, 900.0, 2.5410341542335018, -0.02591318639839106, 18.393831968618063, 3.660258439753881, 9.618964270624082E-4, 1.8937367007365255E-6, 1.2285603915830388E14, 0.6140467287682845, 0.12533247437445785, 4.6858508381783515E-4, 0.6861272362765878, 0.07655234969186217, 1.7575287806552815, 423.0228567692291, 2.5579116069877942E-5, 146.58545409101052, 5.1579199960498716E-5, 4.978721078669302E-4, 2.8330684864587518E-5, 40.76219404891435, 0.5946785731189661, -0.009834614900861351, -49.987, 150.5278, 10491
0.0, 900.0, 2.684322240524125, -0.027393809135654416, 18.54897781414409, 3.6608102695974516, 0.0010175978959493849, 1.8948465950139612E-6, 1.287531497168147E14, 0.6141751431734138, 0.12536185746314235, 4.959996699125668E-4, 0.684005027086202, 0.2243642162890677, 1.6129029320408554, 426.65522757732765, 2.5361345276038073E-5, 146.58387436222955, 5.1669947607021107E-5, 4.984558426422075E-4, 2.8367114649385432E-5, 40.76192547338444, 0.594371521484689, -0.009834732152633786, -49.987, 150.5278, 10491
0.0, 900.0, 2.835690295216047, -0.028958034634718098, 18.711475092747424, 3.661393126609161, 0.001076610159597274, 1.8960037722206585E-6, 1.3497067393160823E14, 0.614308925490734, 0.1253924818757259, 5.245893006901037E-4, 0.6869030628998203, -0.009022988161574033, 1.8496136455782068, 430.46144187483554, 2.5137095388522757E-5, 146.58220678278286, 5.176467510740515E-5, 4.990648106357467E-4, 2.8405598754685603E-5, 40.76164175466012, 0.5940471590855028, -0.00983485602800866, -49.987, 150.5279, 10491
0.0, 900.0, 2.995593945089248, -0.030610588764857814, 18.88161661912902, 3.6620087499737233, 0.0011391396849694821, 1.897209660862972E-6, 1.4152228881018312E14, 0.6144482279506316, 0.1254243840976593, 5.543901633169313E-4, 0.6885559407079559, -0.17785474805224122, 2.0219104114008526, 434.4486191898698, 2.490639774347089E-5, 146.58044639877, 5.18635139137308E-5, 4.996998099178249E-4, 2.844625302793061E-5, 40.76134203901788, 0.5937045102090512, -0.00983498690185917, -49.987, 150.528, 10491
0.0, 900.0, 3.1645145095690648, -0.03235646503650274, 19.05970274538787, 3.662658975747361, 0.0012054068887421816, 1.898465691250254E-6, 1.4842185387253903E14, 0.6145932019389939, 0.1254576005533582, 5.854385614541269E-4, 0.6846292665145195, 0.16134318518545301, 1.6863229280972332, 438.6240852397341, 2.4669301695727595E-5, 146.5785879769379, 5.196659684670049E-5, 5.003616433605252E-4, 2.8489199854023008E-5, 40.76102542461567, 0.5933425441730114, -0.009835125170356826, -49.987, 150.5281, 10491
0.0, 900.0, 3.342960449526074, -0.03420093980264916, 19.2460413164322, 3.663345742182661, 0.0012756471944182614, 1.899773293032851E-6, 1.5568337755867128E14, 0.6147439976623928, 0.12549216753567996, 6.177708577193297E-4, 0.6884230455009018, -0.18776225768690052, 2.0391881346092333, 442.9953737482983, 2.442587509950549E-5, 146.57662598893023, 5.207405795842572E-5, 5.010511175383771E-4, 2.8534568515692946E-5, 40.76069095878231, 0.5929601722313986, -0.009835271252190898, -49.987, 150.5282, 10491
0.0, 900.0, 3.5314688977733284, -0.036149588327345966, 19.44094761832029, 3.6640710953380062, 0.0013501121803585433, 1.9011338927771663E-6, 1.6332098171528803E14, 0.6149007638179514, 0.1255281211363943, 6.514234170153788E-4, 0.6866786037075833, -0.023269855071446736, 1.8786085814889562, 447.57022834247357, 2.4176204672388765E-5, 146.57455459464728, 5.218603239876E-5, 5.017690416490465E-4, 2.8582495588802386E-5, 40.760337635154166, 0.5925562443066426, -0.009835425589858594, -49.987, 150.5283, 10491
0.0, 900.0, 3.7306072758678313, -0.038208301771021386, 19.64474432102379, 3.664837194985849, 0.0014290708284228346, 1.9025489116071164E-6, 1.713488644625754E14, 0.6150636472714783, 0.12556549717844356, 6.864325514354952E-4, 0.683554201036811, 0.21203803339989197, 1.6473702816387656, 452.35660458200334, 2.392039573456695E-5, 146.57234581803291, 5.230264659719699E-5, 5.025161973476398E-4, 2.863312535174368E-5, 40.75996439065068, 0.5921295455384645, -0.009835588651031272, -49.987, 150.5284, 10491
0.0, 900.0, 3.9409750020829173, -0.04038330513727823, 19.857761417273085, 3.6656463208347128, 0.0015128108825164597, 1.9040197465825795E-6, 1.7978126178412116E14, 0.615232790867158, 0.1256043307189709, 7.228340625312912E-4, 0.687449548626183, -0.115201040012072, 1.978839147605201, 457.3626721822324, 2.3658574310933265E-5, 146.57003675537496, 5.2424055530176186E-5, 5.032934455438484E-4, 2.868661021923114E-5, 40.75957010227974, 0.5916787926386173, -0.009835760929638247, -49.987, 150.5286, 10491
0.0, 900.0, 4.163205295692641, -0.04268117627611658, 20.08033615929561, 3.6665008790804166, 0.0016016403283451287, 1.9055478301716973E-6, 1.8863240822087356E14, 0.615408340216864, 0.12564465761407553, 7.60664716361964E-4, 0.683150764580886, 0.2257930357590402, 1.6422384980963316, 462.5968174947351, 2.3390884085784054E-5, 146.56759871489203, 5.255038962313264E-5, 5.041015834402231E-4, 2.8743111202686246E-5, 40.75915358376364, 0.5912026300415891, -0.009835942948840277, -49.987, 150.5287, 10491
0.0, 900.0, 4.397967082999168, -0.04510886592657446, 20.312812995390154, 3.667403409302669, 0.0016958890069337063, 1.9071345476848977E-6, 1.9791649708287553E14, 0.6155904341545706, 0.12568651233331066, 7.999602032814079E-4, 0.6887713665498588, -0.28472658660791655, 2.1573183184701485, 468.0676463156075, 2.311748772976384E-5, 146.56500261797564, 5.2681776940751615E-5, 5.04941388200018E-4, 2.8802798393709485E-5, 40.758713581974625, 0.5906996258384418, -0.009836135260483665, -49.987, 150.5288, 10491
0.0, 900.0, 4.645967010840436, -0.04767371892329924, 20.555543508389782, 3.668356591723794, 0.001795910373671884, 1.908781251093103E-6, 2.0764764061879472E14, 0.6157792062936747, 0.12572992832084925, 8.40755481790384E-4, 0.6877692476865391, -0.18495100676435872, 2.0622725736061516, 473.783987095782, 2.2838567561440114E-5, 146.5622625877889, 5.2818363939922424E-5, 5.058136829997362E-4, 2.8865851477273626E-5, 40.75824877317064, 0.5901682674833402, -0.009836338447897223, -49.987, 150.529, 10491
0.0, 900.0, 4.907951573638846, -0.05038349664039056, 20.808886358150318, 3.6693632548470254, 0.0019020834203993188, 1.9104893298698252E-6, 2.178398306020111E14, 0.6159747931016836, 0.1257749398580658, 8.83086536425215E-4, 0.6874726019669222, -0.1680058766936664, 2.05022968872243, 479.75489463186653, 2.2554324054256307E-5, 146.55939231266203, 5.296030204248091E-5, 5.067193165329957E-4, 2.893246027235291E-5, 40.75775775901898, 0.58960695725867, -0.009836553128428908, -49.987, 150.5291, 10491
0.0, 900.0, 5.184709360393545, -0.05324640069689883, 21.073207230257868, 3.670426383492436, 0.0020148147747673525, 1.9122601370505975E-6, 2.285068998025651E14, 0.6161773253692568, 0.1258215801079807, 9.269885493544405E-4, 0.6893573867346522, -0.3914624935603137, 2.2787634051611336, 485.98965431969077, 2.2264973710041588E-5, 146.55633960867323, 5.310771207297882E-5, 5.076590358330031E-4, 2.9002825304097874E-5, 40.75723906239635, 0.5890140074860732, -0.009836779954646921, -49.987, 150.5293, 10491
0.0, 900.0, 5.47707342837986, -0.056271097990193704, 21.34887879317589, 3.6715491272492478, 0.002134540996511786, 1.9140949750996218E-6, 2.396624848156152E14, 0.616386926566443, 0.12586988073969363, 9.724955514571754E-4, 0.6817041474429356, 0.27191563906876776, 1.620639275022278, 492.49778705593025, 2.197075128361003E-5, 146.5531172234134, 5.3260741923014996E-5, 5.086336549355009E-4, 2.9077158406410462E-5, 40.756691122953285, 0.5883876354692426, -0.00983701961529177, -49.987, 150.5294, 10491
0.0, 900.0, 5.785923810700875, -0.05946674722334699, 21.636280666048634, 3.672734809363899, 0.0022617310913749166, 1.915995171394644E-6, 2.5131999070886453E14, 0.6166037214314035, 0.1259198739113984, 0.0010196422963927865, 0.6866870534478908, -0.12818879192316995, 2.0261764524249988, 499.2890548758807, 2.1671906854876545E-5, 146.54971558858347, 5.341953373668348E-5, 5.096439778407261E-4, 2.915568336300682E-5, 40.756112292428604, 0.5877259581527756, -0.009837272839598775, -49.987, 150.5296, 10491
0.0, 900.0, 6.112190165239018, -0.0628430269103355, 21.935799399343257, 3.673986936083916, 0.002396889263091331, 1.9179620181701627E-6, 2.6349255793379234E14, 0.6168278290603765, 0.12597159068376793, 0.0010684627740335795, 0.6820599521541783, 0.23228325086513377, 1.6713173310359186, 506.373467417648, 2.1368705282016602E-5, 146.546124596339, 5.358422876531634E-5, 5.106907961453588E-4, 2.9238636577359866E-5, 40.755500829701255, 0.5870269864825794, -0.009837540398138304, -49.987, 150.5298, 10491
0.0, 900.0, 6.456854572981168, -0.06641016499703302, 22.247828470447597, 3.675309206478255, 0.0025405579334121272, 1.919996788911813E-6, 2.7619303191787084E14, 0.6170593647449208, 0.12602506144724449, 0.0011189906190174903, 0.6865361108294902, -0.14084511714416864, 2.0502398314604453, 513.7612893047543, 2.106142502938479E-5, 146.54233356885317, 5.375496879807703E-5, 5.117748979264219E-4, 2.9326267786900517E-5, 40.75485489556354, 0.5862886194496544, -0.009837823105596449, -49.987, 150.53, 10491
0.0, 900.0, 6.820954494140398, -0.0701789701809612, 22.57276829624605, 3.676705522755424, 0.0026933210527773526, 1.9221007386417555E-6, 2.894339357186287E14, 0.6172984399664886, 0.12608031592497984, 0.0011712591199067868, 0.6807372450659789, 0.29230757506989097, 1.6230630903627103, 521.4630485404668, 2.0750356389636477E-5, 146.53830942460962, 5.393188626156955E-5, 5.12897038357483E-4, 2.9418840817763676E-5, 40.75417254720112, 0.5855086378011292, -0.009838121823340557, -49.987, 150.5302, 10491
0.0, 900.0, 7.205585890972458, -0.07416086501268666, 22.91102626457367, 3.6781800011012793, 0.0028558077383811047, 1.9242750847641607E-6, 3.0322744607512944E14, 0.6175451601877071, 0.12613738266578514, 0.0012253007449734565, 0.6882585111358365, -0.3535997014596173, 2.2751282257913497, 529.4895460080934, 2.043580209925312E-5, 146.53408385138277, 5.411514260641096E-5, 5.140580484852573E-4, 2.9516634373632658E-5, 40.75345173236308, 0.5846846973991258, -0.009838437461775111, -49.987, 150.5304, 10491
0.0, 900.0, 7.611906526686857, -0.07836792096138548, 23.263016786301602, 3.679736983058981, 0.003028696269179722, 1.926521090510693E-6, 3.1758537313984925E14, 0.6177996342804489, 0.12619629122929768, 0.0012811492183375794, 0.6803015474610719, 0.2982536016932983, 1.6296144578007152, 537.8518661721384, 2.011807238417829E-5, 146.52960065877318, 5.430486550071888E-5, 5.152586719945587E-4, 2.9619942880186663E-5, 40.75269028320418, 0.5838143222081529, -0.009838770984668399, -49.987, 150.5307, 10491
0.0, 900.0, 8.041139450382474, -0.08281289538194034, 23.62916136963793, 3.6813810474741318, 0.0032127184833863724, 1.9288399183816885E-6, 3.3251914411490875E14, 0.6180619578691516, 0.1262570683359303, 0.00133883587856784, 0.6846267451502301, -0.0209530845629465, 1.9553413486909565, 546.5613890756695, 1.979748694111963E-5, 146.52486835070033, 5.450120651934108E-5, 5.16499695234576E-4, 2.9729077370385292E-5, 40.751885909782004, 0.5828948968905565, -0.009839123409679233, -49.987, 150.5309, 10491
0.0, 900.0, 8.494576678497534, -0.08750927072488753, 24.009888718041072, 3.6831170230286085, 0.00340866461525942, 1.9312327830811376E-6, 3.48039790952414E14, 0.6183322306302066, 0.12631974187433598, 0.0013983934827734856, 0.6850292354714304, -0.07056158205500754, 2.011649328171036, 555.6298037295941, 1.9474371360348824E-5, 146.5198728796634, 5.470431412481568E-5, 5.177819101882603E-4, 2.9844366422367293E-5, 40.75103619318893, 0.5819236589883521, -0.009839495814123652, -49.987, 150.5312, 10491
0.0, 900.0, 8.973583083855367, -0.09247129593548846, 24.405634852941777, 3.6849500013870746, 0.003617388625686214, 1.933700868396348E-6, 3.641579422111875E14, 0.6186105468315243, 0.1263843387160287, 0.0014598541419743316, 0.6785562099182648, 0.3695780145525122, 1.5783864342454426, 565.0691229899286, 1.914905603000537E-5, 146.51459940603672, 5.4914336721820955E-5, 5.191060999832297E-4, 2.9966157145892938E-5, 40.750138578298746, 0.5808976906682477, -0.009839889336966914, -49.987, 150.5314, 10491
0.0, 900.0, 9.479600504012163, -0.09771403024940327, 24.81684326225922, 3.686885350980512, 0.003839814076980499, 1.936245332652106E-6, 3.8088381909258006E14, 0.618896995926589, 0.12645088485506123, 0.0015232494576017386, 0.6862013043255903, -0.2119877482229628, 2.1670033692984405, 574.8917000196534, 1.8821874524492212E-5, 146.50903225340377, 5.513142318127854E-5, 5.204730419665308E-4, 3.009481623380658E-5, 40.74919036610659, 0.579813910006076, -0.009840305182828753, -49.987, 150.5317, 10491
0.0, 900.0, 10.014152081273139, -0.10325338952565506, 25.243965075480464, 3.688928731451453, 0.004076940615838421, 1.9388673584264287E-6, 3.9822723560820156E14, 0.619191668114672, 0.12651940670351558, 0.0015886117618707785, 0.6844005878772423, -0.05854787828458535, 2.0207857853954394, 585.1102464325197, 1.8493161503193933E-5, 146.50313306501536, 5.5355716906220404E-5, 5.218835043815307E-4, 3.023073106280193E-5, 40.74818870563936, 0.5786690617850296, -0.009840744625851267, -49.987, 150.532, 10491
0.0, 900.0, 10.578846847440785, -0.10910619521661005, 25.687459265856177, 3.6910861087858136, 0.00432985112774851, 1.9415680862226475E-6, 4.1619760276400856E14, 0.6194946468365864, 0.12658992935196156, 0.0016559724669176767, 0.6841859792067058, -0.049579312801475026, 2.019206425377786, 595.7378522173394, 1.8163253115204918E-5, 146.49692794028516, 5.5587391237543334E-5, 5.233383318395101E-4, 3.0374310861778428E-5, 40.747130585412584, 0.5774597077807329, -0.009841209013441776, -49.987, 150.5323, 10491
0.0, 900.0, 11.175384567095572, -0.115290226262738, 26.14779288005184, 3.6933637711563505, 0.004599719646517377, 1.9443487101750034E-6, 4.348039365792687E14, 0.6198060194789898, 0.1266624790641731, 0.0017253644531755041, 0.6824560312906329, 0.071686846436769, 1.9054915686908864, 606.7880075429496, 1.7832481962577027E-5, 146.490354806831, 5.582658599259497E-5, 5.248382854559616E-4, 3.052598794470141E-5, 40.7460128244087, 0.5761822165052912, -0.009841699772074513, -49.987, 150.5327, 10491
0.0, 900.0, 11.805560853987677, -0.12182427383165471, 26.625441295388118, 3.6957683455028065, 0.004887820095365656, 1.9472103743041055E-6, 4.5405486969767356E14, 0.6201258656891073, 0.1267370805621584, 0.0017968194840556062, 0.6806026314402208, 0.19027491870212185, 1.7946111074637254, 618.2746265463312, 1.7501179107527292E-5, 146.48341593836582, 5.607347050221226E-5, 5.263841990160678E-4, 3.068621901456744E-5, 40.7448320625499, 0.5748327523801042, -0.009842218409388748, -49.987, 150.533, 10491
0.0, 900.0, 12.47127257594037, -0.12872819938307759, 27.12088850460928, 3.6983068148736775, 0.005195535963161248, 1.9501542745476203E-6, 4.739586662914449E14, 0.6204542687539542, 0.12681375968232664, 0.0018703707543233916, 0.6857765710098938, -0.248603726111049, 2.2413471379128427, 630.2120732093737, 1.7169670146571154E-5, 146.47606891904886, 5.6328200988340615E-5, 5.279768826311537E-4, 3.085548653844214E-5, 40.74358475063771, 0.573407264306506, -0.009842766521630093, -49.987, 150.5334, 10491
0.0, 900.0, 13.174523564534132, -0.136022995978117, 27.634627427938188, 3.700986536554293, 0.0055243710156903094, 1.9531815882259036E-6, 4.945232399096139E14, 0.6207913076543413, 0.12689254152902185, 0.0019460511320625318, 0.6868576146207874, -0.3811857342294311, 2.381928777795312, 642.6151894336159, 1.683827635464728E-5, 146.46833554826003, 5.659096655553085E-5, 5.296172374992459E-4, 3.103430020319497E-5, 40.74226713972962, 0.5719014736011876, -0.009843345797064758, -49.987, 150.5338, 10491
0.0, 900.0, 13.917430646758003, -0.14373085328021626, 28.16716025201301, 3.70381526100548, 0.005875961167940398, 1.956293557414629E-6, 5.1575617387906325E14, 0.6211370662945612, 0.126973452637477, 0.0020238952453734416, 0.6789267301014967, 0.2644631308231262, 1.744413428042273, 655.4993254270414, 1.6507309940484796E-5, 146.46014922765193, 5.686192353670561E-5, 5.313060872990264E-4, 3.1223198449970875E-5, 40.74087526992086, 0.5703108612609236, -0.009843958023331444, -49.987, 150.5343, 10491
0.0, 900.0, 14.702230016783776, -0.15187522613778465, 28.718998795156573, 3.706801151636481, 0.006252087649036712, 1.9594913931415714E-6, 5.3766474383168744E14, 0.6214916227717994, 0.1270565184726203, 0.002103937090574437, 0.686367914532163, -0.3629110231944008, 2.380045468419164, 668.8803725227375, 1.617707638594332E-5, 146.45150743701268, 5.714126041536478E-5, 5.330443409026008E-4, 3.1422750098152663E-5, 40.739404958499364, 0.5686306545207569, -0.009844605090808579, -49.987, 150.5347, 10491
0.0, 900.0, 15.531283967042453, -0.16048090735431694, 29.290664898305522, 3.709952805434988, 0.0066546916100165415, 1.9627763779796947E-6, 5.602559419041604E14, 0.6218550607049805, 0.12714176608782238, 0.002186212601997556, 0.6827192757011828, -0.03164518632637044, 2.0571514301141507, 682.774798555999, 1.584787089429964E-5, 146.44236270549828, 5.7429154471184726E-5, 5.348328949662739E-4, 3.163355606024794E-5, 40.7378517874387, 0.5668558126672743, -0.00984528900141176, -49.9869, 150.5352, 10491
0.0, 900.0, 16.40708799886392, -0.16957410454448943, 29.8826908408245, 3.713279274476116, 0.007085890348603911, 1.9661497937970108E-6, 5.835365021374379E14, 0.6222274611354365, 0.1272292222374397, 0.002270757848243793, 0.6761656253413626, 0.3845401363366782, 1.6494401582947429, 697.1996859343234, 1.5519979443065343E-5, 146.43270969151638, 5.7725807887419215E-5, 5.366727184789695E-4, 3.1856251153146906E-5, 40.73621109019195, 0.5649810120651213, -0.00984601187345345, -49.9869, 150.5357, 10491
0.0, 900.0, 17.33227833408325, -0.17918252162360687, 30.49561978035044, 3.7167900883308715, 0.0075479953381356055, 1.9696130252759386E-6, 6.07512926591834E14, 0.6226089138691889, 0.1273189160500979, 0.0023576116309831086, 0.6835150595220763, -0.1275330704692564, 2.170076998401791, 712.1727725437194, 1.5193676454593803E-5, 146.4225197335684, 5.8031425321023796E-5, 5.385648171192751E-4, 3.209150601339113E-5, 40.73447793774843, 0.5630006303554085, -0.009846775950181305, -49.9869, 150.5362, 10491
0.0, 900.0, 18.309639850224052, -0.18933544489818332, 31.130006215753912, 3.72049527739309, 0.008043532276687863, 1.973167401565504E-6, 6.321915116896726E14, 0.622999499917463, 0.12741087491363856, 0.002446811520269848, 0.680075927591746, 0.1286937285129117, 1.9224892693657651, 727.7124956448785, 1.4869224587539771E-5, 146.41176255393736, 5.834621068394212E-5, 5.405101781166729E-4, 3.234002911702054E-5, 40.7326471239124, 0.5609087297804938, -0.009847583606242572, -49.9869, 150.5368, 10491
0.0, 900.0, 19.34211446314421, -0.20006383433037492, 31.786416472267515, 3.7244053971419704, 0.008575263398210877, 1.976814417264748E-6, 6.575783743003475E14, 0.6233993157148986, 0.1275051301838803, 0.0025383994031513146, 0.6813603729253893, 0.020045323382655737, 2.0398370298866597, 743.8380389240274, 1.4546873647395338E-5, 146.40038438644737, 5.86703759994709E-5, 5.425098601715082E-4, 3.260256891860578E-5, 40.73071314976077, 0.5586990395878737, -0.00984843735608104, -49.9869, 150.5373, 10491
0.0, 900.0, 20.432809982376273, -0.21140042001906975, 32.46542920781483, 3.728531553355137, 0.009146212322609664, 1.9805555498976293E-6, 6.836794770919808E14, 0.6238084529122704, 0.1276017124447972, 0.0026324169114258222, 0.6836328645900525, -0.18670119227324966, 2.2553265054841085, 760.5693828756928, 1.4226861594124336E-5, 146.38837322702358, 5.9004157994277464E-5, 5.445649883580854E-4, 3.2879916107652535E-5, 40.72867020723421, 0.5563649374632087, -0.009849339862133455, -49.9869, 150.538, 10491
0.0, 900.0, 21.58500946581761, -0.22337980450384948, 33.16763593957574, 3.7328854282846184, 0.009759691741347236, 1.9843923672428545E-6, 7.105006526888976E14, 0.6242270100372553, 0.12770065426942223, 0.002728908122339807, 0.6766575878219434, 0.30854619864222516, 1.7688476512887301, 777.9273587081633, 1.390941267109319E-5, 146.37569338183843, 5.934779548980221E-5, 5.466767197079549E-4, 3.317290599241806E-5, 40.726512161815066, 0.5538994299414406, -0.009850293945031115, -49.9869, 150.5386, 10491
0.0, 900.0, 22.80218110192848, -0.23603857098521125, 33.893641589843746, 3.737479307805192, 0.010419334298270244, 1.9883265235788626E-6, 7.380476261934955E14, 0.6246550919049262, 0.12780199010205714, 0.002827919474263141, 0.6835413258585379, -0.2063823894372001, 2.2925508835672943, 795.9337059770855, 1.3594737153900967E-5, 146.3622853687947, 5.970152907691527E-5, 5.488462414231037E-4, 3.348242102098944E-5, 40.7242325342402, 0.5512951317391601, -0.00985130259223215, -49.9869, 150.5393, 10491
0.0, 900.0, 24.087988649184023, -0.24941539787635697, 34.644065050266285, 3.742326109541226, 0.011129127044594747, 1.9923597059024277E-6, 7.663260356551648E14, 0.6250928036056028, 0.12790575485397102, 0.0029294984218273257, 0.6838706726617546, -0.2520221914543096, 2.3469503249168775, 814.6111341683811, 1.3283032187311423E-5, 146.34810936116932, 6.006561850397071E-5, 5.510748052530518E-4, 3.380939344378401E-5, 40.721824481197615, 0.5485442439523509, -0.009852368968380005, -49.9869, 150.5401, 10491
0.0, 900.0, 25.44630246420355, -0.2635511802520992, 35.41953976360802, 3.7474394119743484, 0.011893449921428753, 1.9964937176946477E-6, 7.953414500956141E14, 0.6255402594481659, 0.12801198604069555, 0.00303369555332883, 0.679856072993493, 0.07267736465294457, 2.0309727525360173, 833.9833884684574, 1.2974481711234383E-5, 146.3331450577485, 6.04403508610845E-5, 5.533637751960572E-4, 3.4154808123955935E-5, 40.71928077494975, 0.5456385310577665, -0.009853496427075243, -49.9869, 150.5408, 10491
0.0, 900.0, 26.88121115175244, -0.2784891584937605, 36.220714322237995, 3.7528334845300417, 0.012717118753889247, 2.000730472032519E-6, 8.250993847296578E14, 0.6259975819793481, 0.12812072357772658, 0.0031405644303862668, 0.6828547254163968, -0.18428881123473437, 2.296598959440183, 854.0753199774863, 1.266925549305137E-5, 146.31734800690134, 6.0826018191186327E-5, 5.5571456109795E-4, 3.451970551253719E-5, 40.71659378182562, 0.5425692966550177, -0.009854688522664273, -49.9869, 150.5416, 10491
0.0, 900.0, 28.39703387168382, -0.2942750544484591, 37.048253082611545, 3.7585233186365423, 0.013605433338353484, 2.005071954473613E-6, 8.556053130517566E14, 0.6264648977571227, 0.1282320088020501, 0.003250160663849283, 0.6814830858012864, -0.07572623728576679, 2.1966083566149073, 874.9129606402962, 1.2367509252114047E-5, 146.30064948384904, 6.122291417379679E-5, 5.581285984956318E-4, 3.4905184786725694E-5, 40.713755439519595, 0.5393273578819904, -0.00985594902209916, -49.9869, 150.5425, 10491
0.0, 900.0, 29.998333339864708, -0.3109572156790326, 37.90283679509648, 3.764524659744162, 0.014564231247176512, 2.0095202354126793E-6, 8.868646754913735E14, 0.6269423384866489, 0.12834588476559627, 0.0033625422359352952, 0.6749893263431506, 0.34692105323865685, 1.7824170066275322, 896.52360318909, 1.206938584493085E-5, 146.28299988965657, 6.163135809948253E-5, 5.606074207660618E-4, 3.531240716651012E-5, 40.71075723313205, 0.5359030184338303, -0.009857281918374799, -49.9869, 150.5434, 10491
0.0, 900.0, 31.689929562220097, -0.3285867684569797, 38.785163248576616, 3.7708540402874013, 0.015599948078739208, 2.014077523015953E-6, 9.188828843735378E14, 0.6274300464631795, 0.128462397562118, 0.0034777708504678817, 0.6752896917356911, 0.32559063805727495, 1.812057515376448, 918.9358864127728, 1.1775015511473894E-5, 146.26436858943237, 6.205170055321844E-5, 5.631526905462423E-4, 3.5742599423708116E-5, 40.70759016988316, 0.5322860401120613, -0.009858691445607753, -49.9869, 150.5444, 10491
0.0, 900.0, 33.47691434323532, -0.3472177798988739, 39.695947929354105, 3.777528813565902, 0.01671968497860866, 2.0187461445661267E-6, 9.516653248274628E14, 0.627928172278649, 0.12858159581552447, 0.0035959114776577816, 0.6822342635148098, -0.17719235755032997, 2.322972970632717, 942.1798860890174, 1.1484514708395546E-5, 146.24467846599043, 6.248428791155817E-5, 5.657660931871297E-4, 3.6197057579912314E-5, 40.70424475242828, 0.5284656128269214, -0.009860182094379302, -49.9869, 150.5454, 10491
0.0, 900.0, 35.36466661258814, -0.36690742964310036, 40.63592469396253, 3.7845671885134258, 0.017931284349761215, 2.023528542549705E-6, 9.852173519360546E14, 0.6284368741191252, 0.12870353054628408, 0.00371703227051548, 0.6780622417187545, 0.140581889372072, 2.0131197045927025, 966.2872119373284, 1.119798847441826E-5, 146.2238928019023, 6.292950836025127E-5, 5.684494662720838E-4, 3.667715082626394E-5, 40.700710950698515, 0.5244303229713303, -0.009861758627054632, -49.9869, 150.5465, 10491
0.0, 900.0, 37.35886861604456, -0.387716192096134, 41.60584645559442, 3.791988265316621, 0.019243414815108772, 2.0284272870356824E-6, 1.0195442833751548E15, 0.628956318784749, 0.12882825545181772, 0.0038412048942576826, 0.6836099273112055, -0.32843763073804305, 2.489812770659549, 991.2911109741873, 1.0915528861415796E-5, 146.2019280658636, 6.338774747468574E-5, 5.712046772485098E-4, 3.718432565392649E-5, 40.69697817218777, 0.5201681200834289, -0.00986342609678056, -49.9868, 150.5476, 10491
0.0, 900.0, 39.465523019354066, -0.4097080294249464, 42.60648588393832, 3.79981207183738, 0.020665666624389987, 2.033445082979713E-6, 1.0546513874206569E15, 0.6294866821388534, 0.12895582705387976, 0.003968504728895095, 0.6828207427253372, -0.2612466075796259, 2.4300097327040246, 1017.2265776748211, 1.0637216894951277E-5, 146.17871900372927, 6.385942418166837E-5, 5.74033727417867E-4, 3.772011022364261E-5, 40.69303523060134, 0.515666281707309, -0.009865189864819159, -49.9868, 150.5488, 10490
0.0, 900.0, 41.69097097662782, -0.4329505964214446, 43.63863611831077, 3.8080596007840706, 0.022208658877139506, 2.0385847736921686E-6, 1.0905438667631298E15, 0.630028149127138, 0.12908630474545707, 0.0040990109757405024, 0.6760104188587177, 0.2493022823310227, 1.9265229150523768, 1044.130471370186, 1.0363122564712896E-5, 146.15419668093395, 6.43449802726488E-5, 5.769387230642309E-4, 3.828611898483264E-5, 40.688870312779336, 0.5109113763612956, -0.009867055621744338, -49.9868, 150.5501, 10490
0.0, 900.0, 44.04191121758688, -0.45751545776764135, 44.70311149405648, 3.816752847567918, 0.02388416009262132, 2.0438493618551463E-6, 1.127226837652826E15, 0.6305809156168948, 0.12921975127972546, 0.004232807210995393, 0.6815517843511089, -0.15851928239111268, 2.3410380365797603, 1072.0416413323164, 1.0093305836193168E-5, 146.1283100153727, 6.484489514523362E-5, 5.799219229010093E-4, 3.888405755019017E-5, 40.68447094380127, 0.5058892245153914, -0.009869029408622783, -49.9868, 150.5514, 10490
0.0, 900.0, 46.5254202111341, -0.4834783186198454, 45.800748282274945, 3.825914848771307, 0.02570522391328869, 2.0492420051573296E-6, 1.1647053044456168E15, 0.6311451875266569, 0.12935623261042406, 0.00436998129671079, 0.6770026628267419, 0.17781367218142066, 2.010985221194792, 1101.0010600262012, 9.827815215513753E-6, 146.10093859094576, 6.535963824691815E-5, 5.829856035046453E-4, 3.951572785072089E-5, 40.67982395017545, 0.5005848574774077, -0.009871117640463346, -49.9868, 150.5528, 10490
0.0, 900.0, 49.148973465943236, -0.5109192689260483, 46.93240544301344, 3.8355697211448607, 0.027686341926397188, 2.0547659964337013E-6, 1.202984129552984E15, 0.6317211783379433, 0.12949581734005153, 0.004510624896941234, 0.6788616512586234, 0.04722349126066432, 2.1473948789278423, 1131.0519650317513, 9.566691779932398E-6, 146.0720446139751, 6.58897520271896E-5, 5.861322853003324E-4, 4.018303358303472E-5, 40.67491542101094, 0.4949824740818105, -0.00987332712952275, -49.9868, 150.5543, 10490
0.0, 900.0, 51.920468032181354, -0.5399230434521513, 48.098965392143505, 3.8457427010398817, 0.02984361590899703, 2.060424834508927E-6, 1.2420679988322522E15, 0.6323091160442108, 0.12963857845738624, 0.004654835304100546, 0.6779528831640438, 0.1096062505947359, 2.09032142080999, 1162.2400101651458, 9.309966255322614E-6, 146.041520487335, 6.643577544910288E-5, 5.893645398609499E-4, 4.08879859623682E-5, 40.66973066706502, 0.4890653950717576, -0.00987566511439825, -49.9868, 150.5559, 10490
0.0, 900.0, 54.84824627209599, -0.5705792971322465, 49.30133478221161, 3.856460184172164, 0.0321949521140798, 2.0662221635287957E-6, 1.2819613824868982E15, 0.6329092363355454, 0.12978459174578832, 0.004802713919702328, 0.6832360537842542, -0.3348468779496742, 2.539521845346992, 1194.6134263548222, 9.057661097948521E-6, 146.00925378717253, 6.699827491523409E-5, 5.926850582256321E-4, 4.1632709802774666E-5, 40.66425417755344, 0.48281601505766325, -0.009878139285990644, -49.9868, 150.5576, 10490
0.0, 900.0, 57.94112097101798, -0.6029828977296403, 50.5404452976232, 3.867749765602472, 0.03476028055331451, 2.0721617828710115E-6, 1.3226684915805845E15, 0.6335217831704976, 0.12993393597751454, 0.004954366529783788, 0.6756569263040637, 0.25541444841775746, 1.953391736235859, 1228.2231928535507, 8.809792535210517E-6, 145.97519214541057, 6.757788375497618E-5, 5.96096762703447E-4, 4.24194499438945E-5, 40.658469574606514, 0.47621575193410903, -0.009880757819192357, -49.9867, 150.5593, 10490
0.0, 900.0, 61.20840186436553, -0.6372342371853197, 51.81725446458373, 3.8796402798081835, 0.03756180272771189, 2.078247726580522E-6, 1.364193230303607E15, 0.6341470164389587, 0.13008669484697433, 0.005109905359834299, 0.6821864076351363, -0.23580802172257118, 2.4480731670681486, 1263.1232193943495, 8.566367658615182E-6, 145.9391908945582, 6.817522432716819E-5, 5.996026152058505E-4, 4.3250578039039446E-5, 40.65235956524662, 0.46924499363017436, -0.009883529406849263, -49.9867, 150.5612, 10490
0.0, 900.0, 64.65992366049736, -0.673439561480946, 53.132746476280246, 3.8921618407098966, 0.04062427167247061, 2.084484164041445E-6, 1.406539144166079E15, 0.6347852011594849, 0.13024295440536404, 0.005269446566692176, 0.6753050266949711, 0.2776811179984112, 1.9373125048957056, 1299.3705399243934, 8.327388958676975E-6, 145.90118652444787, 6.879099929740666E-5, 6.032058388866565E-4, 4.4128599728566066E-5, 40.64590589075817, 0.46188304206160913, -0.009886463292548487, -49.9867, 150.5632, 10490
0.0, 900.0, 68.30607564376545, -0.7117113223148611, 54.48793303384213, 3.905345881506347, 0.04397530879394767, 2.090875492571963E-6, 1.4497093643289745E15, 0.6354366164203964, 0.130402805314958, 0.00543311263304741, 0.6764096734093455, 0.21485896039132146, 2.002072611937512, 1337.025518577522, 8.092850406612806E-6, 145.8610009365254, 6.942588853429762E-5, 6.06909662405589E-4, 4.505616222074459E-5, 40.639089273314475, 0.45410805415299293, -0.009889569311506537, -49.9867, 150.5652, 10490
0.0, 900.0, 72.15783294687422, -0.7521685496787595, 55.88385420367143, 3.9192251941609575, 0.04764576261532739, 2.0974262446941223E-6, 1.49370654832208E15, 0.6361015453013601, 0.1305663404532424, 0.0056010300236229715, 0.6784737131617733, 0.08089490689702407, 2.1371224203027803, 1376.1520685723976, 7.86274344802878E-6, 145.8185798944817, 7.00806811769058E-5, 6.107176536593867E-4, 4.603606230210515E-5, 40.63188935971923, 0.4458969797861436, -0.009892857928159615, -49.9867, 150.5674, 10490
0.0, 900.0, 76.2267895866778, -0.7949372498429931, 57.321579291779706, 3.933833968373972, 0.051670115290850395, 2.1041412318267533E-6, 1.5385328174364932E15, 0.6367802888565336, 0.13073365842555584, 0.005773332896913258, 0.6823255199515801, -0.22775220395002502, 2.4459401345144207, 1416.8178847498416, 7.637052047841167E-6, 145.77375390479273, 7.075615087311596E-5, 6.146334217363559E-4, 4.707125480078932E-5, 40.62428466211481, 0.43722549653440934, -0.009896340284125869, -49.9867, 150.5697, 10490
0.0, 900.0, 80.5251933628552, -0.8401508269200472, 58.80220773581273, 3.949207829865603, 0.05608694360559308, 2.1110253950082998E-6, 1.584189691119395E15, 0.6374731502854114, 0.1309048597549421, 0.005950159310866454, 0.6818281453651059, -0.1743603272257218, 2.391739803600564, 1459.0946904893374, 7.415756690097075E-6, 145.72638976626172, 7.145313201957567E-5, 6.186607794275727E-4, 4.816486153057022E-5, 40.6162524955016, 0.4280679410271184, -0.009900028241540258, -49.9867, 150.5722, 10490
0.0, 900.0, 85.06598272451036, -0.8879505326881011, 60.326870015483735, 3.9653838777882346, 0.06093944220821883, 2.1180838983815154E-6, 1.6306780187388902E15, 0.6381804437438604, 0.13108004913149407, 0.006131653650486568, 0.6815456007660792, -0.13898032264133905, 2.35450790698837, 1503.0584997711944, 7.198834339147688E-6, 145.6763684253442, 7.217251865214079E-5, 6.22803767874449E-4, 4.932018074019582E-5, 40.60776891190637, 0.4183972367929618, -0.009903934436572856, -49.9866, 150.5748, 10490
0.0, 900.0, 89.86282571566767, -0.9384859453700484, 61.896728582173466, 3.9824007210796895, 0.06627601792884896, 2.1253221191182484E-6, 1.6779979091278272E15, 0.6389024925811333, 0.13125933506865287, 0.006317966403659225, 0.6812157022843501, -0.09769347163112362, 2.3102614131489907, 1548.7898951774898, 6.986257414901259E-6, 145.62351951199602, 7.291522543136668E-5, 6.270665474364468E-4, 5.054069710050029E-5, 40.59880863103064, 0.4081848184200889, -0.00990807233398209, -49.9866, 150.5775, 10490
0.0, 900.0, 94.93016111689131, -0.9919154789456337, 63.51297880848917, 4.000298513565222, 0.07215096540867062, 2.1327456141343826E-6, 1.7261486583560208E15, 0.6396396252815714, 0.13144282898597978, 0.006509253337247695, 0.6777965502069433, 0.17510178031328302, 2.0333351950926573, 1596.3743226517015, 6.777996214848127E-6, 145.56770759552165, 7.3682239356945E-5, 6.314535266030332E-4, 5.183009225420887E-5, 40.58934496720227, 0.3974005518663879, -0.009912456285205184, -49.9866, 150.5804, 10490
0.0, 900.0, 100.28324190686716, -1.0484069266750602, 65.1768499586069, 4.019118987613466, 0.07862523577483785, 2.1403601728286064E-6, 1.7751286762207575E15, 0.6403921799591878, 0.13163064641859618, 0.006705676888025036, 0.6795539765104219, 0.06599448788073826, 2.137078121834867, 1645.9024038641037, 6.574016849101755E-6, 145.50872337920148, 7.447455964015574E-5, 6.359692162298801E-4, 5.319225596680767E-5, 40.57934975244574, 0.38601265075120406, -0.009917101593616886, -49.9866, 150.5834, 10490
0.0, 900.0, 105.93818117476894, -1.1081380392637852, 66.8896061802507, 4.038905486151373, 0.08576731191063455, 2.148171739647709E-6, 1.824935411984449E15, 0.641160495910094, 0.13182290500623808, 0.006907404199098854, 0.6843213683646873, -0.3279415067824905, 2.5243567320310145, 1697.4702670576569, 6.374284605932885E-6, 145.4464131641355, 7.529327327642634E-5, 6.40618407540639E-4, 5.4631297904917476E-5, 40.56879325548005, 0.3739875884505022, -0.009922024581507339, -49.9866, 150.5866, 10490
0.0, 900.0, 111.91200062160786, -1.1712971428610852, 68.6525475191911, 4.0597029928455335, 0.0936542058955422, 2.156186488124147E-6, 1.8755652799256058E15, 0.6419449201547233, 0.13201972621968452, 0.007114609061205979, 0.6778967333713243, 0.2176877466626635, 1.970720922742327, 1751.1798972775493, 6.178762309790455E-6, 145.38059165778904, 7.613951079743835E-5, 6.454060756893402E-4, 5.6151560083052675E-5, 40.55764409644434, 0.3612900058190709, -0.009927242666477718, -49.9865, 150.59, 10490
0.0, 900.0, 118.22268179655741, -1.2380837975983439, 70.46701095717103, 4.081558160262383, 0.10237259663904409, 2.164410807333423E-6, 1.9270135853041438E15, 0.6427458052379929, 0.13222123491618545, 0.0073274715985830186, 0.6816521909504458, -0.029221371082865176, 2.208222831180866, 1807.1395069170244, 5.987411158650443E-6, 145.31106307186943, 7.701446083415571E-5, 6.503374138671453E-4, 5.775763001572377E-5, 40.54586915714361, 0.3478826143519198, -0.009932774440039533, -49.9865, 150.5936, 10490
0.0, 900.0, 124.88922022247789, -1.3087095003720537, 72.33437147419389, 4.1045193358280105, 0.11202012845143663, 2.1728512020230103E-6, 1.9792744513732792E15, 0.643563498705038, 0.13242755678793022, 0.007546175714122805, 0.6849036948345, -0.2997649544706947, 2.4679132357643576, 1865.4639275429874, 5.800191030071702E-6, 145.2376205209125, 7.791936196989696E-5, 6.554177791046528E-4, 5.9454354611411385E-5, 40.533433486600124, 0.33372609459824343, -0.009938639754362152, -49.9865, 150.5974, 10490
0.0, 900.0, 131.93168257356152, -1.3833984360468754, 74.25604313613294, 4.128636585419764, 0.1227068945438038, 2.1815144536260658E-6, 2.0323407480975578E15, 0.6443983579377458, 0.13263882219648396, 0.007770913287850234, 0.680018370552888, 0.14992608334070387, 2.005885258345629, 1926.2750239975894, 5.6170602713387805E-6, 145.16002378820397, 7.885550791812053E-5, 6.606527566696048E-4, 6.12468548500055E-5, 40.52030020168569, 0.31877898963534346, -0.009944859815494362, -49.9865, 150.6014, 10490
0.0, 900.0, 139.37126707720626, -1.4623882791335245, 76.23348020864627, 4.153961714436825, 0.1345571332468144, 2.1904074316208986E-6, 2.0862040232586632E15, 0.6452507310551671, 0.1328551614518965, 0.008001879317360544, 0.6844291889650346, -0.17382390669770226, 2.315786249079805, 1989.7021318069358, 5.437976943554809E-6, 145.0780418808941, 7.9824258745904E-5, 6.660481283396223E-4, 6.314054129285881E-5, 40.50643038260486, 0.3029975934061877, -0.009951457283601264, -49.9865, 150.6056, 10489
0.0, 900.0, 147.23036732193168, -1.5459310520815372, 78.26817829840618, 4.180548286215521, 0.14771116894339992, 2.199537236446926E-6, 2.14085443664701E15, 0.6461209699044598, 0.13307670819194498, 0.00823927564948057, 0.679929884604628, 0.22055472278689714, 1.9060294651240268, 2055.882518965918, 5.262898540942257E-6, 144.9914306848188, 8.082704502819481E-5, 6.716099276424607E-4, 6.514113046303757E-5, 40.49178296298956, 0.2863358337248183, -0.009958456382272097, -49.9864, 150.61, 10489
0.0, 900.0, 155.53263966340234, -1.6342940426983343, 80.36167552267793, 4.208451637677493, 0.16232763495881736, 2.208911078088662E-6, 2.196280698046854E15, 0.6470094176026622, 0.13330359631685476, 0.008483307851653077, 0.6828760651438854, 0.045109115017702116, 2.064564134478787, 2124.961873209402, 5.091782187125944E-6, 144.89993220563167, 8.18653576599023E-5, 6.773443728317365E-4, 6.725466215154231E-5, 40.47631461435749, 0.26874514974573005, -0.00996588301532493, -49.9864, 150.6148, 10489
0.0, 900.0, 164.3030744314547, -1.7277607866372908, 82.51555370830815, 4.237728892124817, 0.17858602134280305, 2.2185363609088094E-6, 2.2524700097252095E15, 0.6479164158388533, 0.13353596193927203, 0.008734187438587698, 0.6824044409491349, 0.12715151068194103, 1.9640899547834414, 2197.094815925406, 4.924584804293569E-6, 144.80327376358636, 8.294076029565964E-5, 6.832579253289282E-4, 6.948751769457094E-5, 40.45997962468028, 0.25017436369719936, -0.009973764893241083, -49.9864, 150.6197, 10489
0.0, 900.0, 173.56807115246514, -1.8266321191464856, 84.73143962121202, 4.268438969125955, 0.19668959750064738, 2.228420557506584E-6, 2.309408014129611E15, 0.64884229218437, 0.13377394022701916, 0.00899212860446022, 0.6815194308820867, 0.2335700888725062, 1.837748870545091, 2272.4454439161136, 4.761263255653055E-6, 144.70116713872017, 8.40548785866419E-5, 6.893572192891201E-4, 7.184643927875297E-5, 40.44272977079936, 0.2305695466734985, -0.009982131669565616, -49.9864, 150.625, 10489
0.0, 900.0, 183.35551801348282, -1.9312273028013713, 87.01100622747772, 4.300642591469587, 0.21686876744373448, 2.238571285001662E-6, 2.367078747486366E15, 0.6497873666124337, 0.13401766714697436, 0.009257350221668209, 0.6844688349534733, 0.06734441957782035, 1.982611984948444, 2351.1879002684145, 4.601773973871566E-6, 144.593286150083, 8.520939617408063E-5, 6.956490748951816E-4, 7.43385503266896E-5, 40.42451418442039, 0.2098738782839238, -0.009991015088024833, -49.9864, 150.6305, 10489
0.0, 900.0, 193.6948758073189, -2.0418852364722997, 89.35597398723883, 4.334402289199831, 0.23938492485012014, 2.2489962625050283E-6, 2.425464599969314E15, 0.6507519467992038, 0.13426727833687135, 0.009530074742118283, 0.6818851755713263, 0.3055208567866251, 1.7217068187412483, 2433.506975657904, 4.446074044443831E-6, 144.47930876696483, 8.640608432760626E-5, 7.021405588177893E-4, 7.697137702621302E-5, 40.40527921141034, 0.18802749995350432, -0.010000449140771996, -49.9863, 150.6364, 10489
0.0, 900.0, 204.61726661127196, -2.1589657535795364, 91.76811218250131, 4.369782400785782, 0.26453488584668905, 2.2597032766074117E-6, 2.4845462830790005E15, 0.6517363243082654, 0.13452290818431334, 0.0098105272982896, 0.6873873707613652, -0.05864624732312734, 2.0618787635843523, 2519.5987414798064, 4.294120767470575E-6, 144.35889452465946, 8.764678636636598E-5, 7.08838930527188E-4, 7.975287105699539E-5, 40.38496826411573, 0.1649673616756595, -0.010010470240054772, -49.9863, 150.6425, 10489
0.0, 900.0, 216.15556746641786, -2.2828510157711883, 94.24924028015171, 4.406849071520075, 0.2926559901381066, 2.270700114126945E-6, 2.544302804834058E15, 0.6527407679247962, 0.13478468814162847, 0.010098933935861865, 0.684196779577111, 0.2633573997416721, 1.7147418363917144, 2609.6712162778913, 4.145871700615729E-6, 144.23168343249947, 8.893341335903848E-5, 7.15751606865226E-4, 8.269143358355904E-5, 40.36352166641492, 0.14062706201543618, -0.010021117401949064, -49.9863, 150.6491, 10489
0.0, 900.0, 228.34450933944416, -2.4139470117956168, 96.80122933141722, 4.445670249284928, 0.32413197577395375, 2.281994660872104E-6, 2.6047114533306535E15, 0.6537655322616004, 0.13505274900435735, 0.01039552419243131, 0.6901818532519158, -0.18729773563187235, 2.139284620254097, 2703.9450670290007, 4.001284192389051E-6, 144.09727337155283, 9.026794251583133E-5, 7.228861888951309E-4, 8.579594057983556E-5, 40.34087649121239, 0.11493668116875266, -0.010032432444509961, -49.9863, 150.6559, 10488
0.0, 900.0, 241.22078166490996, -2.5526851683555707, 99.42600340910052, 4.486315677869107, 0.35939975000285496, 2.2935947471437373E-6, 2.6657477891728435E15, 0.6548108432770571, 0.13532721716514648, 0.010700527029792406, 0.6917719132808625, -0.2765076255848923, 2.201595377202256, 2802.6543469371577, 3.860316861600883E-6, 143.95528321397197, 9.165245246993997E-5, 7.302504962486077E-4, 8.907576955263568E-5, 40.3169663900794, 0.08782260688243726, -0.010044460200493505, -49.9863, 150.6632, 10488
0.0, 900.0, 254.82314278260984, -2.699524086604303, 102.12554108397082, 4.528856888064747, 0.3989571988986986, 2.3055082115127328E-6, 2.7273856472173145E15, 0.6558769038550083, 0.1356082160774914, 0.011014172482133738, 0.6921310888028451, -0.2149151969319432, 2.112544192896602, 2906.0472714980615, 3.7229271064947433E-6, 143.80524430983363, 9.308905075001308E-5, 7.378524041127693E-4, 9.254082773406115E-5, 40.291721414743456, 0.05920735305353553, -0.010057248747408867, -49.9863, 150.6709, 10488
0.0, 900.0, 269.19253660246443, -2.854951409290274, 104.90187694176056, 4.5733671868181744, 0.44337220164661645, 2.317742755230619E-6, 2.7895971480110335E15, 0.6569638806410809, 0.13589586277953666, 0.011336687791053485, 0.6897097786224919, 0.14024639025605964, 1.7296278396164577, 3014.387034712965, 3.5890740441272823E-6, 143.646727647578, 9.457996099271606E-5, 7.457000089581599E-4, 9.620158182076962E-5, 40.26506783012673, 0.029009370818795066, -0.01007084965135558, -49.9863, 150.679, 10488
0.0, 900.0, 284.3722158481064, -3.0194858389497075, 107.75710314229931, 4.619921644752951, 0.49329304292099074, 2.330306049726249E-6, 2.852352719231051E15, 0.6580719137175559, 0.1361902704094205, 0.011668300191748554, 0.6916439836511729, 0.051822872769482387, 1.7903009566758832, 3127.952667461018, 3.4587159686680773E-6, 143.47923525845653, 9.612745447099935E-5, 7.538014909336083E-4, 1.0006908933159402E-4, 40.23692791863466, -0.0028571480285490836, -0.01008531823256207, -49.9862, 150.6875, 10488
0.0, 900.0, 300.4078722501316, -3.1936793119209996, 110.69337102240915, 4.668597082425426, 0.5494604487715986, 2.3432055830059317E-6, 2.9156211273628615E15, 0.6592011031331502, 0.1364915445878314, 0.012009232812364296, 0.6924326732428595, 0.07394134413033795, 1.7407736254819404, 3247.0399401817895, 3.3318117822428534E-6, 143.3022628102727, 9.773388632359398E-5, 7.621651481155258E-4, 1.0415503166238531E-4, 40.20721977539747, -0.03648247547167793, -0.010100713845293735, -49.9862, 150.6966, 10488
0.0, 900.0, 317.3477740809056, -3.378119348529476, 113.71289274430133, 4.719472055712135, 0.612721508814404, 2.3564486176909E-6, 2.979369519778409E15, 0.6603515057512718, 0.136799782472755, 0.012359703494078222, 0.6930127080297465, 0.12398476205451053, 1.6640355509237323, 3371.962312175404, 3.2083204119788028E-6, 143.11527645403584, 9.940167634843329E-5, 7.707993304233232E-4, 1.0847174891735597E-4, 40.17585709417167, -0.07196155970344353, -0.010117100179949913, -49.9863, 150.7061, 10488
0.0, 900.0, 335.24291144491264, -3.573431594549828, 116.81794299134786, 4.772626840763689, 0.6840457912932406, 2.3700422581156475E-6, 3.043563477298116E15, 0.6615231416941546, 0.13711507436744735, 0.012719926490397826, 0.69649469655135, -0.18228779096780864, 1.944733001899478, 3503.051929996763, 3.088200236087383E-6, 142.91768969633839, 1.0113330170564983E-4, 7.797124413761354E-4, 1.1303227659809887E-4, 40.14274894361458, -0.10939424571053147, -0.010134545583537956, -49.9863, 150.7162, 10487
0.0, 900.0, 354.1471497619802, -3.7802825689774933, 120.01086071326586, 4.8281434189904, 0.7645440087824533, 2.383993268459826E-6, 3.108167077243745E15, 0.6627159793743925, 0.13743749955976015, 0.013090107566192388, 0.6969056679124792, -0.11076224513794544, 1.8491861796629525, 3640.6606776032504, 2.9714094949912657E-6, 142.7088827827207, 1.0293129416039235E-4, 7.889128646718937E-4, 1.178503842307015E-4, 40.10779953365488, -0.14888550415198987, -0.010153123400507396, -49.9863, 150.7268, 10487
0.0, 900.0, 374.1173919053724, -3.9993826416728258, 123.29405092294985, 4.886105462570036, 0.8554896521576048, 2.3983081016994803E-6, 3.173142966911516E15, 0.6639299391548402, 0.1377671271069801, 0.01347044465988484, 0.696488738741871, 0.0721528597792018, 1.644260945009115, 3785.1612811121054, 2.8579071656444987E-6, 142.48824295571805, 1.0479828464133864E-4, 7.984090760062492E-4, 1.229406160096193E-4, 40.07090797169218, -0.19054566866129985, -0.01017291233500598, -49.9863, 150.738, 10487
0.0, 900.0, 395.2137494827975, -4.231489262540036, 126.66998654742925, 4.946598320987181, 0.9583440805764424, 2.412992792139411E-6, 3.238452447317807E15, 0.6651648855430355, 0.1381040134930444, 0.013861124916476869, 0.6991473600521267, -0.2035052223569509, 1.9003929662479524, 3936.9484712346257, 2.7476503896318293E-6, 142.25505596896116, 1.0673689582862739E-4, 8.082093428468177E-4, 1.2831833354401553E-4, 40.03196800837542, -0.23449068169708243, -0.010193996834213667, -49.9863, 150.7498, 10487
0.0, 900.0, 417.49972377589546, -4.47741046097973, 130.14121033572152, 5.0097090091260466, 1.0747856371952058, 2.428052943191551E-6, 3.304055566993737E15, 0.6664206278336517, 0.13844820252540224, 0.014262324233784374, 0.7001377469365088, -0.25509688487375776, 1.9354216003505096, 4096.440206679485, 2.6405973479718983E-6, 142.00863087104563, 1.0874985724038695E-4, 8.183219898487482E-4, 1.3399976077730838E-4, 39.99086777272932, -0.2808423490695193, -0.01021646748944825, -49.9864, 150.7623, 10486
0.0, 900.0, 441.0423968828444, -4.738008651353451, 133.71033682671464, 5.075526197443957, 1.2067434563196926, 2.4434936102454726E-6, 3.369911225529747E15, 0.6676969122584684, 0.13879972286728695, 0.014674204003190389, 0.7007240302026991, -0.25863447449281274, 1.9258327717378587, 4264.078962056934, 2.5367046719951768E-6, 141.74819128443346, 1.1083989325346257E-4, 8.287550849952021E-4, 1.4000203116105656E-4, 39.9474894964185, -0.32972860325218534, -0.010240421461073531, -49.9865, 150.7755, 10486
0.0, 900.0, 465.91263363943585, -5.0142047645461405, 137.38005438065755, 5.1441402047507525, 1.3564367402798514, 2.459319282455334E-6, 3.435977286497408E15, 0.6689934228061258, 0.13915858788458754, 0.015096910467458646, 0.7011249154625561, -0.24714127893370305, 1.9051044227723526, 4440.333084069371, 2.4359278736209925E-6, 141.47289387813913, 1.1300973756010982E-4, 8.395164635727183E-4, 1.4634323715047854E-4, 39.90170922697064, -0.3812837756104921, -0.010265962917639053, -49.9865, 150.7894, 10486
0.0, 900.0, 492.1852949264137, -5.306982741486041, 141.1531272783887, 5.215642994110076, 1.5264204155091057, 2.4755337280669688E-6, 3.5022106993030365E15, 0.6703097711889053, 0.13952479244138252, 0.01553057042143205, 0.7012109070041679, -0.19788885013603313, 1.850928547891276, 4625.698220042029, 2.3382237079137517E-6, 141.18193041141356, 1.1526221556107959E-4, 8.50613857472732E-4, 1.5304248208625713E-4, 39.85339652981019, -0.43564887767341576, -0.010293203493705973, -49.9866, 150.8041, 10486
0.0, 900.0, 519.9394630051444, -5.617394433409287, 145.03239789311488, 5.290128172361979, 1.719638231879276, 2.4921400239466083E-6, 3.568567629456532E15, 0.6716455023426539, 0.13989831393043703, 0.015975291816111015, 0.6997461000659885, 0.09208876605262423, 1.5607084217260452, 4820.698886676538, 2.243545607406453E-6, 140.87433470575098, 1.1760005859069393E-4, 8.620544671728779E-4, 1.622646802815575E-4, 39.802414178993295, -0.4929718915845971, -0.0103222627628293, -49.9867, 150.8196, 10485
0.0, 900.0, 549.2586795598918, -5.946564926349766, 149.02078894040196, 5.367690993742799, 1.9394845493749853, 2.509140360395347E-6, 3.635003575941873E15, 0.6730000820678844, 0.14027910828021772, 0.016431158340169866, 0.6987618398975161, 0.2289947433431281, 1.428540780874221, 5025.890173138421, 2.1518475628806435E-6, 140.5491472525897, 1.2002604043735874E-4, 8.738452018630568E-4, 1.7949255328405278E-4, 39.748617836582774, -0.5534080699304162, -0.010353268715000587, -49.9869, 150.8359, 10485
0.0, 900.0, 580.2311971632184, -6.295698357842262, 153.12130581309356, 5.448428368048381, 2.1898762674945687, 2.526536010052367E-6, 3.7014734142664895E15, 0.6743728985354035, 0.14066710974001398, 0.016898228371529905, 0.6989577309014705, 0.17454046067938372, 1.4929260259740806, 5241.858866905149, 2.063082789549999E-6, 140.2053477279199, 1.2254290642054843E-4, 8.859924955207603E-4, 1.9751893480925338E-4, 39.69185572064931, -0.6171202451299465, -0.01038635824533676, -49.987, 150.8531, 10485
0.0, 900.0, 612.9502449214388, -6.666084257192951, 157.33703900919187, 5.53243887375096, 2.4753366001059898, 2.544327185051821E-6, 3.767931900815079E15, 0.6757632553326629, 0.1410622282230436, 0.017376530920216432, 0.6985816998028409, 0.17219807041817775, 1.5104969329312008, 5469.2257755613255, 1.977202440985388E-6, 139.84180874553644, 1.2515330019744825E-4, 8.985020816481026E-4, 2.1638589667525123E-4, 39.631968261949844, -0.6842791486744066, -0.010421677636709505, -49.9872, 150.8713, 10484
0.0, 900.0, 647.5143090997319, -7.059104463176754, 161.67116666237877, 5.6198227764392525, 2.801092687882173, 2.562512990048908E-6, 3.834333491058308E15, 0.677170372629314, 0.14146434886330622, 0.01786606412969219, 0.6984927325487525, 0.10336778939872562, 1.5998336839416216, 5708.647419542401, 1.8941576485252126E-6, 139.45737432341062, 1.2785983849194715E-4, 9.113791382143859E-4, 2.3613834523013741E-4, 39.56878774940135, -0.7550637405591121, -0.01045938303252035, -49.9874, 150.8905, 10484
0.0, 900.0, 684.0274295716143, -7.476240680477071, 166.12695718691444, 5.71068205290638, 3.1731893791859056, 2.5810911455416802E-6, 3.9006326052757535E15, 0.678593371123333, 0.14187332656991025, 0.018366787581338, 0.6989649275428652, -0.07165243943281112, 1.80047831770767, 5960.81803340578, 1.8138979919631806E-6, 139.05079163548896, 1.306649919977002E-4, 9.246279076583485E-4, 2.5714598211414404E-4, 39.50213796454402, -0.8296615493548702, -0.010499640890967313, -49.9877, 150.9107, 10483
0.0, 900.0, 722.5995129851, -7.9190827326676185, 170.70777205122621, 5.805120421162148, 3.598621906769875, 2.600058057515095E-6, 3.9667837861311715E15, 0.6800312834571314, 0.14228898833199236, 0.01887862390462347, 0.6977736978248187, -0.016210791405373334, 1.7754662615878296, 6226.471704475747, 1.7363715021906406E-6, 138.62070508505872, 1.3357108009443935E-4, 9.38251705819498E-4, 2.8026799882761676E-4, 39.43183380527924, -0.9082690235078394, -0.010542628402586752, -49.9879, 150.932, 10483
0.0, 900.0, 763.3466635881991, -8.389337573600576, 175.4170686977332, 5.903243376595944, 4.085490651436155, 2.6194085251754944E-6, 4.032741821491926E15, 0.6814830383311188, 0.14271112761855742, 0.01940145062962728, 0.6973575763573427, -0.08185864702855553, 1.8758751239409726, 6506.38416330567, 1.6615262636885012E-6, 138.16571141578368, 1.3658028432110743E-4, 9.522528329042284E-4, 3.0340359565839196E-4, 39.3576808992672, -0.9910918946324654, -0.010588533858605094, -49.9883, 150.9545, 10482
0.0, 900.0, 806.3915327095585, -8.888839140256538, 180.25840363050477, 6.0051582344652, 4.643181725921335, 2.639135649297175E-6, 4.0984621235054915E15, 0.6829474608216055, 0.14313950331063363, 0.019935097427283943, 0.6969272999745767, -0.1525740629213436, 1.9850457738652472, 6801.37555930433, 1.589308793858014E-6, 137.6842898877651, 1.396945432534707E-4, 9.666322984671493E-4, 3.265425885882599E-4, 39.27947520747687, -1.0783455537708595, -0.010637556950148064, -49.9887, 150.9782, 10482
0.0, 900.0, 851.8636879462005, -9.418300352050723, 185.23543363075393, 6.110974178832978, 5.2803967629916375, 2.659230574352011E-6, 4.163900675003201E15, 0.6844232609751572, 0.14357383511342509, 0.02047933884626016, 0.695513952078843, -0.0947033627389462, 1.9685280746169282, 7112.31276394434, 1.519664636812754E-6, 137.20451990531154, 1.4291562838442403E-4, 9.813896308763655E-4, 3.497140303680521E-4, 39.19894524672266, -1.173875330732212, -0.01066222712108026, -49.9891, 151.0032, 10481
0.0, 900.0, 899.9000031696388, -9.970352620101114, 190.35190787336114, 6.220802318027847, 5.994913422129715, 2.6797005047294005E-6, 4.229014099651316E15, 0.685910343900404, 0.14401419132024237, 0.021034382810310337, 0.6944989393863711, -0.09105798695780423, 2.0082285459854092, 7440.11206884222, 1.4525413134678554E-6, 136.9042325906009, 1.4624868152448696E-4, 9.965365606859158E-4, 3.733570671238328E-4, 39.12759029601081, -1.299774000540519, -0.010495837502567619, -49.9896, 151.0296, 10481
0.0, 900.0, 950.6450705243117, -10.545490451681285, 195.611710909099, 6.334755746650705, 6.81424101639817, 2.7006487325967184E-6, 4.293758463433658E15, 0.6874154645448706, 0.14446268998225537, 0.021603046786283164, 0.6910562789357104, 0.16972486353090652, 1.791959067898597, 7785.741736074757, 1.387882459046259E-6, 136.58544637998267, 1.497132325552648E-4, 0.001012156783395975, 3.9736256483633E-4, 39.052330838138005, -1.4324212294154153, -0.01032168868578829, -49.9902, 151.0574, 10480
0.0, 900.0, 1004.2516356584715, -11.14415402581501, 201.0188286052532, 6.452949614107498, 7.754646398207635, 2.7220730835423544E-6, 4.358095189973043E15, 0.6889376030343908, 0.14491916511543648, 0.022185291658604445, 0.6899729863848468, 0.1779685414478413, 1.8282230560837218, 8150.22502390819, 1.3256314053909535E-6, 136.24689634284553, 1.5331310884179113E-4, 0.0010282569282742912, 4.2175333627502196E-4, 38.97296294699438, -1.5721616454471268, -0.010139449226528801, -49.9909, 151.0867, 10480
0.0, 900.0, 1060.8810574976033, -11.766717146222653, 206.5773644282505, 6.575501199604492, 8.835018594766481, 2.7439696428396685E-6, 4.421984526258732E15, 0.6904756315170459, 0.14538341491951795, 0.022781029039206258, 0.6898242101936815, 0.11549477249619056, 1.9339159023355217, 8534.64324137953, 1.2657307613032762E-6, 135.88721047657356, 1.570519660316988E-4, 0.0010448424337820997, 4.465555353901237E-4, 38.88927348966033, -1.719355985516919, -0.009948767486178352, -49.9917, 151.1176, 10479
0.0, 900.0, 1120.703793944315, -12.413473343640016, 212.2915442189948, 6.702529993504717, 10.077300471627582, 2.766332609235039E-6, 4.48538819169573E15, 0.6920283120941362, 0.1458551997564685, 0.023390116992614868, 0.6905962005867827, -0.031050037151324286, 2.1210383577229126, 8940.139008605041, 1.2081225050072073E-6, 135.50489820331455, 1.6093324004240808E-4, 0.0010619173785230472, 4.7179874390639655E-4, 38.80103994034912, -1.8743817647814383, -0.009749268046820915, -49.9926, 151.1501, 10478
0.0, 900.0, 1183.8999149666872, -13.08461981982062, 218.1657214828799, 6.834157784910565, 11.506991605914187, 2.7891542314064153E-6, 4.54826953607937E15, 0.6935943010918, 0.14633424196464884, 0.024012358014112056, 0.6873750530063516, 0.20666175932147432, 1.9198897046073473, 9367.919712689203, 1.1527475964374881E-6, 135.09831726948303, 1.6496007847084337E-4, 0.001079484304804938, 4.975160338195659E-4, 38.708030233290906, -2.0376339811208317, -0.0095405472771337, -49.9937, 151.1845, 10478
0.0, 900.0, 1250.6596446195063, -13.780238836380722, 224.2043833047287, 6.970508755309047, 13.153733830447964, 2.8124245038249144E-6, 4.61059369324202E15, 0.695172137373742, 0.14682022070908068, 0.024647490454000748, 0.6893901234842612, -0.011182137722893627, 2.168946874899327, 9819.26117319854, 1.0995475679269652E-6, 134.66571947906192, 1.6913534567913945E-4, 0.0010975440964208708, 5.237440022614314E-4, 38.61000266418448, -2.209525860227245, -0.009322167868732334, -49.9949, 151.2206, 10477
0.0, 900.0, 1321.183933629898, -14.500276097664937, 230.41215702569377, 7.11170957809266, 15.051992621863729, 2.83613088591745E-6, 4.672327737163093E15, 0.6967602335904877, 0.14731276751185843, 0.025295180559068625, 0.6873233418868989, 0.151068121911418, 2.031326977112984, 10295.511532619574, 1.0484631274270835E-6, 134.20517348235157, 1.7346144531396276E-4, 0.0011160954904319467, 5.505227747580079E-4, 38.50670585150051, -2.3904896483151847, -0.009093652131174735, -49.9963, 151.2588, 10476
0.0, 900.0, 1395.6850642708794, -15.244515531184769, 236.79381785229742, 7.257889523750685, 17.241849423171967, 2.860258039103252E-6, 4.733440827008454E15, 0.6983568698211808, 0.14781146232879414, 0.025955014994143738, 0.6902454838885101, -0.13575020322650014, 2.3351302670465492, 10798.095388939693, 9.994342941048066E-7, 133.71454620910507, 1.7794022265543846E-4, 0.0011351347663035721, 5.77895971815101E-4, 38.397878770868225, -2.580977461036626, -0.008854473788409579, -49.9979, 151.2989, 10476
0.0, 900.0, 1474.387289343531, -16.01254976367678, 243.35429760867552, 7.409180570512612, 19.769922124750174, 2.88478745937586E-6, 4.79390435146714E15, 0.6999601814910915, 0.1483158276433366, 0.026626490503767752, 0.6874369855689044, 0.1423083604374124, 2.065587127885819, 11328.51818953618, 9.524020009729687E-7, 133.1915412765138, 1.8257293968246613E-4, 0.001154655536845334, 6.059106329485912E-4, 38.28325087801382, -2.7814621990262753, -0.008604047979259389, -49.9997, 151.3412, 10475
0.0, 900.0, 1557.5275071911658, -16.801515122277955, 250.09899770974081, 7.565717520217435, 22.83853675827268, 2.909697021360589E-6, 4.853706674482791E15, 0.7015681430958634, 0.14882532097271292, 0.027309001139385947, 0.6893108272018652, -0.0030540676354361257, 2.2104724901359676, 11888.373572893444, 9.073079637914645E-7, 132.6382530539865, 1.8736042474448952E-4, 0.0011746482647814883, 6.360805765567546E-4, 38.16314086188255, -2.995620292275116, -0.008314893244220543, -50.0018, 151.3858, 10474
0.0, 900.0, 1645.3559747773274, -17.60969382442937, 257.034390196347, 7.727638119179236, 27.010203626877, 2.934964260587128E-6, 4.912854841193988E15, 0.7031787905237441, 0.14933940349411642, 0.02800192803567564, 0.6914768391913574, -0.18779115090945855, 2.385569009488056, 12479.342073286683, 8.640923475988467E-7, 132.05279893830956, 1.9230262015871048E-4, 0.0011951023861391833, 6.67275064220582E-4, 38.03699880537222, -3.221238089950291, -0.008006647627953693, -50.0042, 151.4327, 10473
0.0, 900.0, 1738.137060974023, -18.435184844583, 264.16652521733164, 7.895083183820769, 32.41519690783038, 2.96056286323877E-6, 4.971337487728894E15, 0.7047900022743141, 0.14985746940322828, 0.02870454318732088, 0.6919540116662827, -0.17300875504726615, 2.3521973950199104, 13103.201296606441, 8.226969564314038E-7, 131.43325585696135, 1.9739882118252657E-4, 0.0012160038616011648, 6.993897911972824E-4, 37.904535829633154, -3.458425473919289, -0.007681150191669903, -50.0069, 151.4821, 10472
0.0, 900.0, 1836.1500423276334, -19.2755919277505, 271.5012107198176, 8.068196730851932, 38.9739019404179, 2.986462573109586E-6, 5.029151638749978E15, 0.7063995080976356, 0.15037884609837252, 0.029416006685226065, 0.6915076803436663, -0.03417497185384558, 2.186443255948532, 13761.830803500592, 7.830634071934473E-7, 130.77797883936776, 2.0264727530666535E-4, 0.0012373346718161046, 7.324915310571576E-4, 37.765526853735, -3.7076709367765046, -0.007337073978266607, -50.0099, 151.5342, 10472
0.0, 900.0, 1939.6899436978047, -20.127935135538696, 279.0452888826049, 8.247126111778986, 46.911780866371835, 3.012629217868286E-6, 5.086293497139734E15, 0.7080049046798275, 0.1509027967405909, 0.030135367287378673, 0.6919572095246469, 0.023424914231526848, 2.094604900928175, 14457.218004933331, 7.451347500520264E-7, 130.0853666130303, 2.0804517145815542E-4, 0.001259072886540101, 7.666488551334261E-4, 37.61975570112488, -3.969466953752943, -0.006972914361172124, -50.0134, 151.5889, 10471
0.0, 900.0, 2049.0684262996897, -20.988545744545647, 286.80618339896597, 8.4320221515424, 56.49259679276787, 3.0390241652288195E-6, 5.142778684567924E15, 0.7096036361173854, 0.15142851138966013, 0.030861547369547715, 0.6925064645202513, 0.08525575183048537, 1.992593693909573, 15191.464777168763, 7.088540545018791E-7, 129.35382604599414, 2.135883224902908E-4, 0.0012811918299319087, 8.019312373337107E-4, 37.46701907739518, -4.244306864087924, -0.006586957222861925, -50.0173, 151.6466, 10470
0.0, 900.0, 2164.6147258226047, -21.852940956220316, 294.7920226167628, 8.623039291096033, 68.02328641165738, 3.065604177827457E-6, 5.198634052102361E15, 0.711192999712684, 0.15195510626280243, 0.03159333886018831, 0.6959932813369712, -0.17353346559311836, 2.2069414965393843, 15966.794596619786, 6.741655100104587E-7, 128.58183979070253, 2.192711017611554E-4, 0.0013036599148575953, 8.384079001241073E-4, 37.30713131056571, -4.5326811283740405, -0.006177241363005819, -50.0217, 151.7072, 10469
0.0, 900.0, 2286.676643448888, -22.715674086184436, 303.01178738962045, 8.820335733757291, 81.85888341088598, 3.092320880809718E-6, 5.253899657846948E15, 0.7127701286526983, 0.15248161534894192, 0.03232938855843026, 0.6954549775346837, 0.06090873610630657, 1.92570049200634, 16785.5602583676, 6.410135117750128E-7, 127.76796311752732, 2.2508613359241894E-4, 0.0013264398473200089, 8.761463400611769E-4, 37.13992997508078, -4.835072875691825, -0.005741514182804094, -50.0267, 151.771, 10468
0.0, 900.0, 2415.6215927559915, -23.57015490787974, 311.47548456130625, 9.024073595176722, 98.40722677515546, 3.119120565969686E-6, 5.308630983103227E15, 0.7143319953589179, 0.15300698878739005, 0.033068192750304065, 0.6963839345924412, 0.12238166509278892, 1.8170959867037892, 17650.252252322167, 6.093452248792654E-7, 126.91096209289296, 2.3102432901369495E-4, 0.0013494886316470851, 9.152104561477416E-4, 36.965282537809976, -5.151952646753668, -0.005277179554039895, -50.0323, 151.8381, 10467
0.0, 900.0, 2551.8377056530344, -24.40843365135532, 320.19472992017506, 9.234419056795582, 118.20111288614501, 3.145943671881825E-6, 5.362952413210948E15, 0.7158753957488712, 0.15353008488776, 0.033808082942367645, 0.6974547016902864, 0.17005674302519214, 1.723987899704317, 18563.507881897556, 5.791076205824404E-7, 126.00975043300551, 2.3707439101472943E-4, 0.001372756454630547, 9.556581854829165E-4, 36.78309418350294, -5.483772232365067, -0.004781236643143188, -50.0386, 151.9087, 10466
0.0, 900.0, 2695.7350006807646, -25.22094068633768, 329.1815741637483, 9.451542522680953, 141.6462187055971, 3.1727255138989944E-6, 5.41689130133895E15, 0.7173970046979793, 0.1540496864440968, 0.03454724612775184, 0.7000959642919273, 0.01847325096331391, 1.8337543192321408, 19528.121220905705, 5.502495628164113E-7, 125.06777714905766, 2.4322549597120417E-4, 0.0013961874134122768, 9.975385267756874E-4, 36.59322777352298, -5.830019024223808, -0.004250208303676504, -50.0457, 151.9829, 10466
0.0, 900.0, 2847.7466171915685, -25.96788280450147, 338.4265263400628, 9.675618779649447, 165.91172823296594, 3.1994027638339643E-6, 5.470490128511294E15, 0.7188937471426021, 0.15456462708251492, 0.03528390399724202, 0.7005623482307192, 0.13627583392806178, 1.6794323790343881, 20546.68268238323, 5.227396470459858E-7, 126.38631271566084, 2.494695578857289E-4, 0.001419726488857115, 0.0010149516777772562, 36.464589486184906, -6.140563809351073, -0.003493952086735752, -50.0537, 152.0608, 10465
0.0, 900.0, 3008.33011912449, -26.61660922178464, 347.9432215591784, 9.906827160612433, 192.1821698590543, 3.228402980897598E-6, 5.523364144972084E15, 0.7204998084603119, 0.15512147339514124, 0.0360851089024726, 0.7019165688557427, 0.11938920072943272, 1.664019516216552, 21622.409077478882, 4.965315966061317E-7, 128.48184093406024, 2.563778586084237E-4, 0.001445546460685118, 0.0010247138110879529, 36.35060317408817, -6.450058220231065, -0.002594226713153219, -50.0626, 152.1429, 10464
0.0, 900.0, 3177.968872299698, -27.135577839487443, 357.7457541406267, 10.145351711097259, 221.38969523855098, 3.2606817410115575E-6, 5.575617934835519E15, 0.7222622231777781, 0.155737737336633, 0.036977345091783465, 0.7028656558562756, 0.14191872544346712, 1.6162028923701524, 22758.64909991012, 4.715802942596077E-7, 130.72523461161344, 2.6421214391919156E-4, 0.0014745691911850563, 0.0010338901425582649, 36.23159341750041, -6.773122990216837, -0.001584660261390709, -50.0724, 152.2294, 10464
0.0, 900.0, 3357.173499378138, -27.48607872517382, 367.84518501167247, 10.391381358920334, 253.9074447027008, 3.2965204615710833E-6, 5.627368690686392E15, 0.7241885857884919, 0.1564176827888197, 0.03796849318157164, 0.704312113332061, 0.022002150531720246, 1.7225995082686767, 23958.848712540323, 4.478479045232272E-7, 133.13157050351393, 2.7309181473602755E-4, 0.001507142547961592, 0.0010422652582336444, 36.107468571167296, -7.109964503423259, -4.4870779786454707E-4, -50.0833, 152.3205, 10463
0.0, 900.0, 3546.4834168658836, -27.620645553189803, 378.2540912147431, 10.645110087008682, 290.2285064290794, 3.3362092998084136E-6, 5.678652471197233E15, 0.7262854548788076, 0.1571655161330798, 0.039066678452837705, 0.7044080392276859, 0.04347447141820349, 1.7046782595260281, 25226.64762082014, 4.25298802358634E-7, 135.7179566002938, 2.8315098616844576E-4, 0.0015436442526457121, 0.0010495729882432745, 35.97815982007001, -7.460721119526505, 8.32823644136811E-4, -50.0954, 152.4165, 10463
0.0, 900.0, 3746.468458789663, -27.481110136749358, 388.9873593533245, 10.906737109386613, 331.02435107458314, 3.3800504619373125E-6, 5.729525914198133E15, 0.7285583842277227, 0.15798542408857583, 0.04028035618911763, 0.7042673128041979, -0.012742146495262513, 1.7864660165409225, 26565.888341792237, 4.0390199957614076E-7, 138.50390655032763, 2.945418774369892E-4, 0.0015844889780048926, 0.0010554868533533828, 35.84362682707597, -7.825447824307936, 0.002282210175590714, -50.1089, 152.5175, 10463
0.0, 900.0, 3957.730591930917, -26.99621574168121, 400.0634082843882, 11.176467050363348, 377.2280844591569, 3.428357038740032E-6, 5.780078247257452E15, 0.7310117171547232, 0.15888152622877058, 0.04161827118014402, 0.7038435309822917, -0.1284887347374045, 1.9528714632861757, 27980.624738639555, 3.8363096132794833E-7, 141.5116457529133, 3.074372504982902E-4, 0.0016301314737255446, 0.0010596091816756515, 35.70386439254327, -8.20409804486694, 0.003925328867311926, -50.1237, 152.6238, 10464
0.0, 900.0, 4180.905727781344, -26.078683025642942, 411.47521957055216, 11.454510126975624, 427.212780032267, 3.48145149481265E-6, 5.830448804724443E15, 0.7336483826061028, 0.1598578227528725, 0.04308940506619213, 0.7008166669224493, 0.11080820514565552, 1.7883854877903178, 29475.12959349936, 3.644643806606617E-7, 144.76648271520563, 3.2203321988396374E-4, 0.001681069978680701, 0.001061458867193904, 35.55891028076956, -8.596501940283469, 0.005792281305298252, -50.1402, 152.7357, 10465
0.0, 900.0, 4416.66563667403, -24.62159294096577, 423.1180295092456, 11.741082334756541, 470.617607746809, 3.5396636458573357E-6, 5.880852294271561E15, 0.7364696941640029, 0.16091813577001463, 0.04470290668157534, 0.699946419006843, -0.012134644651961703, 2.0030224173925917, 31053.900683111944, 3.4638734965685365E-7, 148.29774328451464, 3.385527817467537E-4, 0.001737849677506488, 0.0010604578158235859, 35.408843478634004, -9.002225549118906, 0.007918155221491814, -50.1585, 152.8536, 10466
0.0, 900.0, 4665.719969851805, -22.493914753038496, 435.018595071901, 12.036405636917975, 509.8804150244302, 3.6033277479941438E-6, 5.931593468518142E15, 0.739475145428221, 0.16206603894056085, 0.046467994824437975, 0.6993288825729825, -0.1348777728072982, 2.2191461149256213, 32721.664727261865, 3.2939091163893006E-7, 152.1370395841075, 3.572471564182305E-4, 0.001801065386941746, 0.001055916066662392, 35.253838512090496, -9.421001361268052, 0.01034395369075868, -50.1786, 152.9776, 10468
0.0, 900.0, 4928.818395559379, -19.13172087693933, 447.18161611584827, 12.340708157049036, 544.8245957003786, 3.672787109687353E-6, 5.978881289844465E15, 0.7426625967640217, 0.16330492687294862, 0.04839406669816043, 0.6978178268103981, -0.042941984247505484, 2.1998568026462406, 34483.34369424952, 3.1360074935498544E-7, 154.56249519139394, 3.7840235607162413E-4, 0.0018714007683363857, 0.0010464778810832472, 35.15664011427324, -9.652556956947837, 0.014650395525631424, -50.2009, 153.1081, 10472
0.0, 900.0, 5206.752855589003, -14.344219621546149, 459.59895314255374, 12.65422437544691, 573.7020378082188, 3.7460713143537374E-6, 6.022935017148916E15, 0.74592641977104, 0.16459728153303135, 0.05042626625483229, 0.6980368012416776, -0.05454338994096423, 2.238521758136042, 36343.94285623577, 2.9901735557923514E-7, 156.77062058451656, 4.0159861528355054E-4, 0.0019471677173158956, 0.001028970589569892, 35.068125237463974, -9.845680124111226, 0.019172115550010787, -50.2251, 153.2457, 10477
0.0, 900.0, 5500.359949072024, -13.545073644138487, 470.28779400944325, 12.97719532920945, 341.7139055506588, 3.822737305921665E-6, 6.065983831154365E15, 0.7492368023906993, 0.16593364434276311, 0.05255201232498144, 0.6984297461544989, 0.05217650862100921, 2.1014471615384993, 38290.69159330341, 2.840600839912801E-7, 166.15592649693014, 4.236082438582394E-4, 0.0020277428960454296, 7.574226678494488E-4, 33.988757641235, -12.751523029789942, 0.004749504684163444, -50.2511, 153.3866, 10477
0.0, 900.0, 5810.523450691647, -12.048373919488155, 483.4434389872712, 13.309868816230779, 376.1908274185819, 3.911297771545952E-6, 6.054242123790248E15, 0.7529347053547631, 0.16745821137509728, 0.05500688008952387, 0.7011809546073162, 0.031780017081475466, 2.02871949776248, 40366.84887877719, 2.6990766813550057E-7, 166.5037447747488, 4.5395957950548145E-4, 0.0021228997288373847, 7.701905827258328E-4, 33.90376026091332, -13.013705949407772, 0.006948302210313448, -50.2867, 153.5352, 10479
0.0, 900.0, 6138.176970896903, -9.545908658289795, 496.9250899638081, 13.652499603252167, 405.46030769086445, 4.001447381083258E-6, 6.094929252112818E15, 0.756567171893093, 0.1689899256616788, 0.05750463558240135, 0.7052442283130145, -0.09765277043068583, 2.0385643167007035, 42560.35736894127, 2.567608329779351E-7, 167.0587947864811, 4.863168939589406E-4, 0.002222090191953168, 7.798160125044263E-4, 33.81605993312451, -13.282748737724642, 0.00985942196255044, -50.3251, 153.692, 10481
0.0, 900.0, 6484.306766125216, -5.637216038875658, 510.67178704947725, 14.00534963813053, 416.90796198311966, 4.092620096612163E-6, 6.134573767428302E15, 0.7601127240692502, 0.17051915282102037, 0.06002913929420048, 0.7077407970295876, -0.003351482930230068, 1.846162599309154, 44877.6402482191, 2.4469081262931365E-7, 167.86231369372447, 5.205676817254577E-4, 0.0023248362275848796, 7.842432883148629E-4, 33.726093190289234, -13.558731412603207, 0.013617067445849753, -50.3664, 153.8573, 10485
0.0, 900.0, 6849.954707492494, 0.3761969591604153, 524.5771001202683, 14.368688266496122, 383.4876229257164, 4.185106764873237E-6, 6.172329662526072E15, 0.763584598234387, 0.17205085094824038, 0.06258800165445336, 0.709045756760689, 0.07589006459572759, 1.7284955648514926, 47324.82369680816, 2.3385603352631026E-7, 168.7639117343403, 5.569174815557071E-4, 0.0024316332916506714, 7.7715807044602E-4, 33.660325127209106, -13.780456718865143, 0.018877008277754046, -50.4111, 154.0316, 10491
0.0, 900.0, 7236.221416886692, 9.534909251050333, 538.5855474633545, 14.74279245297959, 252.18759916972382, 4.278900093812794E-6, 6.206755488116306E15, 0.7669838612014747, 0.17358489237870506, 0.0651805766324089, 0.7086614583843721, 0.09793086807865121, 1.742188078570878, 49906.50081803798, 2.245047207792498E-7, 168.90906438405693, 5.954554804837866E-4, 0.002542697963258761, 7.415931564523448E-4, 33.71416207582958, -13.735555702224724, 0.026252697063710168, -50.459, 154.2157, 10500
0.0, 900.0, 7644.269579904668, 21.683266955867246, 553.2276758403221, 15.127947007196298, 95.87039625363985, 4.3727355362647315E-6, 6.236056131310026E15, 0.7702683842948534, 0.17510097120945495, 0.06777153010539497, 0.7077145235001169, -0.01866675777870764, 1.951469828495932, 52631.03752974913, 2.1648355926556297E-7, 169.10177693721783, 6.357352901015284E-4, 0.0026566234984595717, 6.899399522804863E-4, 33.76455717070676, -13.675050462919685, 0.032427314589359546, -50.5094, 154.4106, 10513
0.0, 900.0, 8075.327445604458, 36.53728202420613, 568.5506156705459, 15.524444814683095, 1.5389708189585325, 4.466512463990859E-6, 6.25952604176668E15, 0.7734406012192823, 0.1765982152666676, 0.07035778827572747, 0.7063087132535585, -0.05168038292711689, 2.0945419436529966, 55505.89703024099, 2.0960908938291158E-7, 169.33765455583864, 6.777512093580849E-4, 0.0027733007281137718, 6.215636584019048E-4, 33.80914276415686, -13.598532241497383, 0.037231237903269786, -50.5625, 154.617, 10527
0.0, 900.0, 8530.692523607451, 53.63153213513573, 584.4172960549494, 15.932587072989373, -122.93473138376677, 4.5600050387611855E-6, 6.288707331452214E15, 0.7764989730950368, 0.17807381682101514, 0.07293287471567428, 0.7051193844035235, 0.008661290163801485, 2.117967834350851, 58539.37628898717, 2.0365270345575167E-7, 169.60943617623658, 7.214354273378583E-4, 0.0028924286229004455, 5.368447665861717E-4, 33.84510789643977, -13.505768940613052, 0.040430276514649824, -50.6182, 154.8356, 10545
0.0, 900.0, 9011.735489678938, 71.29989938055733, 600.9272169051403, 16.352683533130442, -286.1703643022073, 4.653021397531854E-6, 6.324120424256347E15, 0.7794435667230842, 0.17952560702880654, 0.07549130960303702, 0.7054792090051768, -0.013656670682066047, 2.1678344026751684, 61741.08484176836, 1.98065535818991E-7, 169.8907018123924, 7.667390605170401E-4, 0.0030135862476105718, 4.3842578522289706E-4, 33.87203033060627, -13.322397056565261, 0.03974092473413694, -50.6766, 155.0671, 10562
0.0, 900.0, 9519.904311543081, 86.50487783278915, 618.2290889224453, 16.785052746617144, -498.64795461282273, 4.7454189611448375E-6, 6.361993844107482E15, 0.7822762625234111, 0.18095225046642213, 0.07802902454168323, 0.7065323338027301, 0.022344808604023325, 2.0971910967832077, 65122.41839390267, 1.9198449855882362E-7, 170.1330716129518, 8.136539764674613E-4, 0.0031362100610963306, 3.335580599214825E-4, 33.88090546734585, -12.936770851879562, 0.03305557576162, -50.7376, 155.312, 10577
0.0, 900.0, 10056.728607351233, 110.37800749597706, 634.5431629610082, 17.230022318281026, -176.20616393333785, 4.837186892306016E-6, 6.403736857573658E15, 0.7850028784679977, 0.18235445063507502, 0.0805456117434927, 0.7089281531011351, -0.038106635682208026, 2.07821340804038, 68709.93020616136, 1.8841522191160319E-7, 170.5140027961862, 8.558336142779407E-4, 0.0032615400100948723, 3.386549965398814E-4, 33.98636929576257, -15.1776765374279, 0.047729710864412585, -50.8001, 155.5705, 10601
0.0, 900.0, 10623.824249922869, 133.33761885362418, 652.5123658100168, 17.687929165119666, -370.0858511788565, 4.929280312325506E-6, 6.422700675189178E15, 0.7876562396785904, 0.18374740123322264, 0.08306711623878099, 0.7110473573672482, 0.03103343045416862, 1.9156161328146855, 72485.8971557047, 1.8465149781763832E-7, 170.88111162062478, 9.06011077407149E-4, 0.0033897755260748875, 2.5478711707597736E-4, 34.10952853871239, -14.834431470785818, 0.043873225158176606, -50.8775, 155.8451, 10624
0.0, 900.0, 11222.898230618162, 153.9520270236824, 671.5054274191035, 18.15911978139175, -661.5482047021087, 5.0203053063743754E-6, 6.458993091417122E15, 0.7902008801144029, 0.18511067797681288, 0.08555527365640694, 0.7131589469543849, 0.03700023015102175, 1.8372718932447196, 76473.9564971443, 1.8032535364559814E-7, 171.21129143960908, 9.575873360575919E-4, 0.0035187954637082644, 1.526150169217135E-4, 34.223523328868374, -14.355144846704345, 0.03792657873130438, -50.9575, 156.1366, 10645
0.0, 900.0, 11855.753797482741, 170.4795936510793, 692.1078585913029, 18.643950510196294, -1089.4335119623963, 5.110414492826503E-6, 6.500997997594819E15, 0.7926469841870789, 0.1864474556681102, 0.08801425911578456, 0.7146498928674141, -0.06932444912166218, 1.9152998616542989, 80690.5361790769, 1.7506655061145148E-7, 171.4763901348354, 0.0010106655029219354, 0.003648469708858574, 3.0487614225424996E-5, 34.310152315276014, -13.668610140210093, 0.029762105235110404, -51.0393, 156.4462, 10661
0.0, 900.0, 12524.29588313075, 182.28951283779807, 714.5801299978924, 19.142787821775215, -1609.689055406183, 5.1999446052517804E-6, 6.55443195620275E15, 0.7950086113121034, 0.1877634626475707, 0.09045324965616153, 0.7145774430094239, -0.008171924945450914, 1.8760492178557218, 85154.93618848531, 1.688169260670661E-7, 171.66604024124518, 0.0010654869489700812, 0.003779072741326659, -8.37284545537675E-5, 34.33907806093152, -12.911598278984528, 0.021442610014470315, -51.1215, 156.7743, 10673
0.0, 900.0, 13230.536838704473, 190.88926101972092, 737.8573022218463, 19.656008598783142, -2084.2714565604724, 5.289444781796698E-6, 6.620121292229328E15, 0.797303853646325, 0.18906728598893516, 0.09288714487235913, 0.7138474926812959, 0.007084389078052712, 1.9227816715387998, 89877.42330335882, 1.62055034167848E-7, 171.80426998877527, 0.0011223653025575965, 0.003911523589166833, -1.5556073303636117E-4, 34.265797454560214, -12.069319005162926, 0.01608707175818209, -51.2036, 157.1215, 10682
0.0, 900.0, 13976.602491170059, 210.27651376082633, 753.0990288429664, 20.184000428772883, -1550.222553298445, 5.379299726326536E-6, 6.68509920391313E15, 0.7995449765754749, 0.1903648393563724, 0.09532628964946008, 0.712851079275438, 0.030350368495666434, 1.9797060471928563, 94848.20040314888, 1.582367849494926E-7, 172.1157733981221, 0.0011729535494995988, 0.004048443343005186, -8.392599712910504E-5, 35.601133616559665, -12.638864187009295, 0.030031534655080138, -51.2846, 157.5013, 10701
0.0, 900.0, 14764.738542182178, 230.17124231584418, 776.628309094299, 20.72716190414986, -1993.727501307167, 5.469458353986775E-6, 6.655258457232383E15, 0.8017326396352986, 0.1916556174134025, 0.0977691633840411, 0.7123933802691795, -0.010099816172411333, 2.09163923320528, 100121.0412862517, 1.5460040658408418E-7, 172.4362609032412, 0.0012336924114542773, 0.004188368128840447, -1.5793185893835736E-4, 35.68261667213292, -11.603915497398766, 0.02942804595898419, -51.3742, 157.9045, 10721
0.0, 900.0, 15597.317327778572, 248.1524641078596, 799.4445056901743, 21.285902929853357, -2257.28740572345, 5.5604078180047285E-6, 6.708046785197402E15, 0.8038800850596591, 0.19294673841750332, 0.10022880427879277, 0.7125142155908325, -0.04400959033855392, 2.165599312257903, 105686.62049120339, 1.5061487442891347E-7, 172.726314406194, 0.0012970537673738629, 0.004331702807345218, -1.8115799527644035E-4, 35.63463406196604, -10.453426754330714, 0.025925841028057048, -51.4612, 158.3319, 10739
0.0, 900.0, 16476.844959251564, 262.85489226250223, 821.7037468327311, 21.860645039027435, -2387.0876847431864, 5.6512180554150455E-6, 6.746137126908857E15, 0.8059671270834682, 0.1942252138622515, 0.10267993789214541, 0.7130076672349445, -0.004473146290146408, 2.1226658887088337, 111555.99330627277, 1.4602743870616802E-7, 172.96381094534124, 0.00136257054990718, 0.004476784302677589, -1.6738520203464E-4, 35.51775461159005, -9.246790636449422, 0.02119062297612566, -51.5439, 158.7834, 10754
0.0, 900.0, 17405.968866690986, 274.18889799093483, 841.1422532711435, 22.451821716949084, -2044.1186104966855, 5.741873354614539E-6, 6.771068564997096E15, 0.807995962972499, 0.1954911907641706, 0.1051220985808452, 0.7141281451545967, 0.032534683700270774, 2.0423901521165813, 117736.02702194049, 1.4089741341631416E-7, 173.14705576362832, 0.0014302225789391573, 0.0046235102047490146, -7.746418659263443E-5, 35.2691553635951, -8.05044321953613, 0.01682016148815139, -51.6212, 159.2594, 10765
0.0, 900.0, 18387.48576790503, 282.3738101410075, 859.3788684231964, 23.059878733486478, -1056.281361767125, 5.832500640772978E-6, 6.764360906561434E15, 0.8099717539186243, 0.1967467735403579, 0.10755866197437114, 0.7159806810282365, -0.021518264279894183, 2.029233455900507, 124288.36045964049, 1.3528021163153781E-7, 173.27952487338413, 0.0015001275332851267, 0.004772062692929789, 8.37794950656087E-5, 34.913977226788255, -6.8343493097510315, 0.013109656570434867, -51.6923, 159.7594, 10773
0.0, 900.0, 19424.350086705945, 308.34566535385704, 881.9421750707834, 23.685274484365323, -507.28844505150363, 5.9240612356010095E-6, 6.73934733564036E15, 0.8119167498210405, 0.19800542218551548, 0.11001534762221016, 0.7175668659542653, 0.042051466301195724, 1.8963442024684805, 131216.33677834683, 1.3376655640321702E-7, 173.69968339254362, 0.0015610000733796135, 0.00492781033624155, 1.0811445743477466E-4, 37.22759540320717, -7.041829261524707, 0.029971526432602823, -51.7561, 160.3213, 10799
0.0, 900.0, 20519.68284590011, 324.60442881264555, 906.350520457381, 24.32848034152665, 445.68821170639006, 6.016782690615529E-6, 6.749764582575409E15, 0.8138360550172364, 0.19927021162479217, 0.11249804000639532, 0.7191890339115009, -0.048557548046859716, 1.9379476434381224, 138576.6553417717, 1.3010505477029523E-7, 173.9634464513674, 0.0016363506827137145, 0.005086348041553178, 1.9475712748262734E-4, 36.95118829182014, -6.132226863342346, 0.019926949421331053, -51.8255, 160.9128, 10815
0.0, 900.0, 21676.78106175092, 328.70796334080256, 937.0664981599132, 24.9899810128652, 2248.098245698615, 6.110323408199192E-6, 6.767237179712469E15, 0.8157229671135172, 0.20053644858197361, 0.11499738130524634, 0.7199461210078795, -0.03913088564444555, 1.9156250206314065, 146476.52182944995, 1.2394715824612793E-7, 174.03013434492283, 0.001715337259619713, 0.005246530170315263, 3.399597550658346E-4, 36.61607860755772, -5.454661383168651, 0.008792129805602424, -51.8894, 161.5337, 10820
0.0, 900.0, 22899.12766819236, 323.9492831541732, 986.1067101484707, 25.670274911643187, 5271.480332201819, 6.20516192874609E-6, 6.823143108874903E15, 0.8175874117800283, 0.20181055823520347, 0.11752593467605613, 0.7199267105329179, 0.020663217334155506, 1.8825368029026603, 155124.8863625011, 1.1604467405790043E-7, 173.95296479239414, 0.00179842951867909, 0.005409700599772813, 5.42260671743422E-4, 36.252509222809636, -4.885672206230628, 0.0015175877756797883, -51.9494, 162.1845, 10815
0.0, 900.0, 24190.402000665745, 323.6473039991454, 1088.1689556582724, 26.369874535880417, 10621.906731235218, 6.304417044525885E-6, 6.99609908462176E15, 0.8194882750894259, 0.203133842268997, 0.12016630780458898, 0.7194837098197188, 0.03126130544862774, 1.9307422037687378, 165180.9269426889, 1.0891821532867811E-7, 173.9444891933201, 0.0018878499256503502, 0.00558408561214724, 8.606118886481647E-4, 35.849992984435666, -4.558856465256738, 0.0053502858827989865, -52.0062, 162.8658, 10815
0.0, 900.0, 25554.490871136604, 342.9775459486612, 1248.5098792055526, 27.089306858028042, 17184.070317191497, 6.415982698861974E-6, 7.522350569369378E15, 0.8215658741632946, 0.20460921082268205, 0.12312687161400362, 0.7190101161477763, 0.01844330432891306, 2.0190583286489154, 177386.2705802476, 1.0537395127609069E-7, 173.58002469547526, 0.0019902252688548216, 0.005787632150290853, 0.0012414389258989264, 35.76083249403173, -4.615960867415701, 0.019954279413270395, -52.0621, 163.5776, 10834
0.0, 900.0, 26995.500267628126, 368.6994772365287, 1440.8742035049438, 27.82911372523971, 24056.65751583138, 6.542666976911225E-6, 8.384496054643758E15, 0.8238526310823826, 0.20626954796589214, 0.12647921314401384, 0.7189052805969506, 0.041538205916386836, 2.0523452701473404, 191842.45346361402, 1.0252237892013841E-7, 171.45420933869877, 0.0021104157417109856, 0.006024212972784491, 0.0015950945009308968, 35.8948291477561, -4.818030213614434, 0.023868383441073376, -52.122, 164.3285, 10860
0.0, 900.0, 28517.767713487487, 380.29271363390137, 1623.0284723758118, 28.589852270560833, 30259.948478900882, 6.680012406647138E-6, 9.329950959178896E15, 0.8262490823265173, 0.2080522508851365, 0.13010228862762963, 0.7199118254586441, 0.0035472823158644654, 2.0848876673945176, 207670.15818026543, 9.695193322417652E-8, 165.30781102426258, 0.002247115662899289, 0.006282507487792767, 0.0018496115791834778, 36.21057671006387, -5.0180329705246685, 0.01389555995912903, -52.188, 165.1257, 10871
0.0, 900.0, 30125.875323587185, 377.0135859277143, 1285.9332077295446, 29.372095335363614, 17034.351875242166, 6.812789018062731E-6, 1.0059141666671344E16, 0.8284880969402387, 0.20975908983765684, 0.13359352341889685, 0.7216076134383214, -0.013510330700026574, 2.0390780067960725, 207670.15818026543, 9.695193322417652E-8, 167.22888914841576, 0.002368236659768155, 0.006533932303242328, 0.0012908896167533686, 40.1312684108373, -3.968031080472886, 0.00449561858881838, -52.2606, 166.0585, 10868
