angle, time_diff, t, z, sigmah, sigmav, sigmas, rice, Nice, g_t, Qabs_t, Qsca_t, g_s, Qabs_s, Qsca_s, CCS, IWC, RHice, Re, v_sed, windshear_s, wind_u, wind_v, wind_w, lat, lon, altitude
0.0, 900.0, 0.0, 0.0, 15.384787559509277, 3.655319929122925, 0.0, 1.049803172593615E-6, 6.28E15, 0.47721525846830115, 0.10031936407167906, -0.01710920351684589, 0.6803708224059422, 0.9162206734614264, 0.4327456730468553, 353.34322314529754, 1.6949564674810796E-5, 146.4437743209165, 8.776610220053922E-6, 1.5294539316669132E-4, 2.853620062116768E-5, 40.76186344688173, 0.595060165192173, -0.009842360357473531, -49.9873, 150.5278, 10491
0.0, 900.0, 1.0, -0.009996159329846434, 16.634052069844987, 3.659172832460008, 3.8508501296541207E-4, 1.049803172593615E-6, 6.216164175269213E15, 0.47721525846830115, 0.10031936407167906, -0.01710920351684589, 0.6803708224059422, 0.9162206734614264, 0.4327456730468553, 382.4378322408719, 1.6546951158890762E-5, 146.43276844014, 8.776615897242292E-6, 1.5294533349292198E-4, 2.879042385486894E-5, 40.759989108395395, 0.5929167461907183, -0.009843213936679742, -49.9872, 150.5284, 10491
0.0, 900.0, 1.0563896734925413, -0.010577581789209143, 16.701714738412758, 3.6593899755949453, 4.070265674224513E-4, 1.0692577013147465E-6, 6.22102059430065E15, 0.48159479991055043, 0.10091935590786168, -0.016820351157177477, 0.6948140001296923, -0.07449485502067443, 1.4567963026145785, 384.01626930524776, 1.65268042280078E-5, 146.43215582449992, 9.273649075806755E-6, 1.5866650038048885E-4, 2.880475946475026E-5, 40.75988340680403, 0.5927958884747015, -0.009843213936679742, -49.9872, 150.5285, 10491
0.0, 900.0, 1.1159591422616781, -0.011192621409388709, 16.77289640925294, 3.6596193493659124, 4.302317188773662E-4, 1.070291997486316E-6, 6.218759795178105E15, 0.4818253889176883, 0.10095137612685456, -0.016804757567767684, 0.686732522037171, 0.6141306520322336, 0.7702729551575462, 385.6770958553414, 1.650572997643365E-5, 146.43150865154624, 9.300587476067627E-6, 1.5897360600124227E-4, 2.881990346328426E-5, 40.759771744968255, 0.5926682173041224, -0.009843213936679742, -49.9872, 150.5285, 10491
0.0, 900.0, 1.1788877139248306, -0.011842363633950198, 16.847765336200467, 3.659861641834636, 4.5477477812875514E-4, 1.0713769636342045E-6, 6.216363550020305E15, 0.4820670329603595, 0.1009849771349322, -0.01678837470941917, 0.6829422845488041, 0.7514613009381391, 0.6351818532873533, 387.42428544812293, 1.6483695794828002E-5, 146.43080319599486, 9.328899876767736E-6, 1.592960665387601E-4, 2.8835901437463985E-5, 40.759653786850386, 0.5925333474528083, -0.009843213936679742, -49.9872, 150.5285, 10491
0.0, 900.0, 1.2453648071974204, -0.012528767608509846, 16.926496405233856, 3.660117579675108, 4.807346017273657E-4, 1.0725146996725615E-6, 6.213824216284559E15, 0.48232016475852796, 0.10102022556783942, -0.016771167218163463, 0.6978161703829967, -0.9640069182157286, 2.3530361316149486, 389.26197232509094, 1.6460670358172216E-5, 146.43008097728418, 9.358652799362317E-6, 1.596345713097196E-4, 2.885280154245034E-5, 40.7595291774391, 0.5923908730653098, -0.009843213936679742, -49.9872, 150.5286, 10491
0.0, 900.0, 1.3155905220543846, -0.013253903196998935, 17.00927127047776, 3.6603879303292923, 5.081948896773263E-4, 1.0737073882639E-6, 6.211133813275834E15, 0.48258523181707974, 0.10105719076219179, -0.01675309810238114, 0.6960996649024023, -0.42352398686103204, 1.815095524218823, 391.19445523052707, 1.6436620473342834E-5, 146.42929624436957, 9.389908906690628E-6, 1.5998980229486255E-4, 2.8870654651697523E-5, 40.75939754170796, 0.5922403654088546, -0.009843213936679742, -49.9872, 150.5286, 10491
0.0, 900.0, 1.3897762420429134, -0.014019957248665872, 17.096278482596958, 3.660673504281897, 5.372445047127611E-4, 1.0749572222496656E-6, 6.208284020144276E15, 0.4828626800032691, 0.10109594251277067, -0.016734129812135984, 0.6855313761679305, 0.6315591950254877, 0.7627211855219596, 393.22620111538595, 1.64115149542012E-5, 146.42849027762085, 9.422739021737282E-6, 1.6036248683664158E-4, 2.8889514505194092E-5, 40.75925848348722, 0.5920813715841851, -0.009843213936679742, -49.9872, 150.5286, 10491
0.0, 900.0, 1.4681452705594045, -0.014829240227984316, 17.187713608787586, 3.660975157460648, 5.679778150404583E-4, 1.076266484068777E-6, 6.205266175604366E15, 0.4831529709001979, 0.10113655353936607, -0.016714223005783096, 0.6938773382967734, -0.03684951523227232, 1.4340162102524574, 395.3618487138307, 1.6385321006244823E-5, 146.42761707436577, 9.457210399795218E-6, 1.6075334766826367E-4, 2.890943787492249E-5, 40.75911158427238, 0.5919134131643493, -0.009843213936679742, -49.9872, 150.5287, 10491
0.0, 900.0, 1.550933503005868, -0.015684193209553624, 17.283779343604085, 3.661293793768815, 6.004950623751847E-4, 1.077637461778277E-6, 6.202071279553259E15, 0.4834565628560599, 0.1011790968876894, -0.016693337793196955, 0.6962925098933211, -0.5620984769214473, 1.9623404508382682, 397.6062119806104, 1.6358008090304968E-5, 146.42671764818166, 9.493398542014417E-6, 1.6116315254201748E-4, 2.8930484733994723E-5, 40.7589564019648, 0.5917359847559736, -0.009843213936679742, -49.9872, 150.5287, 10491
0.0, 900.0, 1.6383901368490124, -0.01658739528206031, 17.384685609906544, 3.661630367757093, 6.349027574917611E-4, 1.079072527608186E-6, 6.198689996762208E15, 0.4837739280803748, 0.10122364836997001, -0.016671432508891762, 0.6904187645454574, 0.30178965196659674, 1.1017287968716807, 399.9642833790117, 1.6329544354513603E-5, 146.42574571558762, 9.531375365931884E-6, 1.6159266375250438E-4, 2.895271843764258E-5, 40.7587924695424, 0.5915485524804613, -0.009843213936679742, -49.9872, 150.5288, 10491
0.0, 900.0, 1.7307784217193283, -0.01754157136121364, 17.49064964927408, 3.661985887442311, 6.713141055412154E-4, 1.0805740535283382E-6, 6.195112662808295E15, 0.4841055336159057, 0.10127028394784854, -0.016648464964877985, 0.6943038129156508, -0.20522067402816171, 1.6122295966178692, 402.4412370110237, 1.6299900483209592E-5, 146.42474199243534, 9.57122110735747E-6, 1.6204268797279531E-4, 2.897620591280995E-5, 40.75861929365445, 0.5913505523689473, -0.009843213936679742, -49.9872, 150.5288, 10491
0.0, 900.0, 1.8283764518080172, -0.018549600456300913, 17.601896101305893, 3.6623614172807946, 7.098494638900782E-4, 1.0821444889237508E-6, 6.19132929240307E15, 0.4844518581747228, 0.101319082145658, -0.01662439123065526, 0.688726293713617, 0.39850659172230624, 1.012220374461454, 405.0424315836561, 1.6269046176118962E-5, 146.42365988187262, 9.613012379539308E-6, 1.6251402523450543E-4, 2.900101786313427E-5, 40.75843635313816, 0.5911413886675678, -0.009843213936679742, -49.9872, 150.5289, 10491
0.0, 900.0, 1.9314780029469225, -0.019614524406995442, 17.718657071323566, 3.6627580813046228, 7.506368348553009E-4, 1.0837862757189954E-6, 6.187329590260366E15, 0.4848133730442734, 0.10137012141479788, -0.01659916689651282, 0.6868826400452404, 0.4897777536015742, 0.9249089842112539, 407.7734132080473, 1.623695357958326E-5, 146.42251798011478, 9.656832384427256E-6, 1.63007509560071E-4, 2.9027228977522163E-5, 40.75824309745074, 0.5909204320466035, -0.009843213936679742, -49.9872, 150.529, 10491
0.0, 900.0, 2.040393416891125, -0.020739557103197068, 17.84117218609536, 3.663177066429414, 7.938123971741375E-4, 1.085501916312452E-6, 6.183102964626921E15, 0.48519055671868977, 0.10142348224333983, -0.016572745997309457, 0.6957740075801422, -0.606534411116918, 2.0254375661043635, 410.63991803111077, 1.6203595913429822E-5, 146.4213347027462, 9.702767553543433E-6, 1.6352400189866857E-4, 2.9054918157247548E-5, 40.75803894501418, 0.5906870177099472, -0.009843213936679742, -49.9872, 150.529, 10491
0.0, 900.0, 2.1554505354659463, -0.021928094246191895, 17.96968863732643, 3.6636196259427054, 8.395210785629166E-4, 1.0872939351466935E-6, 6.178638543576556E15, 0.4855838860492619, 0.10147924595970365, -0.016545081564378172, 0.6804245364408918, 0.7229199564082087, 0.7004718560719663, 413.6478747029781, 1.6168946461435096E-5, 146.4200629134246, 9.750901224138754E-6, 1.6406435067703066E-4, 2.9084168753670192E-5, 40.75782328146597, 0.5904404433970969, -0.009843213936679742, -49.9872, 150.5291, 10491
0.0, 900.0, 2.2769956873901944, -0.023183723661450516, 18.1044612127966, 3.6640870831824386, 8.879171743527117E-4, 1.0891648473362996E-6, 6.173925194141627E15, 0.48599382900874266, 0.10153749375107676, -0.01651612607546009, 0.6924470420723865, -0.052896402828878746, 1.4810653058675427, 416.8034066874113, 1.6132981466888963E-5, 146.41872063693646, 9.801323659379511E-6, 1.6462943962874005E-4, 2.911506881763851E-5, 40.75759545781163, 0.5901799672734369, -0.009843213936679742, -49.9872, 150.5291, 10491
0.0, 900.0, 2.4053947307460524, -0.024510236183557906, 18.24575231517913, 3.6645808354155083, 9.391650149356416E-4, 1.0911172143536314E-6, 6.168951544324033E15, 0.4864208565440876, 0.10159830838955629, -0.01648583055883998, 0.6959352877272197, -0.7834449590030736, 2.2166963107058444, 420.1128344266465, 1.609567838753416E-5, 146.41730389851494, 9.854126499578362E-6, 1.652201673837E-4, 2.914771136740945E-5, 40.757354788473194, 0.5899048057014844, -0.009843213936679742, -49.9872, 150.5292, 10491
0.0, 900.0, 2.5410341542335018, -0.025911637180406913, 18.393831968738116, 3.665102357926827, 9.9343968768748E-4, 1.0931535958480713E-6, 6.163706007992871E15, 0.48686543163335044, 0.10166177272381571, -0.016454145301368364, 0.6847355597488434, 0.5160928280874271, 0.9225638537378291, 423.5826773767682, 1.605701658509642E-5, 146.4158084992547, 9.909403375760932E-6, 1.6583744298130036E-4, 2.9182194664657436E-5, 40.75710054922791, 0.5896141308872687, -0.009843213936679742, -49.9872, 150.5293, 10491
0.0, 900.0, 2.684322240524125, -0.027392158724649715, 18.548977814277137, 3.665653208329838, 0.001050927817807075, 1.0952765555667232E-6, 6.158176812636901E15, 0.4873280102278987, 0.10172796985146733, -0.01642101972265969, 0.691393986154021, -0.02362121955707619, 1.46802422605721, 427.2196559346751, 1.6016977503772472E-5, 146.41423000347444, 9.967250189150767E-6, 1.6648218825314758E-4, 2.9218622515075482E-5, 40.756831975030735, 0.5893070683940342, -0.009843213936679742, -49.9872, 150.5294, 10491
0.0, 900.0, 2.835690295216047, -0.028956272457797836, 18.711475092894826, 3.666235031109928, 0.001111828413360408, 1.0974886557616013E-6, 6.15235202989815E15, 0.4878090396737689, 0.10179698293043477, -0.01638640242796048, 0.6942190979597616, -0.5218059460278589, 1.972314926756416, 431.030693282912, 1.5975544845081966E-5, 146.4125637253644, 1.0027765083693813E-5, 1.6715533673796075E-4, 2.9257104576398012E-5, 40.75654825771431, 0.5889826945161811, -0.009843213936679742, -49.9872, 150.5295, 10491
0.0, 900.0, 2.995593945089248, -0.030608703188270765, 18.881616619292288, 3.666849562412717, 0.0011763537810381705, 1.0997924514742274E-6, 6.146219608768601E15, 0.4883089571173444, 0.10186889498353681, -0.016350241264369958, 0.6795724033113304, 0.6624964545448125, 0.79449728674144, 435.022917184084, 1.593270473713373E-5, 146.41080471488277, 1.009104841660733E-5, 1.6785783255733665E-4, 2.9297756691255974E-5, 40.7562485435592, 0.58864003350552, -0.009843213936679742, -49.9872, 150.5296, 10491
0.0, 900.0, 3.1645145095690648, -0.032354443264322415, 19.05970274556867, 3.667498635089752, 0.0012447305193757552, 1.1021904847441828E-6, 6.139767411286072E15, 0.4888281879085252, 0.10194378869758024, -0.016312483380012677, 0.6954613720684671, -0.9409301586638321, 2.4048069917476838, 439.2036617621503, 1.5888445896288714E-5, 146.40894774285113, 1.0157202727715328E-5, 1.6859062926308536E-4, 2.93407012359994E-5, 40.755931930727854, 0.5882780546420134, -0.009843213936679742, -49.9872, 150.5297, 10491
0.0, 900.0, 3.342960449526074, -0.03419876776625003, 19.246041316632365, 3.668184184014691, 0.0013172005958497395, 1.1046852787920444E-6, 6.132983250519049E15, 0.48936714401538967, 0.10202174621840819, -0.01627307528569745, 0.6935653399692463, -0.5432665272721715, 2.014444648081823, 443.5804693135615, 1.5842759779164054E-5, 146.40698728522332, 1.022633270842729E-5, 1.6935468866796435E-4, 2.9386067488171857E-5, 40.755597466553866, 0.5878956691397863, -0.009843213936679742, -49.9872, 150.5298, 10491
0.0, 900.0, 3.5314688977733284, -0.036147250564858284, 19.44094761854183, 3.668908251683638, 0.0013940225172392286, 1.1072793322304778E-6, 6.125854930584E15, 0.48992622246502887, 0.10210284894348688, -0.016231962918537388, 0.6859360513466425, 0.3032486713055652, 1.1756690133558632, 448.16109219687337, 1.5795640722918617E-5, 146.40491750644918, 1.0298545171308334E-5, 1.7015097967268116E-4, 2.9433992016005658E-5, 40.75524414467851, 0.5874917268789197, -0.009843213936679742, -49.9872, 150.5299, 10491
0.0, 900.0, 3.7306072758678313, -0.03820578129587144, 19.644744321268934, 3.6696729941138977, 0.0014754726018441553, 1.109975113359983E-6, 6.118370288394675E15, 0.4905058038256935, 0.10218717731373429, -0.01618909170694878, 0.6928878454233146, -0.5115457757404646, 1.9986614747535287, 452.95349485506887, 1.5747086071792648E-5, 146.40273224191017, 1.0373949021274098E-5, 1.7098047710294606E-4, 2.948461909001912E-5, 40.75487090202647, 0.5870650129543344, -0.009843213936679742, -49.9872, 150.53, 10491
0.0, 900.0, 3.9409750020829173, -0.04038058329666518, 19.85776141754428, 3.6704806870560063, 0.0015618463627617596, 1.1127750546077691E-6, 6.110517236801117E15, 0.4911062507456575, 0.10227481060639604, -0.016144406636393174, 0.6895268567039682, -0.0892715764203046, 1.5850638693450834, 457.96585603026796, 1.5697095955376097E-5, 146.4004031952729, 1.0452653293922957E-5, 1.7184415061810408E-4, 2.95381011169367E-5, 40.754476615611246, 0.5866142440304891, -0.009843213936679742, -49.9872, 150.5301, 10491
0.0, 900.0, 4.163205295692641, -0.04267823258967207, 20.080336159595547, 3.6713337325345337, 0.0016534600146137354, 1.11568153929022E-6, 6.102283808738986E15, 0.4917279048812222, 0.1023658264840563, -0.01609785244161817, 0.6909762675497214, -0.3069925822542645, 1.8119599486505271, 463.2065712357253, 1.5645674892400287E-5, 146.39796705563052, 1.0534774637369465E-5, 1.7274300093264765E-4, 2.959459909944192E-5, 40.75406009916088, 0.586138064491569, -0.009843213936679742, -49.9872, 150.5302, 10491
0.0, 900.0, 4.397967082999168, -0.0451056779197404, 20.312812995721796, 3.6722346657337708, 0.0017506521147704261, 1.1186969322822761E-6, 6.093658201977659E15, 0.49237109323650036, 0.1024603019155274, -0.016049373098110706, 0.6821371739341765, 0.40103594911041146, 1.1136245762880976, 468.6842555549398, 1.5592829010571978E-5, 146.39537298779828, 1.0620424772526304E-5, 1.7367800022172926E-4, 2.9654283120103246E-5, 40.75362009955399, 0.585635042375765, -0.009843213936679742, -49.9872, 150.5304, 10491
0.0, 900.0, 4.645967010840436, -0.04767026194417029, 20.555543508756394, 3.6731861622450666, 0.00185378535373048, 1.1218235076463256E-6, 6.084628824030053E15, 0.49303611252256374, 0.10255831086609919, -0.015998912970317414, 0.6872424127568332, 0.022753386892359406, 1.5021372804300717, 474.4077468422543, 1.5538569440977644E-5, 146.3926568816826, 1.0709724116463065E-5, 1.7465015006038154E-4, 2.9717332854497505E-5, 40.75315529305484, 0.5851036650807906, -0.009843213936679742, -49.9872, 150.5305, 10491
0.0, 900.0, 4.907951573638846, -0.05037974365023103, 20.808886358555487, 3.6741910456932274, 0.0019632485087120624, 1.125063523638276E-6, 6.075184336769175E15, 0.49372324500895054, 0.10265992660154331, -0.0159464155965965, 0.6869334186778373, 0.0031838339044110947, 1.5324921814711812, 480.38610940346933, 1.5482909030629452E-5, 146.38976706091657, 1.0802788362569146E-5, 1.7566042489403706E-4, 2.9783938111506255E-5, 40.75266428133765, 0.58454233482954, -0.009843213936679742, -49.9872, 150.5307, 10491
0.0, 900.0, 5.184709360393545, -0.05324232205129219, 21.07320723070555, 3.6752522957600364, 0.0020794585775351826, 1.1284191394004386E-6, 6.065313700286754E15, 0.49443274069193244, 0.10276521902788846, -0.015891825028489084, 0.6866609669325442, -0.014439425331241814, 1.5614730418504672, 486.6286382386672, 1.542586534203763E-5, 146.38671674148068, 1.0899740004200697E-5, 1.7670981705510198E-4, 2.9854299405401126E-5, 40.75214558728652, 0.5839493638807527, -0.009843213936679742, -49.9872, 150.5308, 10491
0.0, 900.0, 5.47707342837986, -0.05626666120273422, 21.348878793670426, 3.676373056623623, 0.0022028631122713613, 1.1318924833391612E-6, 6.055006215528776E15, 0.49516483172891407, 0.10287425678423748, -0.015835084722572765, 0.6624882999358384, 0.8849714506075584, 0.6740078646913278, 493.1448639326396, 1.5367458790464763E-5, 146.38349687289315, 1.1000702529616859E-5, 1.7779931819394826E-4, 2.992862855961545E-5, 40.75159765055953, 0.5833229694712241, -0.009843213936679742, -49.9872, 150.531, 10491
0.0, 900.0, 5.785923810700875, -0.059461916695889724, 21.636280666594807, 3.677556645833053, 0.0023339427715214347, 1.135485605785356E-6, 6.044251565251811E15, 0.4959197223538228, 0.10298710570441663, -0.01577613830981918, 0.6802170495922365, 0.34829882212459284, 1.223228498354217, 499.94455828099683, 1.5307713113334738E-5, 146.38009789432107, 1.1105801142807467E-5, 1.7892991496459333E-4, 3.000714934447213E-5, 40.751018822903745, 0.5826612684750283, -0.009843213936679742, -49.9872, 150.5312, 10491
0.0, 900.0, 6.112190165239018, -0.06283776364792937, 21.93579939994633, 3.678806563638168, 0.0024732141161210148, 1.1392004888436773E-6, 6.033039852862432E15, 0.49669759096534993, 0.10310382907002529, -0.01571492944318384, 0.6791122208131228, 0.3749969485928799, 1.2096929897568733, 507.037740742233, 1.5246655306036818E-5, 146.37650970580398, 1.121516315476927E-5, 1.8010259243816433E-4, 3.009009815163183E-5, 40.75040736320658, 0.5819622717630906, -0.009843213936679742, -49.9872, 150.5313, 10491
0.0, 900.0, 6.456854572981168, -0.06640442629398188, 22.24782847111336, 3.680126502795345, 0.002621232672200807, 1.1430390446402104E-6, 6.021361638730395E15, 0.4974985897865931, 0.1032244874980817, -0.01565140183670942, 0.6857695179366673, -0.1283531663408368, 1.726830411768661, 514.4346858077504, 1.5184315533629E-5, 146.37272163784763, 1.1328918039316974E-5, 1.813183338709786E-4, 3.017772470638538E-5, 40.74976143226935, 0.5812238782471248, -0.009843213936679742, -49.9872, 150.5315, 10491
0.0, 900.0, 6.820954494140398, -0.07017270927786996, 22.572768296980872, 3.681520358870463, 0.0027785962916613434, 1.1470031142114928E-6, 6.009207973603254E15, 0.4983228446946696, 0.10334913884753008, -0.01558549929797251, 0.6824377710890547, 0.10459914459825445, 1.508297597441671, 522.14593138314, 1.5120726741895842E-5, 146.36870063992447, 1.1447195384679827E-5, 1.825781100664847E-4, 3.0270292818821714E-5, 40.74907908728731, 0.5804438685902826, -0.009843213936679742, -49.9872, 150.5317, 10491
0.0, 900.0, 7.205585890972458, -0.07415403072575893, 22.91102626538456, 3.6829922410609783, 0.00294594884011135, 1.1510944600256468E-6, 5.996570428795835E15, 0.49917045376870883, 0.10347783792449824, -0.015517165870969504, 0.690012834265835, -0.7990215966445579, 2.4269745590026433, 530.18228827495, 1.5055925865382384E-5, 146.36447836473238, 1.1570133225817901E-5, 1.8388291946683046E-4, 3.0368081178701264E-5, 40.74835827601955, 0.5796198985656509, -0.009843213936679742, -49.9872, 150.532, 10491
0.0, 900.0, 7.611906526686857, -0.0783604572596988, 23.26301678719628, 3.684546483559588, 0.0031239842492503563, 1.1553148002729198E-6, 5.983441122880969E15, 0.5000414945084354, 0.10361063750119463, -0.01544634528336146, 0.6842859756606313, -0.14167620386075452, 1.785323424745675, 538.554850877811, 1.4989951041892235E-5, 146.35999867607453, 1.1697864359732818E-5, 1.852337253818247E-4, 3.0471384196311887E-5, 40.74759683063154, 0.5787494920435332, -0.009843213936679742, -49.9872, 150.5322, 10491
0.0, 900.0, 8.041139450382474, -0.08280474095732461, 23.629161370624885, 3.686187657482502, 0.003313450971355221, 1.1596657430706934E-6, 5.969812744667064E15, 0.5009360103832469, 0.1037475861859215, -0.015372982072176272, 0.6884498855262315, -0.6839318073794156, 2.343908780466553, 547.2750091572326, 1.4922844292450393E-5, 146.35527006606338, 1.183052932076477E-5, 1.866315092719383E-4, 3.058051288821495E-5, 40.746792461191994, 0.5778300335862987, -0.009843213936679742, -49.9872, 150.5324, 10491
0.0, 900.0, 8.494576678497534, -0.08750035848705694, 24.009888719129655, 3.6879205833858517, 0.0035151568811597374, 1.1641488606949569E-6, 5.955678572312273E15, 0.50185402634752, 0.10388873069905341, -0.01529702036663437, 0.6860746659047169, -0.4437966959128775, 2.1207323777993117, 556.3544620237311, 1.4854649781581179E-5, 146.35030027482128, 1.196827243486689E-5, 1.8807726318949736E-4, 3.0695795813319875E-5, 40.74594274880527, 0.5768587606302211, -0.009843213936679742, -49.9872, 150.5327, 10491
0.0, 900.0, 8.973583083855367, -0.09246155247908032, 24.405634854142296, 3.689750344394206, 0.003729974673839499, 1.168765652716065E-6, 5.941032488492188E15, 0.502795541411727, 0.1040341146543649, -0.015218404533919302, 0.6864377297800615, -0.5468599113412838, 2.2413721743929464, 565.8052321943063, 1.4785412588030833E-5, 146.345009144349, 1.2111231845070695E-5, 1.8957193428564451E-4, 3.081758006540344E-5, 40.74504513835753, 0.5758327552296856, -0.009843213936679742, -49.9872, 150.533, 10491
0.0, 900.0, 9.479600504012163, -0.09770337527002786, 24.81684326358301, 3.6916822999655743, 0.003958847813293898, 1.1735175217346368E-6, 5.925868991607061E15, 0.5037605239798961, 0.10418377773661222, -0.015137079630352698, 0.6819105091837964, -0.13497945538663889, 1.8476700222059002, 575.6396826377996, 1.4715182040038362E-5, 146.33944634043638, 1.225956100095563E-5, 1.9111652593982787E-4, 3.094623231601575E-5, 40.744096930857275, 0.5747489353417166, -0.009843213936679742, -49.9872, 150.5333, 10491
0.0, 900.0, 10.014152081273139, -0.10324173516702859, 25.243965076940032, 3.693722100317574, 0.0042027970927026965, 1.1784058705063196E-6, 5.910183203083547E15, 0.5047489318385269, 0.10433775870404219, -0.015052989775264827, 0.6826599007904965, -0.2498986860839425, 1.9813480096652456, 585.8705347014152, 1.4644007413083127E-5, 146.33357353897188, 1.2413409617637252E-5, 1.927120204963501E-4, 3.10821399213482E-5, 40.74309527534517, 0.5736040456232656, -0.009843213936679742, -49.9872, 150.5336, 10491
0.0, 900.0, 10.578846847440785, -0.1090934453746932, 25.6874592674653, 3.6958757015396917, 0.004462927875363968, 1.1834319993401215E-6, 5.893970870893253E15, 0.5057606915411877, 0.10449609210244702, -0.01496607993866847, 0.6802283930210031, -0.09570863196683481, 1.8464699619667224, 596.510888016843, 1.4571939737914565E-5, 146.3273514861562, 1.2572929335115682E-5, 1.9435938930164324E-4, 3.122571208906904E-5, 40.74203716035147, 0.5723946477162887, -0.009843213936679742, -49.9872, 150.5339, 10491
0.0, 900.0, 11.175384567095572, -0.11527627579406258, 26.14779288182571, 3.698149381416696, 0.004740438093517833, 1.1885971645814881E-6, 5.877228369474776E15, 0.506795710577361, 0.10465881005441445, -0.014876294979405943, 0.6726127957098748, 0.31878409055922763, 1.4518091688068986, 607.5742422860682, 1.4499032025020634E-5, 146.3207834909329, 1.2738280344530336E-5, 1.960596344785975E-4, 3.137738111013793E-5, 40.740919404874084, 0.5711171099910817, -0.009843213936679742, -49.9872, 150.5342, 10491
0.0, 900.0, 11.805560853987677, -0.12180900771886272, 26.625441297343492, 3.7005497559882925, 0.005036627088281575, 1.1939025973590847E-6, 5.859952696305393E15, 0.5078538813425281, 0.10482594279969519, -0.014783579350544515, 0.6669419281535215, 0.5113092274407124, 1.2795961081069276, 619.0745210492332, 1.442533774913937E-5, 146.31385004591624, 1.2909625245605588E-5, 1.9781376192807518E-4, 3.153760366293959E-5, 40.73973864885167, 0.5697675967187195, -0.009843213936679742, -49.9872, 150.5346, 10491
0.0, 900.0, 12.47127257594037, -0.12871149178547026, 27.120888506764654, 3.7030837968700006, 0.005352905389858765, 1.1993494755277497E-6, 5.842141465422739E15, 0.508935075754234, 0.10499751776331463, -0.014687877620933848, 0.6563859083568925, 0.7808774830325431, 1.0307733645050687, 631.0260975399075, 1.4350911101073952E-5, 146.30653054372695, 1.3087130540385728E-5, 1.996227833547385E-4, 3.1706862189413286E-5, 40.73849134310302, 0.5683420566410251, -0.009843213936679742, -49.9872, 150.535, 10491
0.0, 900.0, 13.174523564534132, -0.13600470921494864, 27.63462743031398, 3.705758849359999, 0.005690805545417138, 1.2049389436061863E-6, 5.823792898243938E15, 0.510039149506498, 0.1051735601381751, -0.014589134164654266, 0.685049668588933, -0.8292405744131338, 2.662016450752089, 643.443822736961, 1.4275806513634993E-5, 146.2987814459544, 1.3270964935473904E-5, 2.0148771133321212E-4, 3.188566634731327E-5, 40.737173738703845, 0.5668362109054463, -0.009843213936679742, -49.9872, 150.5354, 10491
0.0, 900.0, 13.917430646758003, -0.14371083668250031, 28.167160254631767, 3.7085826513562696, 0.0060519941110745, 1.21067211340069E-6, 5.804905812069234E15, 0.5111659424424043, 0.10535409286187275, -0.014487293185119252, 0.6773654811088267, -0.1157153069152245, 1.969934290147868, 656.3430557269629, 1.4200079354926138E-5, 146.29060152707396, 1.3461306795039711E-5, 2.0340959450377858E-4, 3.2074554551134395E-5, 40.73578187576853, 0.5652455403289935, -0.009843213936679742, -49.9872, 150.5358, 10491
0.0, 900.0, 14.702230016783776, -0.15185331482598324, 28.718998798043224, 3.7115633531077727, 0.006438284950894377, 1.2165500978796004E-6, 5.78547960668899E15, 0.5123152854256607, 0.10553913764297337, -0.014382298145054512, 0.6712064928622887, 0.22629843148954268, 1.6496126327314942, 669.7396964967533, 1.4123784440321438E-5, 146.28196649356065, 1.3658338178460037E-5, 2.0538949462382402E-4, 3.227409558883121E-5, 40.734311571605474, 0.5635652719562887, -0.009843213936679742, -49.9872, 150.5362, 10491
0.0, 900.0, 15.531283967042453, -0.16045692085180527, 29.290664901487624, 3.7147095378226123, 0.0068516539871012515, 1.2225739839488223E-6, 5.765514249535973E15, 0.5134869951669467, 0.10572871406562555, -0.01427409227827707, 0.6648367818537528, 0.4665896323247712, 1.4311853930792935, 683.6502212826008, 1.4046976095981673E-5, 146.27282891684646, 1.3862243926956672E-5, 2.0742847722772848E-4, 3.2484890340602455E-5, 40.732758408209556, 0.5617903648714058, -0.009843213936679742, -49.9872, 150.5367, 10491
0.0, 900.0, 16.40708799886392, -0.16954784528536995, 29.882690844332537, 3.7180302431551002, 0.007294255580541939, 1.2287448483640652E-6, 5.745010259839855E15, 0.514680877552935, 0.10592284005531338, -0.01416261833774031, 0.6619859529825988, 0.5461455728870807, 1.3735801083198824, 698.0917206102079, 1.3969709047770045E-5, 146.26320521811385, 1.4073222586911724E-5, 2.0952766521367303E-4, 3.270757359011624E-5, 40.731117719056506, 0.5599154952241108, -0.009843213936679742, -49.9872, 150.5372, 10491
0.0, 900.0, 17.33227833408325, -0.17915377326104379, 30.495619784218174, 3.721534983592378, 0.007768440724438836, 1.2350637984527861E-6, 5.723968692247421E15, 0.5158967356491282, 0.10612153312629954, -0.014047817883147504, 0.6519517143279698, 0.7944928455998024, 1.1471769569029018, 713.0819401688044, 1.3892035865373944E-5, 146.25302322935184, 1.4291470068721077E-5, 2.1168816917263144E-4, 3.294281593812274E-5, 40.72938457515951, 0.5579350404273011, -0.009843213936679742, -49.9872, 150.5377, 10491
0.0, 900.0, 18.309639850224052, -0.18930397052329684, 31.130006220018725, 3.725233773759708, 0.008276777277895716, 1.2415319122231492E-6, 5.702391120370472E15, 0.5171343582520477, 0.10632480846652148, -0.013929632387699953, 0.6807708667549512, -0.6536466743482701, 2.6171525610940205, 728.6393246726835, 1.3814009194264956E-5, 146.24225270109147, 1.4517193122505E-5, 2.1391113929874342E-4, 3.3191325822087465E-5, 40.72755377034802, 0.5558430624808963, -0.009843213936679742, -49.9872, 150.5383, 10491
0.0, 900.0, 19.34211446314421, -0.20002937439302299, 31.78641647697085, 3.72913715266168, 0.008822072471364966, 1.2481503179817803E-6, 5.680279620714855E15, 0.5183935353017061, 0.10653268141163784, -0.013808001812099402, 0.6749110696924647, -0.1707726978669091, 2.1558972000563017, 744.7830648748026, 1.3735680918258686E-5, 146.23090519621397, 1.475061271899262E-5, 2.1619779441000097E-4, 3.3453851657135785E-5, 40.72561980572545, 0.5536332903746777, -0.009843213936679742, -49.9871, 150.5389, 10491
0.0, 900.0, 20.432809982376273, -0.21136269013829853, 32.46542921300266, 3.733256208874432, 0.009407397969196856, 1.2549201849421226E-6, 5.657636757428256E15, 0.5196740559909941, 0.10674516711936274, -0.013682864778697637, 0.6743182641772387, -0.16147144453487244, 2.1678798487648296, 761.5331479094812, 1.3657100014069964E-5, 146.21888167596552, 1.4991945035149099E-5, 2.1854933235257977E-4, 3.373118409006609E-5, 40.723576873260754, 0.5512991015207382, -0.009843213936679742, -49.9871, 150.5395, 10491
0.0, 900.0, 21.58500946581761, -0.2233384929919672, 33.16763594529908, 3.7376026067014365, 0.010036117787884598, 1.2618426719931074E-6, 5.634465568282567E15, 0.5209756990910378, 0.10696227893451471, -0.013554159531887336, 0.672008303799918, -0.03812484555300819, 2.065357486150699, 778.9104111547791, 1.357831604559858E-5, 146.2062117512705, 1.5241429822730861E-5, 2.2096705027718067E-4, 3.4024158383857175E-5, 40.721418838465695, 0.5488335021627306, -0.009843213936679742, -49.9871, 150.5402, 10491
0.0, 900.0, 22.80218110192848, -0.2359933361177719, 33.89364159615929, 3.742188613302503, 0.010711919425774086, 1.2689190476292182E-6, 5.610769552279658E15, 0.5222982555179906, 0.10718403212516041, -0.013421821722022456, 0.6584903902863073, 0.5560879788472121, 1.4913773183312733, 796.9365998197937, 1.3499375040223767E-5, 146.192814232845, 1.5499304831326415E-5, 2.2345224910938672E-4, 3.43336569408952E-5, 40.71913922210851, 0.5462291067078264, -0.009843213936679742, -49.9871, 150.5409, 10491
0.0, 900.0, 24.087988649184023, -0.24936586491690566, 34.644065057237015, 3.74702712680232, 0.011438848590721515, 1.276150577088843E-6, 5.586552659237267E15, 0.5236415069717097, 0.10741044031568074, -0.013285786502739177, 0.6649988069783482, 0.292267766149671, 1.7746998866145742, 815.6344284778631, 1.3420322262184029E-5, 146.178649325208, 1.576582134404771E-5, 2.2600628321591595E-4, 3.4660611959395786E-5, 40.716731180910244, 0.5434781159228264, -0.009843213936679742, -49.9871, 150.5416, 10491
0.0, 900.0, 25.44630246420355, -0.26349693810861574, 35.41953977130404, 3.75213170538111, 0.01222134798081784, 1.2835386203290308E-6, 5.561819281676184E15, 0.5250052441452043, 0.10764151853150601, -0.013145986701702472, 0.6584365556278357, 0.535143491065746, 1.5504516040234226, 835.0276467834583, 1.3341201244112356E-5, 146.1636967379953, 1.6041245610008146E-5, 2.2863058401618842E-4, 3.50060082515619E-5, 40.7141874871681, 0.5405722939340678, -0.009843213936679742, -49.9871, 150.5424, 10491
0.0, 900.0, 26.88121115175244, -0.27842975602784825, 36.22071433073733, 3.757516597345751, 0.0130643005968079, 1.2910846151051674E-6, 5.536574249290819E15, 0.5263892632421298, 0.10787728263859676, -0.013002353119542981, 0.659258577979633, 0.4958362313455357, 1.6073615929554217, 855.1411096283499, 1.3262052996750385E-5, 146.1479120544718, 1.632585289473946E-5, 2.313266294416818E-4, 3.537088621153952E-5, 40.711500507248054, 0.5375029439684833, -0.009843213936679742, -49.9871, 150.5432, 10491
0.0, 900.0, 28.39703387168382, -0.29420999642636414, 37.04825309200115, 3.7631967721749984, 0.013973078183312043, 1.298790063462328E-6, 5.510822826243806E15, 0.5277933632241574, 0.1081177488923917, -0.01285481477433574, 0.6675296468536371, 0.11861137756267265, 2.001010356877856, 876.0008520114186, 1.3182916260658085E-5, 146.1312266089089, 1.6619927168239985E-5, 2.3409593973104062E-4, 3.5756344957685275E-5, 40.70866217888333, 0.5342608827669708, -0.009843213936679742, -49.9871, 150.544, 10491
0.0, 900.0, 29.998333339864708, -0.31088595828713267, 37.902836805473314, 3.7691879525272416, 0.014953595412269044, 1.3066565504638054E-6, 5.484570711481739E15, 0.5292173489654203, 0.10836293449399369, -0.012703298532456414, 0.6644279106947693, 0.2662909973986944, 1.868418536679103, 897.634168916163, 1.3103828270210176E-5, 146.11361258284774, 1.6923771406017223E-5, 2.3694012590285093E-4, 3.616354564828707E-5, 40.705663987215374, 0.530836413601981, -0.009843213936679742, -49.9871, 150.545, 10491
0.0, 900.0, 31.689929562220097, -0.328508714293516, 38.785163260048904, 3.775506647193472, 0.01601237055648636, 1.3146857802111132E-6, 5.457824042224176E15, 0.5306610373644952, 0.10861285867974065, -0.012547728390635851, 0.6642805577124035, 0.2638231435532257, 1.8844788989895207, 920.0697005105288, 1.3024823185601952E-5, 146.09497413592075, 1.7237694127590578E-5, 2.3986083667782356E-4, 3.6593714987090624E-5, 40.70249693950791, 0.5272192978248404, -0.009843213936679742, -49.9871, 150.5459, 10491
0.0, 900.0, 33.47691434323532, -0.3471322724469091, 39.695947942042736, 3.7821701849718568, 0.017156593457236434, 1.3228795343593348E-6, 5.430589400731991E15, 0.5321242493903322, 0.10886754139323813, -0.012388026248112319, 0.6639643666855668, 0.27045552665576145, 1.8897839823609468, 943.3375230050664, 1.2945934368770316E-5, 146.0753211769719, 1.756203351159912E-5, 2.4285985527875204E-4, 3.70481489280849E-5, 40.69915153846212, 0.5233987248657814, -0.009843213936679742, -49.9871, 150.5469, 10491
0.0, 900.0, 35.36466661258814, -0.3668137471559207, 40.63592470800267, 3.789196749433463, 0.018394201735694535, 1.3312397580570446E-6, 5.40287382441415E15, 0.5336068249437448, 0.10912700591910496, -0.012224110201685526, 0.6762240763070213, -0.549652757822507, 2.7200160695498328, 967.4692455275623, 1.2867190858313046E-5, 146.05453006348455, 1.7897126480350483E-5, 2.4593898053617294E-4, 3.752821658710848E-5, 40.6956177540578, 0.5193632806062345, -0.009843213936679742, -49.9871, 150.548, 10491
0.0, 900.0, 37.35886861604456, -0.38761354081140886, 41.60584647113732, 3.796605414541289, 0.019733966293248938, 1.3397684498277855E-6, 5.374684819284702E15, 0.5351086026666573, 0.10939127542013019, -0.012055896659094678, 0.6609375444735771, 0.3940655082914904, 1.7844520433931603, 992.4981133951433, 1.2788621172764435E-5, 146.03258254241393, 1.8243340310663345E-5, 2.49100142041565E-4, 3.8035364377377816E-5, 40.69188499384008, 0.515100914038618, -0.009843213936679742, -49.9871, 150.5491, 10491
0.0, 900.0, 39.465523019354066, -0.40959553603773624, 42.6064859011534, 3.804416181076809, 0.02118558731949761, 1.34846779941089E-6, 5.346030376733761E15, 0.5366294437634916, 0.10966037716972066, -0.011883297595459516, 0.6532062094674009, 0.6653629943798497, 1.5191881492329484, 1018.459118188339, 1.2710250294337899E-5, 146.00939167522156, 1.8601052939881242E-5, 2.523453409166829E-4, 3.8571120377977166E-5, 40.68794207156886, 0.5105989021252184, -0.009843213936679742, -49.9871, 150.5503, 10491
0.0, 900.0, 41.69097097662782, -0.43282729973561107, 43.638636137387955, 3.812650013819733, 0.022759802152226432, 1.3573400922828455E-6, 5.316918993528154E15, 0.5381692144229753, 0.10993433954042627, -0.011706222383177922, 0.6617048036978435, 0.36969734796674186, 1.8186224615069906, 1045.3891150556726, 1.2632101491227639E-5, 145.98491030409497, 1.8970666508842454E-5, 2.5567668838199625E-4, 3.91370989500319E-5, 40.683777174141696, 0.5058438127630263, -0.009843213936679742, -49.987, 150.5516, 10491
0.0, 900.0, 44.04191121758688, -0.4573802994096046, 44.70311151520889, 3.821328879417707, 0.024468506566761018, 1.3663877800270954E-6, 5.287359694908888E15, 0.5397277974220462, 0.11021319412805732, -0.011524576349977722, 0.6688196209189132, 0.016173003219589394, 2.1735154092240236, 1073.3269477019394, 1.2554194865443968E-5, 145.95902221507896, 1.9352593872182707E-5, 2.5909636158766286E-4, 3.9735005613355306E-5, 40.67937782669913, 0.5008214657588397, -0.009843213936679742, -49.987, 150.553, 10491
0.0, 900.0, 46.5254202111341, -0.4833301327393407, 45.800748305741934, 3.8304757848731743, 0.02632489124772946, 1.3756134354742742E-6, 5.257362060603667E15, 0.5413050835516745, 0.11049697430775215, -0.011338261621272036, 0.6697680587604998, -0.027684800913353045, 2.216218186679518, 1102.3135815383944, 1.24765494697829E-5, 145.93169397879615, 1.974728218349055E-5, 2.626066931847922E-4, 4.0366642202469215E-5, 40.674730855814325, 0.49551689171229674, -0.009843213936679742, -49.987, 150.5544, 10491
0.0, 900.0, 49.148973465943236, -0.5107567707952749, 46.932405469064115, 3.840114816564724, 0.02834359546696296, 1.3850198352281017E-6, 5.22693625352366E15, 0.5429009849115732, 0.11078571770974226, -0.01114717539957348, 0.6675247111207178, 0.11601190287644077, 2.0687334341024313, 1132.3922454985081, 1.2399180724977724E-5, 145.90280095566405, 2.0155189018495232E-5, 2.662100865538733E-4, 4.103391230920811E-5, 40.66982235066503, 0.48991428870105125, -0.009843213936679742, -49.987, 150.5559, 10490
0.0, 900.0, 51.920468032181354, -0.539744816696688, 48.09896542108068, 3.850271179709969, 0.030540880264171025, 1.3946098714391371E-6, 5.196093050864255E15, 0.5445154189131085, 0.11107946343527651, -0.010951211684691958, 0.6681437737967856, 0.09905235556450225, 2.0791794558706473, 1163.6085830487293, 1.2322103040740447E-5, 145.87230078209558, 2.0576808653830327E-5, 2.6990910652866516E-4, 4.173882703991566E-5, 40.66463762208147, 0.4839969766592307, -0.009843213936679742, -49.987, 150.5574, 10490
0.0, 900.0, 54.84824627209599, -0.5703837796413935, 49.30133481437637, 3.8609712381664396, 0.03293482374242518, 1.4043866530866134E-6, 5.164843877279501E15, 0.5461483244963955, 0.11137825508935274, -0.010750259151464839, 0.6583874338354787, 0.5502543318839211, 1.6186658021734384, 1196.0108129497216, 1.2245327400636047E-5, 145.84008111460415, 2.101265194696502E-5, 2.7370641516357526E-4, 4.248351109256258E-5, 40.659161159357055, 0.4777473493322586, -0.009843213936679742, -49.987, 150.5591, 10490
0.0, 900.0, 57.94112097101798, -0.6027683659862979, 50.54044533340008, 3.8722425544562475, 0.03554554149446762, 1.4143534204902798E-6, 5.13320083975009E15, 0.5477996467114865, 0.1116821380797033, -0.010544202827960508, 0.6777718241260682, -0.5584097097143174, 2.7151701641469734, 1229.6499003497754, 1.2168862926459287E-5, 145.80602451415527, 2.1463254553318085E-5, 2.776047876205594E-4, 4.3270209184785193E-5, 40.653376584704716, 0.47114682368938565, -0.009843213936679742, -49.987, 150.5609, 10490
0.0, 900.0, 61.20840186436553, -0.6369987886977185, 51.817254504406705, 3.8841139298894602, 0.038395435549466825, 1.424513607057064E-6, 5.101176763714255E15, 0.5494693460742509, 0.1119911614215229, -0.010332922765817834, 0.6576412537663022, 0.6124767917176623, 1.5292519853196633, 1264.5797388184744, 1.2092717316238358E-5, 145.77007323100253, 2.192919311566455E-5, 2.8160718892742645E-4, 4.410129283866285E-5, 40.64726660523478, 0.4641757866691161, -0.009843213936679742, -49.987, 150.5627, 10490
0.0, 900.0, 64.65992366049736, -0.673181095431126, 53.13274652063955, 3.89661544465041, 0.041509475778172725, 1.434870860529004E-6, 5.068785229980809E15, 0.5511574008442912, 0.1123053782839281, -0.010116293516658714, 0.6764436929116547, -0.33556983958979114, 2.4593998579807357, 1300.8573439551546, 1.2016894839110811E-5, 145.73207702336052, 2.2411059972610282E-5, 2.8571667460863153E-4, 4.4979267558052615E-5, 40.64081296232582, 0.45681353912707223, -0.009843213936679742, -49.9869, 150.5647, 10490
0.0, 900.0, 68.30607564376545, -0.7114275178412515, 54.487933083292106, 3.909778497700672, 0.04491551822270087, 1.4454289669776069E-6, 5.036040611893674E15, 0.5528637934683254, 0.11262484358279862, -0.009894185646166731, 0.6727391007358317, -0.014889178468907216, 2.117990421119448, 1338.5430592332132, 1.1941398801734889E-5, 145.6919446992864, 2.2909489063184167E-5, 2.899364779744597E-4, 4.590678040522358E-5, 40.63399637825136, 0.44903823685174915, -0.009843213936679742, -49.9869, 150.5668, 10490
0.0, 900.0, 72.15783294687422, -0.7518568419043787, 55.88385425883948, 3.9236358463423806, 0.04864466546925137, 1.4561919492026866E-6, 5.002958112167958E15, 0.5545885254697054, 0.11294961686204257, -0.009666463604397851, 0.6788243666165578, -0.42835967035345224, 2.5079742223530443, 1377.7007747678485, 1.186622981491447E-5, 145.6495353240641, 2.3425141788137238E-5, 2.942699723861312E-4, 4.6886628012271355E-5, 40.62679649992283, 0.44082682850823574, -0.009843213936679742, -49.9869, 150.569, 10490
0.0, 900.0, 76.2267895866778, -0.7945948028525163, 57.321579353376656, 3.938221645276127, 0.05273167496218445, 1.4671639993227512E-6, 4.969553798770113E15, 0.5563316052951193, 0.11327976013971117, -0.009432987064627862, 0.6618884832817328, 0.5795757934032899, 1.4739043547904926, 1418.39815972134, 1.1791387107570148E-5, 145.60474458568763, 2.395872236382846E-5, 2.9872071622966253E-4, 4.792176504393419E-5, 40.619191839597924, 0.43215499036493155, -0.009843213936679742, -49.9869, 150.5713, 10490
0.0, 900.0, 80.5251933628552, -0.8397745040128987, 58.80220780464472, 3.953571484979093, 0.05721542199168066, 1.4783495319975182E-6, 4.935844639168574E15, 0.5580930556283775, 0.11361533939821208, -0.009193609724333932, 0.6782446332963447, -0.23110291042248088, 2.255951880214275, 1460.7069090865275, 1.1716867434903247E-5, 145.55743936945586, 2.4510969564396408E-5, 3.0329242956925775E-4, 4.901531314066949E-5, 40.61115971240099, 0.4229970576520685, -0.009843213936679742, -49.9869, 150.5737, 10490
0.0, 900.0, 85.06598272451036, -0.8875368629997595, 60.3268700924659, 3.9697224292215996, 0.06213942510443541, 1.4897531392564783E-6, 4.901848532238755E15, 0.5598729049689045, 0.11395642310370507, -0.008948180193215693, 0.667478045995096, 0.4537153903283832, 1.5401998868606215, 1504.703005615705, 1.1642665513753726E-5, 145.50745738716915, 2.5082655968625638E-5, 3.0798898015524693E-4, 5.017057036802696E-5, 40.60267617049247, 0.41332595239727254, -0.009843213936679742, -49.9869, 150.5763, 10490
0.0, 900.0, 89.86282571566767, -0.9380310866806677, 61.896728668345666, 3.9867130515341427, 0.06755244280741556, 1.501379606117848E-6, 4.867584337066959E15, 0.5616711889479227, 0.11430308255606447, -0.00869654159715541, 0.6717249143955148, 0.3229514818929996, 1.6379672518506574, 1550.466997688844, 1.1568774693395244E-5, 145.45465007609215, 2.567459968319747E-5, 3.128144302702177E-4, 5.139102120180842E-5, 40.59371593371817, 0.40311310757753915, -0.009843213936679742, -49.9868, 150.579, 10490
0.0, 900.0, 94.93016111689131, -0.9914151763005293, 63.51297890503419, 4.004583470432509, 0.07350915184813833, 1.5132339368991134E-6, 4.833071897864166E15, 0.5634879531455862, 0.11465539254410376, -0.008438530940090713, 0.6738916055747464, 0.28218091619637375, 1.643965044938671, 1598.0842939419033, 1.1495186489191337E-5, 145.39886047433774, 2.628766350933386E-5, 3.177730367131691E-4, 5.268034707874927E-5, 40.584252316562036, 0.3923283874208989, -0.009843213936679742, -49.9868, 150.5819, 10490
0.0, 900.0, 100.28324190686716, -1.047856466056767, 65.17685006687138, 4.023375383206024, 0.08007091879694664, 1.5253213325897415E-6, 4.79833206417288E15, 0.5653232482898884, 0.11501343053461227, -0.00817397952361694, 0.6699375298621236, 0.5218410478214718, 1.3680905858969235, 1647.6454755031991, 1.1421890738948334E-5, 145.33994436915447, 2.6922761093872754E-5, 3.2286926658266934E-4, 5.4042437543931454E-5, 40.57425715121821, 0.3809400036887327, -0.009843213936679742, -49.9868, 150.5849, 10490
0.0, 900.0, 105.93818117476894, -1.1075321961378979, 66.88960630176945, 4.04313209807366, 0.08730667852215569, 1.5376471932517188E-6, 4.763386705530729E15, 0.5671771293978273, 0.11537727660888307, -0.007902712833847428, 0.6704339818895236, 0.5623707370243872, 1.2902880421316776, 1699.2466267135073, 1.1348874794635951E-5, 145.27768327507027, 2.7580839643222233E-5, 3.2810773036445344E-4, 5.54814020328115E-5, 40.563700706590154, 0.3689144277606764, -0.009843213936679742, -49.9868, 150.5882, 10490
0.0, 900.0, 111.91200062160786, -1.1706301244760613, 68.65254765571498, 4.063898564514926, 0.09529393516446762, 1.5502170758277932E-6, 4.728258719744162E15, 0.5690496482905752, 0.11574701208557994, -0.007624551419325096, 0.682391489078374, 0.019533574273387946, 1.7952247670119228, 1752.9896852340275, 1.1276125412425858E-5, 145.21191368491748, 2.8262909717665024E-5, 3.334932819386656E-4, 5.700158231242711E-5, 40.55255160301861, 0.3562162983458803, -0.009843213936679742, -49.9868, 150.5915, 10490
0.0, 900.0, 118.22268179655741, -1.2373491785746817, 70.46701111069946, 4.08572140158743, 0.10411990365121519, 1.5630367720277637E-6, 4.69297203392627E15, 0.5709408641099802, 0.11612272168103967, -0.007339309124096929, 0.6766700995231107, 0.45184116729119234, 1.3248661876902572, 1808.9828124758176, 1.120362714838923E-5, 145.14243996936037, 2.8970032484017526E-5, 3.3903098486193125E-4, 5.860756563587954E-5, 40.540776722529486, 0.3428083246324545, -0.009843213936679742, -49.9867, 150.5951, 10490
0.0, 900.0, 124.88922022247789, -1.307900151120796, 72.33437164701228, 4.10864892405103, 0.11388281257265884, 1.5761122285554318E-6, 4.657551597466233E15, 0.5728508302531167, 0.11650449102245337, -0.007046794804483378, 0.6853871596486671, 0.02911762252197364, 1.7099087964607083, 1867.3407853151791, 1.1131362894325288E-5, 145.06905541140642, 2.970332308137688E-5, 3.4472610393322504E-4, 6.030419863210767E-5, 40.528341114387736, 0.3286511846888942, -0.009843213936679742, -49.9867, 150.5989, 10490
0.0, 900.0, 131.93168257356152, -1.3825064421047983, 74.25604333085627, 4.132731166129803, 0.12469339240685025, 1.5894495611738049E-6, 4.622023366125544E15, 0.5747795955154003, 0.11689240693593642, -0.006746811991404353, 0.6805306722819813, 0.451558604241004, 1.2507169390635569, 1928.1854100921423, 1.1059313686403859E-5, 144.99149842015757, 3.046394295044654E-5, 3.5058407771296245E-4, 6.209660198507604E-5, 40.51520789573282, 0.3137034189234691, -0.009843213936679742, -49.9867, 150.6029, 10490
0.0, 900.0, 139.37126707720626, -1.4614048517638643, 76.2334804282695, 4.1580199027578555, 0.13667657695222402, 1.6030550342444993E-6, 4.586414276499705E15, 0.5767272002097659, 0.11728655672652193, -0.006439159329351657, 0.6885972056097518, 0.028227711543289558, 1.6388208875942567, 1991.6459599241168, 1.0987460252114007E-5, 144.90960291676134, 3.12531407114384E-5, 3.566106579534856E-4, 6.399018594160967E-5, 40.50133814706591, 0.2979213184083451, -0.009843213936679742, -49.9867, 150.6071, 10490
0.0, 900.0, 147.23036732193168, -1.5448464276269676, 78.26817854636286, 4.184568668173417, 0.14997345000541265, 1.6169351230310992E-6, 4.550752210144931E15, 0.5786936841491077, 0.11768702985544667, -0.006123629147953696, 0.6923763791218203, -0.23274535057551804, 1.8667112776623394, 2057.8596364045334, 1.0915779871441891E-5, 144.8230602634278, 3.207219731994843E-5, 3.6281172255132465E-4, 6.599066668929236E-5, 40.48669080234801, 0.2812588078673759, -0.009843213936679742, -49.9867, 150.6116, 10489
0.0, 900.0, 155.53263966340234, -1.63309737052444, 80.36167580290827, 4.212432771747779, 0.164743474598143, 1.6310963478256934E-6, 4.515065946748616E15, 0.5806790622745366, 0.11809391303065261, -0.005800011221115051, 0.6946319670339762, -0.37635901539601735, 1.9800247642649338, 2126.972056797475, 1.0844249826738581E-5, 144.73163425395, 3.2922476018410013E-5, 3.691934123434947E-4, 6.810408366212016E-5, 40.471222533463894, 0.26366732312974106, -0.009843213936679742, -49.9866, 150.6163, 10489
0.0, 900.0, 164.3030744314547, -1.7264400032532061, 82.5155540253382, 4.241669310961538, 0.18116704777407877, 1.6455454253396457E-6, 4.47938510582089E15, 0.5826833455547018, 0.11850729447645277, -0.005468089342674759, 0.6941122994105446, -0.1115231001453725, 1.6883160391571694, 2199.1377678845392, 1.0772845266992448E-5, 144.63505243504693, 3.3805406363745326E-5, 3.7576210461120313E-4, 7.03368178158389E-5, 40.454887628796, 0.24509568284415373, -0.009843213936679742, -49.9866, 150.6213, 10489
0.0, 900.0, 173.56807115246514, -1.8251738079134063, 84.73143998024592, 4.272337181470112, 0.1994484309025487, 1.660289147158756E-6, 4.4437400765029005E15, 0.5847065233124946, 0.11892726033647445, -0.005127644116582189, 0.6938404582126892, 0.08849175735379415, 1.4654947865257175, 2274.5207876702616, 1.0701539708576444E-5, 144.533026827316, 3.472248612604582E-5, 3.825243865266864E-4, 7.269561093140267E-5, 40.43763786564708, 0.22548995425249618, -0.009843213936679742, -49.9866, 150.6265, 10489
0.0, 900.0, 183.35551801348282, -1.9296165363348088, 87.01100663450502, 4.304497084233588, 0.21981911345241328, 1.6753343839171626E-6, 4.4081619352257075E15, 0.5867485636362298, 0.11935389472730364, -0.00477845291312827, 0.6946154912358263, 0.12054103629871966, 1.4153240379894254, 2353.2951762080816, 1.0630304922928075E-5, 144.42523152748709, 3.567527836215435E-5, 3.894870415143942E-4, 7.518758599879342E-5, 40.41942237624275, 0.2047933128173498, -0.009843213936679742, -49.9866, 150.632, 10489
0.0, 900.0, 193.6948758073189, -2.0401054002635988, 89.35597444915976, 4.338211529722284, 0.24254167739147667, 1.6906880573326552E-6, 4.372682351110976E15, 0.5888094094971211, 0.11978727888839279, -0.004420290578091207, 0.696894142816463, -0.08251478394186754, 1.6055248085821807, 2435.645636870871, 1.0559111604345023E-5, 144.31136625055538, 3.666543265808536E-5, 3.9665711025410627E-4, 7.782026874365054E-5, 40.400187507037955, 0.18294589550096463, -0.009843213936679742, -49.9866, 150.6379, 10489
0.0, 900.0, 204.61726661127196, -2.1569983484703488, 91.768112707273, 4.373544839248696, 0.2679142403136452, 1.7063571516513152E-6, 4.3373334791803155E15, 0.5908889803549835, 0.12022749146359078, -0.004052929239597422, 0.6990058398626527, -0.4109282289573371, 1.9268759208796669, 2521.7681494593503, 1.048792804696E-5, 144.19104785551073, 3.769465645062656E-5, 4.04041790166715E-4, 8.060161035053663E-5, 40.379876671046574, 0.15988464749498554, -0.009843213936679742, -49.9865, 150.6441, 10489
0.0, 900.0, 216.15556746641786, -2.28067543690865, 94.24924087695885, 4.410563143518225, 0.2962755678882668, 1.7223486174980766E-6, 4.302147841631866E15, 0.5929871596613573, 0.120674605778188, -0.0036761406523603962, 0.6992341041072437, -0.4222882449954117, 1.9374179005583225, 2611.870636619057, 1.0416721893824418E-5, 144.06393815038678, 3.876475257982634E-5, 4.116485333703736E-4, 8.354001145581223E-5, 40.35843019290678, 0.13554316219982, -0.009843213936679742, -49.9865, 150.6506, 10489
0.0, 900.0, 228.34450933944416, -2.411540299915005, 96.80123001087159, 4.449334378534824, 0.328010961172947, 1.7386694376085582E-6, 4.2671581976484205E15, 0.595103804147385, 0.12112869169401251, -0.0032896947704629254, 0.6958559242386764, 0.17935484324976536, 1.341557316484373, 2706.1736651228057, 1.0345458386062001E-5, 143.92963536631913, 3.987759328038922E-5, 4.1948496887630197E-4, 8.664434746730023E-5, 40.335785146390585, 0.1098515142570351, -0.009843213936679742, -49.9865, 150.6575, 10489
0.0, 900.0, 241.22078166490996, -2.5500217318381906, 99.42600418347462, 4.489928279042642, 0.3635590412659657, 1.7553265018711664E-6, 4.2323974024174345E15, 0.5972387282586225, 0.1215898121525324, -0.002893362825786769, 0.6983032340221326, -0.2829992708601054, 1.8165343147219781, 2804.9111836716374, 1.0274101495240149E-5, 143.78775870336517, 4.103514378005704E-5, 4.275589432200584E-4, 8.992399528348028E-5, 40.31187518406326, 0.08273608544490285, -0.009843213936679742, -49.9865, 150.6647, 10488
0.0, 900.0, 254.82314278260984, -2.696575388928974, 102.12554196747104, 4.532416369730328, 0.4034195740719769, 1.7723266364414158E-6, 4.19789825626598E15, 0.5993917091681003, 0.12205802406399593, -0.002486916803247058, 0.6933934633273178, 0.3133993116901847, 1.2397015152734996, 2908.331298973795, 1.0202612583621258E-5, 143.63783992886434, 4.2239430794240355E-5, 4.3587841748433514E-4, 9.338886148500694E-5, 40.28663035879389, 0.0541193832492759, -0.009843213936679742, -49.9865, 150.6724, 10488
0.0, 900.0, 269.19253660246443, -2.8516856193567586, 104.90187795084772, 4.5768719544699525, 0.4481625012532441, 1.7896764924612214E-6, 4.1636933450383485E15, 0.6015624741080486, 0.1225333753455881, -0.002070132278448905, 0.6971278808500841, -0.31834494705766764, 1.8978996359256328, 3016.697091979113, 1.0130952099793041E-5, 143.47945040814807, 4.3492583038886345E-5, 4.4445156409218806E-4, 9.704941206824397E-5, 40.259976936819356, 0.02391985192715662, -0.009843213936679742, -49.9865, 150.6805, 10488
0.0, 900.0, 284.3722158481064, -3.0158674372920102, 107.75710429606409, 4.623370103906751, 0.49843837100809973, 1.8073826052649434E-6, 4.129814873065388E15, 0.60375070970542, 0.12301590670075646, -0.0016427872078861455, 0.6956716630875946, -0.23715327309469558, 1.8498198711337936, 3130.287476276015, 1.0059077887518537E-5, 143.31211394630887, 4.4796808929855964E-5, 4.532867011157446E-4, 1.009167037971301E-4, 40.23183720206279, -0.007948324105651494, -0.009843213936679742, -49.9865, 150.6891, 10488
0.0, 900.0, 300.4078722501316, -3.1896686497710363, 110.6933723430131, 4.671987641758093, 0.5549903940463513, 1.825451256588728E-6, 4.0962944902871335E15, 0.6059560469218781, 0.123505648033428, -0.0012046654667939583, 0.6896603725146596, 0.27836704201927354, 1.3736491993557625, 3249.3981008006476, 9.986945432837664E-6, 143.135283990487, 4.615437998008042E-5, 4.62392196794603E-4, 1.0500241725495453E-4, 40.20212925141042, -0.041575424732992694, -0.009843213936679742, -49.9865, 150.6981, 10488
0.0, 900.0, 317.3477740809056, -3.37367215278236, 113.71289425749451, 4.722803130219449, 0.6186683879322514, 1.8438884435517085E-6, 4.0631631152879655E15, 0.6081780600870681, 0.12400261786708829, -7.5555787172088E-4, 0.6867693145142013, 0.358969814984585, 1.3380125182294174, 3374.3422991630514, 9.914509008446265E-6, 142.94844853115413, 4.756767242875355E-5, 4.7177658483496526E-4, 1.0931889166885827E-4, 40.17076678065462, -0.07705640659723922, -0.009843213936679742, -49.9865, 150.7076, 10488
0.0, 900.0, 335.24291144491264, -3.5684984105772672, 116.81794472707745, 4.7758968549107, 0.6904449163986364, 1.8626999028869134E-6, 4.03045075618008E15, 0.610416272785504, 0.12450682428254435, -2.952618657627859E-4, 0.6925972032786217, -0.3657019490061471, 2.1124396327926522, 3505.4520880641244, 9.841719871677342E-6, 142.7510216216614, 4.9039130014088684E-5, 4.8144844452030516E-4, 1.1387916159178288E-4, 40.137658860817844, -0.11449112370831172, -0.009843213936679742, -49.9865, 150.7177, 10487
0.0, 900.0, 354.1471497619802, -3.77480813638229, 120.01086270639159, 4.831350809827004, 0.7714339816823708, 1.8818909525609947E-6, 3.99818633142071E15, 0.6126701422432861, 0.1250182609943263, 1.7641431810974662E-4, 0.6914719065939297, -0.3979294335206188, 2.198180118485605, 3643.0792174597673, 9.768527229216697E-6, 142.5424053044855, 5.057127913881004E-5, 4.914163969785039E-4, 1.1869699552312664E-4, 40.10270970458048, -0.15398455634157449, -0.009843213936679742, -49.9865, 150.7283, 10487
0.0, 900.0, 374.1173919053724, -3.993305192111224, 123.29405321408647, 4.889248682784052, 0.8629126875756225, 1.9014664986076222E-6, 3.9663974927652085E15, 0.6149390642213357, 0.12553690795154326, 6.596514837388656E-4, 0.6821087570252335, 0.3128004079710257, 1.5434948892675218, 3787.596275325204, 9.694877505015844E-6, 142.3219449522053, 5.216671271843665E-5, 5.016890480807879E-4, 1.237869365443273E-4, 40.06581842254892, -0.19564704835657087, -0.009843213936679742, -49.9865, 150.7395, 10487
0.0, 900.0, 395.2137494827975, -4.224739731603806, 126.66998918393823, 4.949675841866912, 0.966346361300753, 1.9214309338889846E-6, 3.9351104526367425E15, 0.617222365582047, 0.1260627291089144, 0.0011546166263246838, 0.6868009093624731, -0.17201323308266314, 2.085483197379279, 3939.3978500832814, 9.620714768272284E-6, 142.0889694019354, 5.382810124222737E-5, 5.122749849169179E-4, 1.2916434505469047E-4, 40.02687876911469, -0.23959455305644228, -0.009843213936679742, -49.9866, 150.7514, 10487
0.0, 900.0, 417.49972377589546, -4.469911602238359, 130.1412133728799, 5.0127193234045135, 1.083417703995046, 1.9417881072078584E-6, 3.904349818229251E15, 0.619519305675385, 0.12659567214325346, 0.0016614617882889926, 0.6864929302151654, -0.27512517819966903, 2.2453519353151625, 4098.901753985602, 9.54597997535992E-6, 141.84274606231756, 5.5558171162790314E-5, 5.231826922704678E-4, 1.348454436805766E-4, 39.985778877674946, -0.28594888771713567, -0.009843213936679742, -49.9866, 150.7639, 10487
0.0, 900.0, 441.0423968828444, -4.729674041935008, 133.71034032909313, 5.078467821997558, 1.2160606358289934, 1.9625412115505125E-6, 3.874138434649957E15, 0.6218290690585999, 0.12713566611500707, 0.0021803208829603016, 0.678886033606763, 0.2447325687200504, 1.780178215199627, 4266.550310974697, 9.47061145353388E-6, 141.58254158796265, 5.735972491059615E-5, 5.344205704007915E-4, 1.4084736443768168E-4, 39.94240098500912, -0.33483799688757543, -0.009843213936679742, -49.9867, 150.777, 10486
0.0, 900.0, 465.91263363943585, -5.00493768748981, 137.3800584237464, 5.147011683126142, 1.3664996141136747, 1.983692750506932E-6, 3.8444972393485875E15, 0.624150767736555, 0.12768262126494542, 0.0027113084315673885, 0.6770396673353006, 0.2897571572081521, 1.786053112280921, 4442.8117128092335, 9.394543366815472E-6, 141.3074923681221, 5.923557371219561E-5, 5.459967183063207E-4, 1.4718819821329517E-4, 39.896621144633095, -0.3863962245953414, -0.009843213936679742, -49.9867, 150.7909, 10486
0.0, 900.0, 492.1852949264137, -5.296674932136947, 141.15313195051667, 5.218442898854444, 1.5372953344297575, 2.0052443617695597E-6, 3.815445129971253E15, 0.6264834283006615, 0.12823642519372955, 0.0032545146895771593, 0.6780839501945507, 0.17214841227351585, 1.949067669282504, 4628.181447502528, 9.317707835950863E-6, 141.01677002502856, 6.118860254053729E-5, 5.579190632208468E-4, 1.5388704663048757E-4, 39.84830892898811, -0.44076459557375314, -0.009843213936679742, -49.9868, 150.8056, 10486
0.0, 900.0, 519.9394630051444, -5.605924670104479, 145.03240329771563, 5.292855107133706, 1.7313978785327984, 2.027196889907566E-6, 3.786998847618043E15, 0.6288260070226044, 0.12879694556816254, 0.003810007009945854, 0.6822288706767052, -0.1943017621903258, 2.353792006140987, 4823.183844066208, 9.240032497221786E-6, 140.709451429252, 6.322170913706222E-5, 5.701951934334122E-4, 1.622976009986859E-4, 39.797327120358034, -0.49809110564914194, -0.009843213936679742, -49.9869, 150.8211, 10485
0.0, 900.0, 549.2586795598918, -5.933797451125071, 149.02079519869153, 5.370343595181633, 1.9522085537625606, 2.0495501412316797E-6, 3.7591728980037675E15, 0.631177370982273, 0.12936402472466482, 0.004377823185145652, 0.6763166409422244, 0.22338585567076974, 1.9657540891058232, 5028.373866837761, 9.161441185393907E-6, 140.3845571013939, 6.533779647016616E-5, 5.82832256446916E-4, 1.7952879358655843E-4, 39.74353139045865, -0.558531021471131, -0.009843213936679742, -49.9871, 150.8374, 10485
0.0, 900.0, 580.2311971632184, -6.281481103863628, 153.12131306723515, 5.451005307386709, 2.2036518792411712, 2.072302871719652E-6, 3.731979572811506E15, 0.633536305286002, 0.12993748037434938, 0.004957970630080216, 0.6798171174895571, -0.03264773786021199, 2.2415429970288336, 5244.338109555638, 9.081853903048795E-6, 140.04104703283863, 6.753976366548154E-5, 5.958369199667435E-4, 1.9755775378897512E-4, 39.68676996869155, -0.6222471897711439, -0.009843213936679742, -49.9872, 150.8547, 10485
0.0, 900.0, 612.9502449214388, -6.650246862852942, 157.33704742603766, 5.534938858150494, 2.4902594219472305, 2.0954525977971766E-6, 3.70542853612403E15, 0.6359015022601725, 0.13051710190165228, 0.0055504210518455, 0.6819811641953397, -0.2084820724031184, 2.4262680659836326, 5471.697201307115, 9.001186433712661E-6, 139.67785766458874, 6.983050406475276E-5, 6.092152982367556E-4, 2.1642642051434893E-4, 39.62688329911897, -0.6894103564227967, -0.009843213936679742, -49.9874, 150.8728, 10484
0.0, 900.0, 647.5143090997319, -7.041456046465161, 161.6711764378954, 5.62224455004036, 2.817267474451703, 2.1189955611306445E-6, 3.6795271235073105E15, 0.6382715675348802, 0.13110265066746193, 0.006155109015886784, 0.6836727782393821, -0.3373950292040637, 2.552608602616722, 5711.107478650896, 8.919348724620422E-6, 139.29377188472225, 7.221281390928795E-5, 6.229726807964811E-4, 2.3617955261545138E-4, 39.563703686285514, -0.7601994956412383, -0.009843213936679742, -49.9876, 150.892, 10484
0.0, 900.0, 684.0274295716143, -7.456567352534923, 166.12696855141846, 5.713024397580397, 3.1907309058743465, 2.142926465423767E-6, 3.654280219804608E15, 0.6406450037465422, 0.13169385472781323, 0.006771924651109151, 0.6783751945623124, 0.1543246732233972, 2.0466880494290858, 5963.262972914103, 8.836246794651198E-6, 138.88755925720972, 7.468943933886165E-5, 6.371135729882375E-4, 2.570396757044021E-4, 39.49705493008937, -0.8348021497470186, -0.009843213936679742, -49.9879, 150.9122, 10484
0.0, 900.0, 722.5995129851, -7.897144813602455, 170.70778527557871, 5.807382156960155, 3.61765591257981, 2.167238508893509E-6, 3.6296902706035285E15, 0.6430202249514354, 0.1322904110355806, 0.007400713924282293, 0.6814754906236609, -0.008036371576238977, 2.1835341011768334, 6228.897599797823, 8.75178068033304E-6, 138.4578865196925, 7.72630116788315E-5, 6.516415205840156E-4, 2.801595635419031E-4, 39.426751950000025, -0.9134147800825239, -0.009843213936679742, -49.9882, 150.9336, 10483
0.0, 900.0, 763.3466635881991, -8.364866488900981, 175.41708410067048, 5.905423361890709, 4.106154860074557, 2.1919231072176097E-6, 3.6057573528685165E15, 0.6453955408274916, 0.13289198007492917, 0.008041270942644618, 0.6821895546175643, 0.028994184500891227, 2.110494052198447, 6508.786876775709, 8.665844647225583E-6, 138.0033315423315, 7.993601079595614E-5, 6.665589183712788E-4, 3.0329372639331393E-4, 39.35260039901547, -0.9962431298104546, -0.009843213936679742, -49.9885, 150.9561, 10483
0.0, 900.0, 806.3915327095585, -8.861533960206394, 180.25842158731302, 6.007255365786141, 4.665626948783171, 2.2169697099562712E-6, 3.5824790122074935E15, 0.6477691516800195, 0.1334981830040707, 0.00869333261286967, 0.6868825213473573, -0.28469435151985123, 2.3790044344462062, 6803.750744075592, 8.578326529006589E-6, 137.52237566425902, 8.271072076515378E-5, 6.818668279957847E-4, 3.264319147753648E-4, 39.27439626786812, -1.0835025995592336, -0.009843213936679742, -49.9889, 150.9798, 10482
0.0, 900.0, 851.8636879462005, -9.38908269853002, 185.2354535983477, 6.112987390397062, 5.30376009156112, 2.2423656503147685E-6, 3.559850553808035E15, 0.6501391476261322, 0.134108599748489, 0.009356574150250568, 0.6826520799001032, 0.22462303838269854, 1.8171444736360751, 7114.65586274531, 8.489443292914579E-6, 137.05691002334632, 8.558929212462624E-5, 6.97564765933116E-4, 3.496317845910399E-4, 39.194777474009456, -1.1807303213056684, -0.009843213936679742, -49.9893, 151.0048, 10482
0.0, 900.0, 899.9000031696388, -9.948264816804958, 190.35193108464793, 6.222730580972294, 6.02027095449277, 2.268125837487599E-6, 3.5378651522894775E15, 0.6525062295213, 0.1347234770483235, 0.010031387514281426, 0.6880595945140536, -0.06817617224074796, 2.0521924944296788, 7442.41830857325, 8.400569539896682E-6, 136.75661111835274, 8.85774293413327E-5, 7.136694220548247E-4, 3.733498509298986E-4, 39.12342595983835, -1.3066236508021247, -0.009843213936679742, -49.9898, 151.0311, 10481
0.0, 900.0, 950.6450705243117, -10.531303089439572, 195.61173791616278, 6.336598067976049, 6.84177309349289, 2.2943713547762698E-6, 3.5165146371877435E15, 0.6548805673700991, 0.13534556197466344, 0.010720960400855989, 0.6878107780338019, 0.13820467287730426, 1.7850852117068368, 7788.00610469631, 8.311607607183364E-6, 136.43780966783714, 9.169287018712249E-5, 7.302658129938317E-4, 3.974324237670999E-4, 39.04816995844029, -1.4392654416481863, -0.009843213936679742, -49.9904, 151.0589, 10480
0.0, 900.0, 1004.2516356584715, -11.138719923730646, 201.01886005681706, 6.454705035342072, 7.784549321376943, 2.321096594499197E-6, 3.4957864826493245E15, 0.6572604804728424, 0.13597455217419144, 0.011425171153121139, 0.6881347545978763, 0.2885885488912157, 1.5737915555251882, 8152.4422696601805, 8.222450777106269E-6, 136.09923937972042, 9.4939793409936E-5, 7.473608549268181E-4, 4.219022825181724E-4, 38.96880551675014, -1.5790003724351558, -0.009843213936679742, -49.9911, 151.0882, 10480
0.0, 900.0, 1060.8810574976033, -11.770980484129268, 206.57740108668852, 6.577168795203613, 8.867505773904508, 2.3482938864260873E-6, 3.4756677353665435E15, 0.6596441722274854, 0.13661010368549012, 0.012143837848679534, 0.6946338389893635, -0.13417975439489746, 1.9384487260019279, 8536.807863523829, 8.132985192012414E-6, 135.73950644720736, 9.832220980859591E-5, 7.64960099531059E-4, 4.4678555424885574E-4, 38.885119469314624, -1.7261892434321573, -0.009843213936679742, -49.9919, 151.1191, 10479
0.0, 900.0, 1120.703793944315, -12.42847999712992, 212.29158698025196, 6.704108868999736, 10.112603576677598, 2.375953511232649E-6, 3.456143699189363E15, 0.6620297454838613, 0.1372518331017921, 0.012876718073767779, 0.6933190864578685, 0.24128702634119203, 1.5106878485752349, 8942.245247604154, 8.043089866247384E-6, 135.35711857489187, 1.0184396770566107E-4, 7.830677417982252E-4, 4.7211180264628526E-4, 38.796889251387206, -1.8812096482683591, -0.009843213936679742, -49.9928, 151.1517, 10479
0.0, 900.0, 1183.8999149666872, -13.111529109132817, 218.16577139974783, 6.835647074824596, 11.54536169444757, 2.404063539413369E-6, 3.4371980812040295E15, 0.6644152025738781, 0.13789931568167654, 0.013623504136699549, 0.6971016615844727, 0.04157073071940657, 1.6668075514832377, 9369.961539827658, 7.952635494687792E-6, 134.95045157995492, 1.0550868211665707E-4, 8.01686381535791E-4, 4.979140932132878E-4, 38.703882750843846, -2.0444566809173703, -0.009843213936679742, -49.9939, 151.186, 10478
0.0, 900.0, 1250.6596446195063, -13.820336965740783, 224.20444161397126, 6.971907620857394, 13.195442414243512, 2.4326095338685387E-6, 3.418813142117321E15, 0.6667984347984756, 0.1385520804724243, 0.014383814658863125, 0.6975808988275085, 0.17450049491916397, 1.5015362732972801, 9821.23227967071, 7.861483691320923E-6, 134.51773462657752, 1.0931965610604962E-4, 8.208167229646076E-4, 5.242290313259242E-4, 38.60585820851644, -2.2163436837174815, -0.009843213936679742, -49.9951, 151.2222, 10477
0.0, 900.0, 1321.183933629898, -14.554991614332197, 230.41222517955777, 7.113017204686965, 15.09733262316475, 2.4615742646423285E-6, 3.400969847842789E15, 0.6691772146568677, 0.13920960595147788, 0.01515718645876013, 0.7005322204636538, -0.12019578954803044, 1.7771975818853543, 10297.405318129866, 7.769485984527924E-6, 134.05701354242, 1.1327977404250517E-4, 8.404572160456556E-4, 5.510967691858061E-4, 38.50256417819778, -2.397303043507209, -0.009843213936679742, -49.9965, 151.2603, 10476
0.0, 900.0, 1395.6850642708794, -15.315437213160488, 236.79389755497266, 7.259105118326409, 17.291135954941495, 2.4909373672621367E-6, 3.383648019068096E15, 0.671549185063339, 0.1398713146182611, 0.015943064911735666, 0.7015192129368234, -0.22964618955267246, 1.8822982321946853, 10799.90494988999, 7.676483625283713E-6, 133.5661918369247, 1.1739146007083186E-4, 8.60603833348395E-4, 5.785609767173621E-4, 38.393739559503196, -2.587787044583895, -0.009843213936679742, -49.9981, 151.3005, 10476
0.0, 900.0, 1474.387289343531, -16.101447451928067, 243.35439239341878, 7.410303358699788, 19.824300043974276, 2.520675051975123E-6, 3.3668264754914815E15, 0.6739118543682108, 0.14053656897586048, 0.016740795656429497, 0.699086008853387, 0.1706506583200957, 1.4929082581636821, 11330.236320650572, 7.582305013299753E-6, 133.04296560244137, 1.216565131924669E-4, 8.812495768645572E-4, 6.066778590564327E-4, 38.279116868424516, -2.7882887457712475, -0.009843213936679742, -50.0, 151.3428, 10475
0.0, 900.0, 1557.5275071911658, -16.912594447791147, 250.09914348984756, 7.566746743374646, 22.91425645209563, 2.5507595168944794E-6, 3.350474373115069E15, 0.676262569637232, 0.14120466114645056, 0.017549608345627632, 0.6997045016584704, -0.015923043007334176, 1.7053221193686225, 11889.993041374302, 7.486805006730214E-6, 132.48986513642726, 1.260762226595521E-4, 9.023839447725668E-4, 6.371179942901897E-4, 38.15907916979701, -3.002787788904057, -0.009843213936679742, -50.002, 151.3873, 10474
0.0, 900.0, 1645.3559747773274, -17.745856917558854, 257.034623459349, 7.728573031310551, 27.11797997442764, 2.58116331190901E-6, 3.3345506035725965E15, 0.6785988704863014, 0.14187491167736047, 0.018368733841909374, 0.6993268103216194, -0.13000507877238346, 1.8589389782727588, 12480.854763920854, 7.389825141593827E-6, 131.90426690063592, 1.3065126956662946E-4, 9.239960236521216E-4, 6.684191727761538E-4, 38.03295169489241, -3.2283727018222383, -0.009843213936679742, -50.0044, 151.4343, 10473
0.0, 900.0, 1738.137060974023, -18.59942386062344, 264.16690557149224, 7.895923048394852, 32.56997267599172, 2.611854259972922E-6, 3.3190264682922855E15, 0.6809181007005953, 0.14254655811935615, 0.01919726778733402, 0.6975073257623713, -0.055974696757897104, 1.8360246104176625, 13104.59900455595, 7.291198582398204E-6, 131.28448934527754, 1.353814730215277E-4, 9.460704346836887E-4, 7.006454168927385E-4, 37.90050374612948, -3.465525319306956, -0.009843213936679742, -50.0071, 151.4837, 10472
0.0, 900.0, 1836.1500423276334, -19.47129116924458, 271.5018221017184, 8.068940817541861, 39.19344819650686, 2.642796139144296E-6, 3.303869709599327E15, 0.6832174821057029, 0.143218773075117, 0.020034188566032896, 0.6943382347570157, 0.13940781732625948, 1.7004617648018991, 13763.104974000984, 7.190753334750022E-6, 130.62891910130824, 1.402657597665252E-4, 9.685880312936162E-4, 7.338642383618348E-4, 37.761510244440984, -3.7147338847110665, -0.009843213936679742, -50.0102, 151.5357, 10472
0.0, 900.0, 1939.6899436978047, -20.358932117760876, 279.0462585685044, 8.247773693140445, 47.219600310630994, 2.673948553505622E-6, 3.2890499576007115E15, 0.6854941228576926, 0.1438906639910932, 0.020878353623170837, 0.6948832908734377, -0.1021739520612512, 2.0071020385937475, 14458.3597290403, 7.088310389898933E-6, 129.93590696048608, 1.45301895517005E-4, 9.915252872772227E-4, 7.681451403712539E-4, 37.61575501879762, -3.976490539303066, -0.009843213936679742, -50.0136, 151.5904, 10471
0.0, 900.0, 2049.0684262996897, -21.259203899971393, 286.80770262085804, 8.432572499646854, 56.91964947566821, 2.7052663272735934E-6, 3.2745270563446065E15, 0.6877449910123857, 0.14456126271051864, 0.021728482920798126, 0.6940079836915882, -0.17035769511493917, 2.141761622374768, 15192.46479210719, 6.983685553426109E-6, 129.20384961727387, 1.5048635122983446E-4, 0.0010148538017150884, 8.035587711714096E-4, 37.463034784426874, -4.25128817626668, -0.009843213936679742, -50.0175, 151.6481, 10470
0.0, 900.0, 2164.6147258226047, -22.16823648692367, 294.79437628339866, 8.62349167413434, 68.61022345396538, 2.7366992997308116E-6, 3.2602562308935175E15, 0.6899669186741239, 0.14522952386419874, 0.02258315326562621, 0.6896037384278553, 0.15839834398089933, 1.876989280004545, 15967.643292981382, 6.876689774131561E-6, 128.43119867202336, 1.5581412136927422E-4, 0.0010385398615516187, 8.401758318142944E-4, 37.303163882661906, -4.539616663335565, -0.009843213936679742, -50.0219, 151.7087, 10469
0.0, 900.0, 2286.676643448888, -23.081300125821567, 303.0153966543429, 8.820689412628006, 82.65893833377424, 2.768191904664079E-6, 3.2461871696003375E15, 0.6921565906092094, 0.14589431866833963, 0.023440786849765805, 0.6907716200944429, -0.0527652372454052, 2.145929982188653, 16786.247697396375, 6.767130713319785E-6, 127.61653385174719, 1.612785797371642E-4, 0.0010625440074610506, 8.780656805852846E-4, 37.13597990283944, -4.841958346150745, -0.009843213936679742, -50.0269, 151.7725, 10468
0.0, 900.0, 2415.6215927559915, -23.992646808595254, 311.48096739283193, 9.024327820071958, 99.48995810533958, 2.7996828709494256E-6, 3.2322629763243005E15, 0.6943105416464287, 0.1465544313513361, 0.02429964313303465, 0.6875793316660532, 0.17345758240719034, 1.9680305646505052, 17650.76819798846, 6.654811641469202E-6, 126.75854805751365, 1.6687120189531852E-4, 0.0010868203796334185, 9.172945622351219E-4, 36.96135032344839, -5.158782736436416, -0.009843213936679742, -50.0325, 151.8396, 10467
0.0, 900.0, 2551.8377056530344, -24.895320155065477, 320.2037319439855, 9.234573063796045, 119.78629171724195, 2.8311045151134065E-6, 3.2183898646198935E15, 0.696425126277806, 0.14720854706375178, 0.025157799644873607, 0.6869755405017098, 0.1847854526917225, 1.993027139141455, 18563.84185463498, 6.53953790459617E-6, 125.85613719539255, 1.725813447441495E-4, 0.0011113160320497398, 9.579233735136056E-4, 36.779180328278, -5.490540281670492, -0.009843213936679742, -50.0388, 151.9101, 10466
0.0, 900.0, 2695.7350006807646, -25.780926632791132, 329.1940551992681, 9.451595530370303, 143.61579036806148, 2.862383038768934E-6, 3.204532393181505E15, 0.698496556018409, 0.14785526074286084, 0.026013160270305424, 0.6873590391230227, 0.14233902239870216, 2.0581313180218324, 19528.262583127125, 6.421189306891018E-6, 124.91724386120548, 1.7839994956948924E-4, 0.0011359709701977323, 0.0010000048538741303, 36.58923779607605, -5.835717906240846, -0.009843213936679742, -50.0459, 151.9843, 10465
0.0, 900.0, 2847.7466171915685, -26.63940593282927, 338.442780203363, 9.675569985756884, 168.2651475508077, 2.8934488051017706E-6, 3.190648523433211E15, 0.7005215771478401, 0.14849328960023514, 0.026863737119166425, 0.6887331040139634, 0.033309548102056226, 2.175457888971815, 20546.61366021764, 6.318982429755197E-6, 126.28516022078182, 1.8431506262297497E-4, 0.0011607260333813699, 0.0010172198597667107, 36.4621460841351, -6.14472207388346, -0.009843213936679742, -50.0539, 152.0622, 10464
0.0, 900.0, 3008.33011912449, -27.42851941827335, 347.9642656664927, 9.906675738690998, 195.0104018769078, 2.927196722641973E-6, 3.1769512834570525E15, 0.702685816886792, 0.14918165649386916, 0.02778884747458621, 0.689404351852712, 0.016110284789903763, 2.185585202822036, 21622.127809430236, 6.23811639552724E-6, 128.37533391876823, 1.9088797185333196E-4, 0.00118792612215559, 0.0010275197908255216, 36.348067228427304, -6.453774950795654, -0.009843213936679742, -50.0628, 152.1443, 10464
0.0, 900.0, 3177.968872299698, -28.113691208995615, 357.77220347695817, 10.14509680724411, 224.70977176670752, 2.9646498757098265E-6, 3.163360344572202E15, 0.7050453552103396, 0.14993992834145758, 0.02881677497086177, 0.6914609809345207, -0.10347221331341368, 2.2789269821226674, 22758.14723031184, 6.178785215092557E-6, 130.6127879688511, 1.9836126476179377E-4, 0.0012184889176313882, 0.0010373446046796973, 36.22894550944589, -6.776321177175242, -0.009843213936679742, -50.0726, 152.2307, 10463
0.0, 900.0, 3357.173499378138, -28.66165294718682, 367.87741918225754, 10.391022088544004, 257.7060689718486, 3.0060955205756446E-6, 3.149790563340778E15, 0.7076059710178783, 0.15077222979373714, 0.02995569465108766, 0.6914547073825781, 0.04744586700510611, 2.0797177203542625, 23958.119633434188, 6.14126872758153E-6, 133.01248042370955, 2.0685350298887934E-4, 0.0012527708097423125, 0.001046501806998595, 36.10468443525505, -7.112552824419624, -0.009843213936679742, -50.0836, 152.3218, 10462
0.0, 900.0, 3546.4834168658836, -29.031613324084685, 378.29202750000337, 10.644645531647143, 294.44241970555856, 3.0518256549496512E-6, 3.1362099054417905E15, 0.7103716598524661, 0.151682479289819, 0.031213930228700976, 0.6950221018305582, -0.13032681380312827, 2.1871571469191986, 25225.687435539166, 6.1259344061796275E-6, 135.5914923289239, 2.1649881093414622E-4, 0.0012911588020836989, 0.0010547530261534903, 35.97520906395347, -7.462591400778691, -0.009843213936679742, -50.0957, 152.4177, 10462
0.0, 900.0, 3746.468458789663, -29.173599791033677, 389.03009623716446, 10.906166313578924, 335.5115470315188, 3.1021388080366317E-6, 3.1225769343946715E15, 0.713344633536332, 0.15267440307903601, 0.03259999281108819, 0.6964887139656657, 0.0016558050710368, 1.9676055108649282, 26564.69721105391, 6.1332419573075005E-6, 138.36923385688021, 2.274495824642264E-4, 0.0013340755185337863, 0.001061805419923887, 35.84047131577719, -7.826472189294605, -0.009843213936679742, -50.1091, 152.5186, 10462
0.0, 900.0, 3957.730591930917, -29.02642855085038, 400.1086681955164, 11.17578901857657, 381.7262534809178, 3.1573381609307683E-6, 3.1088343922315505E15, 0.7165251228616423, 0.15375147848676263, 0.03412251556794371, 0.698740804550399, 0.0928748661547676, 1.7828461499395412, 27979.208738190006, 6.163750087697182E-6, 141.36790078405005, 2.3987921634459285E-4, 0.0013819823416898057, 0.0010673019033892155, 35.700456211421326, -8.204125795234583, -0.009843213936679742, -50.124, 152.6248, 10462
0.0, 900.0, 4180.905727781344, -28.515213675276446, 411.5493135612578, 11.453723820587827, 434.21811235700613, 3.2177299486655866E-6, 3.0948999118267615E15, 0.7199112438478884, 0.1549168880684445, 0.03579019254208454, 0.7019302181713089, 0.05280713848038963, 1.7415018739679737, 29473.503240589354, 6.218117594682786E-6, 144.6127398841432, 2.539847990948244E-4, 0.0014353822402560627, 0.001070810173203661, 35.55518917219031, -8.595356278595617, -0.009843213936679742, -50.1404, 152.7367, 10462
0.0, 900.0, 4416.66563667403, -27.54830248815822, 423.38047227953433, 11.740186669095827, 494.5726708138446, 3.2836208613624233E-6, 3.0806527078741905E15, 0.7234988618607545, 0.15617346090549497, 0.03761168625296052, 0.7038003744005145, 0.07423532741637137, 1.6734108333323383, 31052.09031030128, 6.297105150177675E-6, 148.13256864172777, 2.6999035403984666E-4, 0.001494822807285785, 0.0010718105713265434, 35.40474452635358, -8.99981503244991, -0.009843213936679742, -50.1587, 152.8544, 10463
0.0, 900.0, 4665.719969851805, -26.01350147336566, 435.47513230725536, 12.035399478356679, 550.8434840952775, 3.3553155632478246E-6, 3.0659262756613485E15, 0.7272815279001498, 0.1575236244771124, 0.03959553514525638, 0.7036446852860917, 0.15302481708199828, 1.6036112865418262, 32719.712881777203, 6.4016627029664956E-6, 151.96014990937803, 2.881500754959679E-4, 0.001560898933042907, 0.0010696827810815187, 35.24925508928552, -9.416969921117158, -0.009843213936679742, -50.1789, 152.9783, 10465
0.0, 900.0, 4928.818395559379, -23.773352235740735, 447.75191325937016, 12.339590320151574, 596.2019118053265, 3.4331296134245617E-6, 3.0527684987210535E15, 0.7312512551699801, 0.15896964978606512, 0.041750484869886306, 0.7031749749068749, -0.028700996607389253, 1.8591346167882126, 34481.43396002045, 6.51827749026483E-6, 154.35466932870818, 3.0876072341813984E-4, 0.00163427047449744, 0.001064972068298249, 35.15110723097984, -9.645207008027125, -0.009843213936679742, -50.2012, 153.1086, 10467
0.0, 900.0, 5206.752855589003, -20.229938338461203, 460.36554316897764, 12.652993620169138, 643.6350039274055, 3.51475855804191E-6, 3.0410422208265915E15, 0.7352713725081826, 0.16046577056077324, 0.0440125358429051, 0.7009088706097966, -0.048870747079227346, 2.0002777315712286, 36342.20153442119, 6.643892243977154E-6, 156.53532029953487, 3.314026186656636E-4, 0.0017131315146036365, 0.001052812291118357, 35.06097434928056, -9.838378838512629, -0.009843213936679742, -50.2253, 153.246, 10471
0.0, 900.0, 5500.359949072024, -15.17594901969608, 470.3366608160205, 12.975850358146861, 350.1193776408518, 3.5997088863427903E-6, 3.0295373760667055E15, 0.739306492415237, 0.16200111002879422, 0.046367652366102935, 0.699392317014042, -0.13637349971441612, 2.215855867845159, 38286.9203545141, 6.83473494777581E-6, 165.9879088810486, 3.533090220160135E-4, 0.0017972755159454074, 7.60480036977135E-4, 33.983697971596946, -12.763069596110482, -0.009843213936679742, -50.2513, 153.3908, 10476
0.0, 900.0, 5810.523450691647, -14.33190844290737, 483.5373281539434, 13.308408271912395, 391.93346838366716, 3.697545100878522E-6, 3.047151853329396E15, 0.7437763923899647, 0.16374319749943933, 0.04908062197401694, 0.6966336614644837, 0.09187750984519474, 2.0803782187988884, 40362.78437051068, 7.017215882970836E-6, 166.3252286585378, 3.8310144011222813E-4, 0.001896357565676114, 7.749893827744498E-4, 33.89806789376875, -13.025905996766634, -0.009843213936679742, -50.2869, 153.5392, 10477
0.0, 900.0, 6138.176970896903, -12.750133821574487, 497.1004382800398, 13.650922065476596, 434.5503187340072, 3.796395306687208E-6, 3.0361521484043785E15, 0.7481110662629853, 0.1654762432254806, 0.05182166349314715, 0.6984493655038161, -0.021260694819673756, 2.1916539804415005, 42556.10744358518, 7.1924787916916956E-6, 166.86639068466988, 4.1487222240094146E-4, 0.001999222859898659, 7.872651549887881E-4, 33.80939254193848, -13.29511017718746, -0.009843213936679742, -50.3253, 153.6957, 10478
0.0, 900.0, 6484.306766125216, -10.103236794190348, 510.982373638066, 14.003653621340284, 469.7168309739369, 3.895856379099321E-6, 3.0253877046759035E15, 0.7522993728310393, 0.16719382837176117, 0.05457891966643441, 0.7011046909761409, -0.030744916309049432, 2.1105178538541134, 44873.39877616189, 7.36220934739191E-6, 167.65097249803352, 4.4857391747995135E-4, 0.0021055531575506154, 7.955809112726837E-4, 33.71799412023169, -13.571006389843102, -0.009843213936679742, -50.3667, 153.8606, 10481
0.0, 900.0, 6849.954707492494, -5.964190055175319, 525.0913989405043, 14.366872217186096, 480.53011718781283, 3.996273027756541E-6, 3.015307534660468E15, 0.7563621509359907, 0.1689025457249098, 0.057361309769704216, 0.7040590943459549, 0.07363450965212381, 1.8739689589896833, 47320.92653200818, 7.52633644605315E-6, 168.50559234234993, 4.8440007623609747E-4, 0.00221582934818262, 7.94239427118412E-4, 33.652828730965155, -13.793527432052876, -0.009843213936679742, -50.4113, 154.0346, 10485
0.0, 900.0, 7236.221416886692, 0.39703529633828616, 539.2881543944425, 14.740854747135284, 432.9191421917891, 4.097651932514751E-6, 3.006673402469624E15, 0.760304787243428, 0.17060298595554838, 0.060168412646296576, 0.7077267202438814, 0.02589691356497305, 1.8130046470095578, 49903.57200382123, 7.677857887226167E-6, 168.6062454240749, 5.224568944959008E-4, 0.002330220744365882, 7.681370755143954E-4, 33.70365668603807, -13.75790756396702, -0.009843213936679742, -50.4592, 154.2182, 10491
0.0, 900.0, 7644.269579904668, 10.079847832713655, 553.5195765252923, 15.125885947757256, 254.5454422759614, 4.198685481113535E-6, 3.0004414871985775E15, 0.7640841501103556, 0.17227412214920784, 0.06296349592839706, 0.709426625454424, 0.0025657970036035123, 1.802452686281097, 52629.23093795823, 7.816202553715563E-6, 168.75959319083208, 5.62300374969273E-4, 0.002447413522231371, 7.257585381194639E-4, 33.752732157225736, -13.70663282411578, -0.009843213936679742, -50.5096, 154.4127, 10501
0.0, 900.0, 8075.327445604458, 22.943430275912636, 568.5506071258447, 15.522258629026851, 0.779212676053366, 4.299293086937431E-6, 2.9969547441018955E15, 0.7677073567238979, 0.17391593757148588, 0.06574390894156829, 0.7090902378544485, -0.05541546524279557, 1.9119746072934978, 55505.10191091859, 7.940346719889724E-6, 168.9634454270522, 6.039326453703989E-4, 0.0025673145622830875, 6.657018789668198E-4, 33.79639877250567, -13.636177880980174, -0.009843213936679742, -50.5627, 154.6187, 10514
0.0, 900.0, 8530.692523607451, 38.69874098522651, 584.4179851791396, 15.930273910431133, -123.54133884061007, 4.399266108882108E-6, 2.990162005161787E15, 0.7711767747541108, 0.17552634151468, 0.0685035366887401, 0.7070494462835177, 0.01748961289478048, 1.946654403690706, 58539.0907056781, 8.049466761687178E-6, 169.21342732998906, 6.472758158362565E-4, 0.002689650825385813, 5.874240950122753E-4, 33.83250388311135, -13.547963768252798, -0.009843213936679742, -50.6184, 154.8368, 10530
0.0, 900.0, 9011.735489678938, 56.87118582758675, 600.9282520522822, 16.350241462433655, -286.5659967202983, 4.498424859453379E-6, 2.9798245417223035E15, 0.7744959677388699, 0.17710377714944792, 0.07123714458432212, 0.7060178057960678, -0.07045196778703489, 2.1467549865471387, 61739.74149876889, 8.143114268605911E-6, 169.5021509911495, 6.9225466108406E-4, 0.0028141389228789437, 4.887288065608395E-4, 33.86162811055109, -13.362810609339881, -0.009843213936679742, -50.6769, 155.0677, 10548
0.0, 900.0, 9519.904311543081, 75.6966824235327, 618.2297839809065, 16.782479753510046, -498.7568134271908, 4.596647719138653E-6, 2.967939806616342E15, 0.777670383840462, 0.17864763773739922, 0.07394117265434408, 0.7047832924286406, 0.05648039936138006, 2.0885969037291816, 65117.73706509084, 8.221428586181777E-6, 169.80163927204612, 7.388262696231931E-4, 0.002940402870112316, 3.716126951082241E-4, 33.87496107078134, -12.966623375676186, -0.009843213936679742, -50.7378, 155.3121, 10567
0.0, 900.0, 10056.728607351233, 91.90453495227588, 634.543343954314, 17.22731630297429, -176.32472971347974, 4.693948339002817E-6, 2.9537919314922615E15, 0.7807093779463817, 0.1801594002448149, 0.0766158415859399, 0.706026001119606, -0.03158103516534045, 2.1775476795750763, 68709.07748506688, 8.286373288662422E-6, 170.05969574316407, 7.814879043554034E-4, 0.003068027354943064, 3.9709824534532644E-4, 33.96895981777669, -15.226761492532715, -0.009843213936679742, -50.8003, 155.5708, 10583
0.0, 900.0, 10623.824249922869, 117.25821778977998, 652.5126351797517, 17.685087939820253, -370.1397733184145, 4.791251627193765E-6, 2.9510469113884235E15, 0.7836486005801442, 0.1816543671652421, 0.0792863998088972, 0.7071813510806864, 0.08066766648799474, 2.003077619227593, 72482.34402009602, 8.336876791626947E-6, 170.46418844596585, 8.313807177906387E-4, 0.003199522214717218, 3.0792987635616675E-4, 34.09651603442427, -14.876842227776468, -0.009843213936679742, -50.8777, 155.8452, 10608
0.0, 900.0, 11222.898230618162, 141.74430725423747, 671.5056680845547, 18.15614106780808, -661.5030633042535, 4.887288542666518E-6, 2.9391729094833765E15, 0.7864564459573862, 0.18311399336844775, 0.08191789571666952, 0.7101589274047655, -0.01909911871117082, 2.0077960891183744, 76466.01070189687, 8.371816022473817E-6, 170.8555869979749, 8.827086120036687E-4, 0.0033320718889153873, 1.9444101024298764E-4, 34.21586446574637, -14.386573166118845, -0.009843213936679742, -50.9577, 156.1366, 10633
0.0, 900.0, 11855.753797482741, 163.83019221726036, 692.1079248335508, 18.640831937029922, -1089.2665693253296, 4.9821730978081775E-6, 2.9241255525120175E15, 0.7891440829773035, 0.18454117894765756, 0.08451343842474399, 0.7125450862834481, -0.019824887538806055, 1.9201177415191906, 80677.75995418521, 8.39288174289493E-6, 171.2092582419474, 9.355252401351267E-4, 0.0034655275749669997, 5.359228260186758E-5, 34.30750261028564, -13.684580383676083, -0.009843213936679742, -51.0395, 156.4461, 10655
0.0, 900.0, 12524.29588313075, 181.56586568817002, 714.5808490458821, 19.139526922194282, -1609.508434481046, 5.076266581067374E-6, 2.9029802350630575E15, 0.7917283393571305, 0.18594233771228488, 0.08708289049820969, 0.7141201431286833, 0.009078358297605836, 1.8416791691555265, 85140.29317520895, 8.402345858336243E-6, 171.49367008333857, 9.90090267912599E-4, 0.003600017295348031, -8.182881597004242E-5, 34.338747303621204, -12.912333026887426, -0.009843213936679742, -51.1217, 156.7744, 10673
0.0, 900.0, 13230.536838704473, 194.23293987438035, 737.856450894395, 19.652602807872768, -2083.8296637668113, 5.1701285451590266E-6, 2.8753122245602095E15, 0.7942295510526596, 0.1873265188513012, 0.08964146751017876, 0.7144934881056902, 0.04848384772550011, 1.8068441009022982, 89863.87790444221, 8.403002337596426E-6, 171.69706695851045, 0.001046764791396423, 0.003736125602898575, -1.678818107657229E-4, 34.26490798828002, -12.06013823359414, -0.009843213936679742, -51.2038, 157.1221, 10685
0.0, 900.0, 13976.602491170059, 203.4339060041354, 753.0722645447021, 20.180447080957993, -1545.9731168413914, 5.264162931766356E-6, 2.8477901327507335E15, 0.7966619824085428, 0.18870015236498902, 0.09220006171035502, 0.714162114333368, -0.012957988245906294, 1.9223801523597648, 94829.64035051985, 8.39821777897799E-6, 171.8445970672714, 0.0010981181938463965, 0.003874580311629219, -6.265617303681562E-5, 35.59387535563601, -12.677175986321833, -0.009843213936679742, -51.2848, 157.4893, 10694
0.0, 900.0, 14764.738542182178, 223.9159397306969, 776.59427316313, 20.72345823058575, -1989.0969854119885, 5.358376036208508E-6, 2.868627005959835E15, 0.7990286248848155, 0.19006369475252913, 0.09475870676816003, 0.7129997790712883, 0.04353684167276707, 1.947664236021477, 100099.28993799699, 8.38637295826701E-6, 172.17406032219972, 0.0011588410204566818, 0.004017548202627329, -1.3939460062078324E-4, 35.67785787351508, -11.637505060240754, -0.009843213936679742, -51.3745, 157.893, 10715
0.0, 900.0, 15597.317327778572, 245.01762132631035, 799.4787745971062, 21.28204605577957, -2261.007055086059, 5.4532804417252834E-6, 2.846933762227006E15, 0.8013444766899366, 0.1914248099052215, 0.09733115473229695, 0.7124887567941368, -0.016345106826150972, 2.086850353778807, 105665.38735903743, 8.365305533952126E-6, 172.51402415391036, 0.001222148877007582, 0.004164370917511198, -1.7403036063103435E-4, 35.633565370805904, -10.482437435551384, -0.009843213936679742, -51.4614, 158.3213, 10736
0.0, 900.0, 16476.844959251564, 264.1272522844318, 821.7422869792421, 21.856631981080444, -2391.4076549881215, 5.547887276692077E-6, 2.8325421328295025E15, 0.8035879085591823, 0.19276963857095022, 0.09989047884019767, 0.7122868131406591, 0.0025324238323038185, 2.1160223555796165, 111536.77964163366, 8.33606297263896E-6, 172.82234608924261, 0.0012875753632637912, 0.004313167542621526, -1.712839200633847E-4, 35.515585588503285, -9.269217344487396, -0.009843213936679742, -51.5441, 158.774, 10755
0.0, 900.0, 17405.968866690986, 279.766182812257, 841.2475944589501, 22.447649380429468, -2060.074399535264, 5.642208600611173E-6, 2.824656296016461E15, 0.8057625521872693, 0.19409884117263146, 0.10243696992548992, 0.7126657146763656, 0.05358922379330365, 2.066894046271061, 117716.55384200139, 8.300636577157218E-6, 173.07500542440164, 0.0013551696033524418, 0.004463659957241476, -9.017822379833699E-5, 35.26829791369219, -8.068834932605457, -0.009843213936679742, -51.6215, 159.2515, 10771
0.0, 900.0, 18387.48576790503, 291.79908742317804, 859.4249500325543, 23.0555439095763, -1070.9390671981291, 5.736395535383732E-6, 2.832667176786283E15, 0.8078748809007851, 0.1954149815193853, 0.10497466873185796, 0.7139273822251947, 0.061507043563027594, 2.0169184499025494, 124262.14177534837, 8.26076037900388E-6, 173.26964197058794, 0.0014250697377828393, 0.00461599027540061, 6.976660474614655E-5, 34.91204681968647, -6.8552079681234845, -0.009843213936679742, -51.6926, 159.7533, 10783
0.0, 900.0, 19424.350086705945, 300.45900954600836, 882.038634278792, 23.680773847291427, -573.4515840451709, 5.831438894420406E-6, 2.849729586684421E15, 0.8099489019585565, 0.1967321205144068, 0.10753014458834209, 0.7160694045782213, -0.053781456077706805, 2.0623385693399445, 131191.8848241557, 8.217899223890261E-6, 173.40930367407023, 0.001487427877380833, 0.0047717453053078744, 1.0954975073317635E-4, 37.237651152912754, -7.095742768959169, -0.009843213936679742, -51.7563, 160.2788, 10791
0.0, 900.0, 20519.68284590011, 328.08750618921533, 906.2717969536401, 24.3238104456658, 367.7119691897222, 5.927597464445623E-6, 2.8485670935134965E15, 0.8119908653432911, 0.19805383837787247, 0.11011012820709523, 0.7178239834830678, -0.03713452990205135, 1.973144098458521, 138543.40040308924, 8.169667493394966E-6, 173.8569800979855, 0.0015625452929553304, 0.004935474093665656, 1.8519260316467596E-4, 36.95888950751557, -6.19607583504231, -0.009843213936679742, -51.8257, 160.8716, 10819
0.0, 900.0, 21676.78106175092, 345.28691967599343, 936.4877447939953, 24.985138289786875, 2131.690344575699, 6.024479310598451E-6, 2.8436226229846415E15, 0.8139931569082105, 0.19937476393257395, 0.11270388930838113, 0.7191992264322896, -3.6295697458433473E-4, 1.88718561423222, 146431.80238771107, 8.113209905321227E-6, 174.1361467406093, 0.0016411779007668673, 0.005101387243170504, 3.286008214719856E-4, 36.627547280188665, -5.524321308924695, -0.009843213936679742, -51.8896, 161.4942, 10836
0.0, 900.0, 22899.12766819236, 349.61494884984563, 983.8741606425508, 25.665255667086043, 5060.0460955239505, 6.122547306089767E-6, 2.8189603435579515E15, 0.815965987872067, 0.2007012129780023, 0.11532360056723728, 0.7198946250720866, 0.01990877567171983, 1.8578881218469219, 155079.564989464, 8.051589118528128E-6, 174.20652459777716, 0.0017240658948076116, 0.005269671837035052, 5.367980280360661E-4, 36.27139826965151, -4.963705954615377, -0.009843213936679742, -51.9496, 162.1468, 10841
0.0, 900.0, 24190.402000665745, 344.60448485231746, 1083.914745873696, 26.364674946658432, 10390.46019314163, 6.224935207909033E-6, 2.734773734089983E15, 0.817970143111066, 0.20207499811432594, 0.1180524265370963, 0.7199678554002531, -0.03774301391191723, 1.950748065940869, 165183.70269402425, 7.983921506255146E-6, 174.12164979470978, 0.0018139517467441744, 0.005446381459373637, 8.677366564646397E-4, 35.87865764763307, -4.631865912806205, -0.009843213936679742, -52.0064, 162.8303, 10836
0.0, 900.0, 25554.490871136604, 344.28570892531275, 1243.5464989497352, 27.08392296886229, 16981.41413599418, 6.339435601470526E-6, 2.4713846163982095E15, 0.8201470031430261, 0.20359828995012377, 0.12109641169759391, 0.7193440363107791, 0.010854598141583656, 1.9753534184738482, 177253.45847374544, 7.904769060428682E-6, 173.4724767577597, 0.001917410000927233, 0.00564851773317288, 0.0012299289100647464, 35.754280785481335, -4.617119886810568, -0.009843213936679742, -52.0623, 163.5452, 10835
0.0, 900.0, 26995.500267628126, 364.752557507977, 1437.743656113494, 27.82354144551199, 23942.812216901944, 6.468705964382564E-6, 2.037800498177951E15, 0.822526720856008, 0.20530211078375793, 0.12452326406920372, 0.7190680551910901, -0.050083079711552715, 2.1170167256077677, 191627.6371296522, 7.79525435124846E-6, 171.30795398080988, 0.0020374017887822148, 0.005885711859691556, 0.0015809985163675127, 35.86987816134396, -4.802110617282654, -0.009843213936679742, -52.1222, 164.2995, 10856
0.0, 900.0, 28517.767713487487, 392.029034478336, 1623.0669094082782, 28.584087370985134, 30255.134276406294, 6.60823665539787E-6, 1.5619830472497308E15, 0.8250071839202996, 0.2071228364163026, 0.12821037640069025, 0.7194289086719415, -0.04381246952977424, 2.1442765554676564, 207919.51858596233, 7.632382868027835E-6, 165.6574375142295, 0.0021720189212325776, 0.006148608300784378, 0.0018675626041360295, 36.21535433847716, -5.049909962250282, -0.009843213936679742, -52.1882, 165.1004, 10883
0.0, 900.0, 30125.875323587185, 404.32159150915, 1280.984905537805, 29.366133444571663, 16787.929036349648, 6.7428150213866665E-6, 1.19563538893063E15, 0.8273174025271136, 0.20886156955159454, 0.13175501380937069, 0.7206837212337377, -0.023960165286159456, 2.0876625614955366, 207085.39765854873, 7.64190522613675E-6, 168.31386384401722, 0.0022911741942256165, 0.0064045201509227954, 8.994835427400949E-4, 40.07337319538013, -4.081164190226709, -0.009843213936679742, -52.2608, 165.9552, 10895
0.0, 900.0, 31733.982933686882, 401.055782979665, 1403.1846455203583, 30.127886353620443, 21821.5920116419, 6.736585360853326E-6, 2.2339313691435712E15, 0.8272121826431219, 0.2087814506875779, 0.13159118430483283, 0.7205854513348526, -0.008434351078983632, 2.075075928912459, 220608.57251484066, 7.487864396219739E-6, 159.67178528417782, 0.0022868441280178148, 0.006391913628150776, 0.0010630109573903433, 40.6601086877801, -3.9629376257490696, -0.009843213936679742, -52.3183, 166.9041, 10892
0.0, 900.0, 33342.09054378658, 397.78997445018007, 1479.7032049328104, 30.870848365228767, 24731.839518267043, 6.8336001101530155E-6, 1.9809304807251042E15, 0.8288323637733072, 0.21002517760032072, 0.1341397192354807, 0.7218279790028665, 0.031150343279777816, 1.9819092231692137, 233920.35269365992, 7.305915838733694E-6, 149.9089208719107, 0.002389205621897122, 0.006576541717897749, 0.00115238399332903, 41.22209438261486, -3.8941926450947895, -0.009843213936679742, -52.3757, 167.8529, 10889
0.0, 900.0, 34950.198153886275, 394.5241659206951, 1480.0099186979241, 31.596345064599262, 24356.708323149673, 6.9114685215595486E-6, 1.8846199957520065E15, 0.8301049276418418, 0.21101740450634576, 0.13618096959693055, 0.7230510013953183, -0.03147185149478376, 1.9977804785890954, 245534.37110837467, 7.115692612788316E-6, 138.09111243031558, 0.0024741386696310796, 0.006726455968728414, 0.0011224914025403491, 41.83782222080321, -4.08802729418101, -0.009843213936679742, -52.4331, 168.8018, 10886
0.0, 900.0, 36558.30576398597, 391.25835739121015, 1426.4375201628195, 32.30555314637879, 21164.079847843164, 6.9625116378586055E-6, 1.998222222368726E15, 0.830926013398245, 0.2116649500750872, 0.13751692787233075, 0.7237188624973493, -0.021609608822896857, 1.9608316727277901, 256753.96360637472, 6.888183647479245E-6, 122.06627014187495, 0.0025318908554669496, 0.006825346693964721, 0.0010739529352512122, 42.499487360213436, -4.500261609362483, -0.009843213936679742, -52.4905, 169.7507, 10882
0.0, 900.0, 38166.41337408566, 387.9925488617252, 1389.7625091967213, 32.99952282603164, 18178.350704030014, 6.990851346138524E-6, 2.262005775736682E15, 0.8313775026820571, 0.2120235085566983, 0.1382579509508524, 0.7240690591422008, -0.018419296356523188, 1.9449451696427547, 269252.2492847992, 6.600692227043571E-6, 108.07568161146254, 0.002565498996509253, 0.006880186011837205, 0.0010852576240312584, 43.205283688689775, -5.0361739682225215, -0.009843213936679742, -52.5479, 170.6995, 10879
0.0, 900.0, 39774.52098418536, 384.72674033224024, 1354.210310803134, 33.67919609192092, 14369.050462600415, 7.002273187877799E-6, 2.479593072009526E15, 0.8315585922393353, 0.21216782598934264, 0.1385564631938938, 0.7241559713274869, 0.03046015395282765, 1.8915304866685452, 280267.6882124199, 6.356790525450299E-6, 104.66228669892641, 0.002580614743990539, 0.006901847808457259, 0.0010319033103534383, 43.81986029184949, -5.5239942412384995, -0.009843213936679742, -52.6054, 171.6484, 10876
0.0, 900.0, 41382.62859428505, 381.4609318027553, 1339.2762311707745, 34.34542170436025, 11054.864394191294, 7.0079837568579855E-6, 2.6608069981681615E15, 0.8316489438764978, 0.21223993873032337, 0.13870567895353147, 0.7242535013635918, -0.00873102562115104, 1.9285895246121985, 288275.89508519036, 6.206060741449394E-6, 110.75696552010687, 0.002589385682402363, 0.006912269578788297, 8.656930829459998E-4, 44.164805859166, -5.912633587650598, -0.009843213936679742, -52.6628, 172.5972, 10872
0.0, 900.0, 42990.736204384746, 378.1951232732703, 1342.0490937733803, 34.9989676233831, 8639.097736715903, 7.017744616668815E-6, 2.737909209700198E15, 0.8318030899675986, 0.21236313435696155, 0.1389606796996021, 0.7243352075167373, 0.01889728392018185, 1.8975338659522818, 293338.8116635859, 6.125523586055938E-6, 117.71517593220996, 0.002602698294524238, 0.006930695839553783, 5.557267914463313E-4, 44.101287809690476, -6.12809179056233, -0.009843213936679742, -52.7202, 173.5461, 10869
0.0, 900.0, 44598.84381448444, 374.92931474378537, 1594.3828624696687, 35.64053138429472, -26871.667711240832, 7.027923479735277E-6, 2.7273426505505935E15, 0.8319634506959234, 0.21249151999301913, 0.1392265360293513, 0.7244555700275767, 0.003956685958708739, 1.909201587455385, 293338.8116635859, 6.125523586055938E-6, 85.87174834476514, 0.0025923202007001175, 0.006949957221021712, -9.387897004250016E-4, 49.78767499332227, -6.464201453287304, -0.009843213936679742, -52.7776, 174.495, 10866
