angle, time_diff, t, z, sigmah, sigmav, sigmas, rice, Nice, g_t, Qabs_t, Qsca_t, g_s, Qabs_s, Qsca_s, CCS, IWC, RHice, Re, v_sed, windshear_s, wind_u, wind_v, wind_w, lat, lon, altitude
90.0, 900.0, 1.0, -0.009976321631173079, 16.634052069809737, 3.654821260939263, 3.637085254586744E-4, 1.8544737302678938E-6, 5.912380185808799E14, 0.6094410680725203, 0.12428668984784354, -4.968008406515123E-4, 0.6859579450125558, 0.34266276568428383, 1.3819126983927843, 352.9215350355194, 3.0643112614764733E-5, 146.63388157792446, 4.843739839568023E-5, 4.7744322815288556E-4, 2.717221231815966E-5, 40.769411696220516, 0.6018956595417051, -0.009823432413654356, -49.9868, 150.5256, 10491
90.0, 900.0, 1.0, -0.009976321631173079, 16.634052069807403, 3.6518596798415026, 3.61987368932746E-4, 1.8544737302678938E-6, 5.912380185808799E14, 0.6094410680725203, 0.12428668984784354, -4.968008406515123E-4, 0.6859579450125558, 0.34266276568428383, 1.3819126983927843, 381.6734993267609, 2.833472403709502E-5, 146.63389800114257, 4.843734455081273E-5, 4.7744306214219544E-4, 2.717221231917404E-5, 40.769411696220516, 0.6018956595417051, -0.009823432413654356, -49.9868, 150.5256, 10491
90.0, 900.0, 1.0564406686968904, -0.010558483290665022, 16.7017758040902, 3.6520777505132007, 3.8264301493074984E-4, 1.8808040292742536E-6, 5.922529033040412E14, 0.6125432759763361, 0.12498937374824955, 1.4964465944534988E-4, 0.691210008286086, -0.3531908058876822, 2.150359638466117, 383.2503258900254, 2.8218144520388654E-5, 146.63326267188063, 5.052995083541236E-5, 4.910970025568699E-4, 2.7186562587728726E-5, 40.76930588900367, 0.601774685743961, -0.009823480611895336, -49.9868, 150.5256, 10491
90.0, 900.0, 1.1160668864767327, -0.011173521324877068, 16.773024882905762, 3.6523081150958827, 4.0449060337448733E-4, 1.881313797650794E-6, 5.92377470538233E14, 0.6126027880926924, 0.12500292308031632, 1.621988435283328E-4, 0.6900713353398814, -0.21369964632563326, 2.0123132857865818, 384.9095334590713, 2.8096506174484607E-5, 146.63261453115973, 5.0571054349665475E-5, 4.913632500173775E-4, 2.7201722804611075E-5, 40.76919411021931, 0.6016468846928302, -0.009823529377969663, -49.9868, 150.5257, 10491
90.0, 900.0, 1.1790584478599357, -0.01182329338518898, 16.847968013364266, 3.652551465827498, 4.276004453766539E-4, 1.8818492972563964E-6, 5.925085562780994E14, 0.6126652819419296, 0.12501715409226957, 1.7538827511870414E-4, 0.6904559908111988, -0.2666756850259461, 2.0668081749951135, 386.6550989020243, 2.7969663698114414E-5, 146.63192980883608, 5.061425665643044E-5, 4.916430143767491E-4, 2.7217738684082483E-5, 40.76907602285868, 0.6015118711217364, -0.00982358089885641, -49.9868, 150.5257, 10491
90.0, 900.0, 1.2456052950898682, -0.012509762195762317, 16.926780558338745, 3.6528085338267138, 4.5204717388142257E-4, 1.8824116998512996E-6, 5.926464762746481E14, 0.612730890925194, 0.1250320975857955, 1.8924204897638464E-4, 0.6887760767715702, -0.08288429976357242, 1.8846131436817173, 388.4911600663189, 2.7837474826582307E-5, 146.63118462485676, 5.065964654501995E-5, 4.919368910440376E-4, 2.7234658520795437E-5, 40.76895127089559, 0.6013692380274236, -0.009823635329895447, -49.9868, 150.5257, 10491
90.0, 900.0, 1.3159080908771277, -0.013235001506574013, 17.009644673050854, 3.6530800912654535, 4.7791002879568346E-4, 1.883002185320196E-6, 5.927915591653928E14, 0.6127997490182517, 0.12504778454059895, 2.0378948600321967E-4, 0.6877138657056185, 0.013033362606171639, 1.790372830498851, 390.4220196095684, 2.7699802637952613E-5, 146.63042042880352, 5.0707342020316136E-5, 4.922455665008951E-4, 2.7252533336884872E-5, 40.76881947821328, 0.6012185554436273, -0.009823692835242247, -49.9868, 150.5258, 10491
90.0, 900.0, 1.390178823469881, -0.014001202391538174, 17.096749434005673, 3.653366953661524, 5.052731628112211E-4, 1.8836219545354755E-6, 5.929441467908512E14, 0.6128719922438449, 0.1250642464532956, 2.1906045205438707E-4, 0.6896050855691266, -0.18020970896629762, 1.985377806207409, 392.4521487159809, 2.7556512882975448E-5, 146.62959128575542, 5.075742567982731E-5, 4.925696255830286E-4, 2.727141703364734E-5, 40.76868024747128, 0.6010593691465811, -0.009823753589449579, -49.9868, 150.5258, 10491
90.0, 900.0, 1.4686414458747774, -0.014810679892850792, 17.188290959476568, 3.6536699822978274, 5.34225970345419E-4, 1.88427229498605E-6, 5.931045945026504E14, 0.6129477662854022, 0.12508151707689025, 2.3508697752366858E-4, 0.6903010824722595, -0.2694640340005486, 2.076482404008354, 394.5861906853107, 2.7407478891394263E-5, 146.62873839166375, 5.0810025182321265E-5, 4.929098140709646E-4, 2.7291366553944265E-5, 40.76853315890788, 0.600891199286691, -0.009823817775473686, -49.9868, 150.5259, 10491
90.0, 900.0, 1.5515325511559177, -0.01566588005650996, 17.284472520774006, 3.65399008677497, 5.648634404287757E-4, 1.8849544795245422E-6, 5.932732714621565E14, 0.6130272146469339, 0.12509962972751143, 2.519007650908789E-4, 0.687498298879747, 0.018742015157184957, 1.7902187752323848, 396.82896438252544, 2.725257847576905E-5, 146.62781554463373, 5.0865229911225103E-5, 4.932667575899567E-4, 2.731244205558111E-5, 40.76837776907512, 0.6007135389435767, -0.009823885588118579, -49.9868, 150.5259, 10491
90.0, 900.0, 1.6391020858481498, -0.01656938735308227, 17.385504643578884, 3.654328227704444, 5.97286536799703E-4, 1.885669845449773E-6, 5.934505609286305E14, 0.6131104878300287, 0.12511861938072108, 2.6953514113564614E-4, 0.6898917405291616, -0.23729739373583322, 2.048296720158107, 399.1854675379206, 2.7091698903757315E-5, 146.62686365754797, 5.092317268511014E-5, 4.936412315552811E-4, 2.7334707091897698E-5, 40.76821360950268, 0.6005258525994677, -0.009823957231742899, -49.9868, 150.5259, 10491
90.0, 900.0, 1.731614103635887, -0.017523932539853203, 17.491605198682315, 3.654685419549913, 6.316026064249287E-4, 1.886419785363626E-6, 5.936368605360159E14, 0.6131977422198768, 0.12513852242371645, 2.880248337738256E-4, 0.6873682584516183, 0.02083499990299026, 1.7923031080549074, 401.6608798893339, 2.692473385808752E-5, 146.62583623055264, 5.0983953720782534E-5, 4.940339279604428E-4, 2.735822880216625E-5, 40.76804018528637, 0.600327574526911, -0.00982403292376974, -49.9868, 150.526, 10491
90.0, 900.0, 1.8293475615700627, -0.01853240094580707, 17.602999481550604, 3.6550627336245074, 6.679258199311901E-4, 1.887205656306275E-6, 5.938325825575866E14, 0.6132891294702092, 0.12515937423938606, 3.0740373554907774E-4, 0.6873717660242857, 0.010415978927748495, 1.8049651866252034, 404.26056616042735, 2.6751587948895623E-5, 146.62475204620625, 5.1047699297238443E-5, 4.944456080709142E-4, 2.738307811781696E-5, 40.76785697359691, 0.6001181070854473, -0.009824112892464779, -49.9868, 150.5261, 10491
90.0, 900.0, 1.9325971612241029, -0.01959784125422807, 17.71992028022665, 3.6554613012524477, 7.063776458361016E-4, 1.8880289299798051E-6, 5.940381541578486E14, 0.6133848139325585, 0.12518121318812064, 3.2770861054212674E-4, 0.6904722391852715, -0.32778525409614323, 2.1455181106820875, 406.99007887172473, 2.657217620609264E-5, 146.6236297153025, 5.111454575148753E-5, 4.948770955873579E-4, 2.7409329971589692E-5, 40.767663422104576, 0.5998968189221419, -0.009824197380158689, -49.9868, 150.5261, 10491
90.0, 900.0, 2.041674237325303, -0.02072347477043791, 17.842607931187175, 3.655882317103706, 7.470873623367569E-4, 1.8888910432675468E-6, 5.94254017631266E14, 0.6134849552217366, 0.12520407663624683, 3.4897541184517045E-4, 0.6823048377432225, 0.3659327074291825, 1.4542647283358665, 409.85516098422113, 2.6386423581788573E-5, 146.62242222496576, 5.118459896964328E-5, 4.953291124199685E-4, 2.7437063526998317E-5, 40.76745894731538, 0.5996630430712968, -0.00982428664290558, -49.9868, 150.5262, 10491
90.0, 900.0, 2.1569076965411567, -0.02191270521283879, 17.97131036289939, 3.6563270427108625, 7.901926092921626E-4, 1.8897934983428252E-6, 5.944806306276069E14, 0.6135897198040763, 0.12522800360674993, 3.7124175378730473E-4, 0.6893825740968307, -0.2112833758072196, 2.0340627131617692, 412.8617483789219, 2.6194268955484647E-5, 146.6211478143397, 5.125799935157288E-5, 4.958025033244889E-4, 2.7466362415924227E-5, 40.76724293281323, 0.5994160749468227, -0.009824380950183573, -49.9868, 150.5262, 10491
90.0, 900.0, 2.278645009251409, -0.023169129079159946, 18.106283126959454, 3.6567968101777444, 8.358399847944939E-4, 1.8907378260734248E-6, 5.947184663639381E14, 0.613699276686552, 0.12525303380254268, 3.94546013281899E-4, 0.6881104237937882, -0.08546075753521387, 1.9109438240242707, 416.0159721796058, 2.5995664093980197E-5, 146.6198027063831, 5.13348810642787E-5, 4.962981022949227E-4, 2.749731499019884E-5, 40.767014727402774, 0.5991551702214752, -0.009824480587885957, -49.9868, 150.5263, 10491
90.0, 900.0, 2.4072532572963903, -0.02449654659092844, 18.247789416848107, 3.657293026089915, 8.841856898961254E-4, 1.8917255837412976E-6, 5.949680138235788E14, 0.6138137970955436, 0.12527920754013327, 4.1892727739936686E-4, 0.6906889165388468, -0.3881158092090544, 2.216428996788031, 419.3241609304264, 2.5790575593153068E-5, 146.61840472432047, 5.141539090673348E-5, 4.968167890214274E-4, 2.753001458978674E-5, 40.76677364314818, 0.598879542587202, -0.00982458585775301, -49.9868, 150.5264, 10491
90.0, 900.0, 2.543120240860966, -0.025898973269393957, 18.39610007450445, 3.657817175637546, 9.353962256830487E-4, 1.8927583564108498E-6, 5.952297779426104E14, 0.6139334545763871, 0.12530656577972732, 4.444253811407284E-4, 0.6815939877457923, 0.38524213199146107, 1.44603219028262, 422.7928426446379, 2.55789837681536E-5, 146.6169060255906, 5.149965040360976E-5, 4.973593746953703E-4, 2.7564559821622875E-5, 40.766518953300576, 0.5985883613885807, -0.009824697079019357, -49.9868, 150.5265, 10491
90.0, 900.0, 2.6866556478317554, -0.027380652153315213, 18.55149358509495, 3.658370826961721, 9.89649148696521E-4, 1.8938377199506464E-6, 5.955042797848759E14, 0.6140584206513209, 0.12533514913963079, 4.710799983687619E-4, 0.6814086717952864, 0.393688827787268, 1.4406822086225683, 426.42874674572045, 2.536088649949061E-5, 146.61532397049476, 5.158780996707905E-5, 4.979267554514594E-4, 2.7601054860629473E-5, 40.76624989010942, 0.5982807491240307, -0.009824814587951057, -49.9868, 150.5265, 10491
90.0, 900.0, 2.8382922891536566, -0.028946066743280662, 18.71425606053958, 3.658955635735717, 0.0010471338883530118, 1.8949653159450098E-6, 5.957920567067216E14, 0.6141888734337487, 0.1253649998738612, 4.989324956767016E-4, 0.6880967030955394, -0.11502347824388075, 1.9526315250332948, 430.23880592743586, 2.513629798742513E-5, 146.6136538543194, 5.168001702831148E-5, 4.985198368967576E-4, 2.7639609761522085E-5, 40.76596564251038, 0.5979557788060577, -0.009824938741043888, -49.9868, 150.5266, 10491
90.0, 900.0, 2.9984874039107163, -0.03059995466476085, 18.884681212547125, 3.6595733499933565, 0.0011080526344496562, 1.8961427896129736E-6, 5.960936625131168E14, 0.6143249903699748, 0.12539616022073466, 5.280244040634929E-4, 0.6877696780883159, -0.09058894615277412, 1.9315789800732655, 434.23015796481513, 2.490524993823791E-5, 146.6118907068112, 5.1776420563397015E-5, 4.991395305021273E-4, 2.768034078933267E-5, 40.76566535368238, 0.597612471172488, -0.0098250699146772, -49.9868, 150.5267, 10491
90.0, 900.0, 3.16772403806664, -0.03234732211649398, 19.06307031610495, 3.6602258152170726, 0.0011726212994240357, 1.8973718041020506E-6, 5.964096676071379E14, 0.6144669498295681, 0.12542867277457995, 5.583977762157188E-4, 0.6865645681489996, 0.013657430585694574, 1.8308642417709926, 438.41014751369926, 2.466779215180858E-5, 146.61002927718985, 5.1877172340268695E-5, 4.997867613622575E-4, 2.772337077514958E-5, 40.76534811846773, 0.5972497917415742, -0.009825208506633798, -49.9868, 150.5268, 10491
90.0, 900.0, 3.3465125010223344, -0.034193459142668144, 19.249732164560626, 3.660914979698892, 0.001241070563614063, 1.8986540218926028E-6, 5.967406591351922E14, 0.6146149288913194, 0.12546257998680668, 5.900947313309535E-4, 0.6892196417633686, -0.2650051207359385, 2.11321268589158, 442.78632794215747, 2.4423992503822746E-5, 146.60804220640244, 5.198241584575287E-5, 5.004624296536075E-4, 2.7768829480666156E-5, 40.76501298064658, 0.596866647701197, -0.009825354937326393, -49.9868, 150.5269, 10491
90.0, 900.0, 3.535391904382538, -0.03614395577845501, 19.444983017620785, 3.661642900188124, 0.001313647011622461, 1.8999911680901685E-6, 5.970872411307268E14, 0.6147691105761725, 0.12549792583203365, 6.231590244705487E-4, 0.6883923506185071, -0.18256468594244862, 2.034617098102738, 447.36646324280696, 2.417393930924E-5, 146.60596725836106, 5.2092330073434183E-5, 5.011675602334461E-4, 2.781685399455852E-5, 40.76465893005799, 0.5964618846232081, -0.009825509650735332, -49.9868, 150.527, 10491
90.0, 900.0, 3.734931787571461, -0.03820471913146141, 19.649146543772318, 3.6624117478401494, 0.001390614368749361, 1.9013849296413551E-6, 5.974500346595458E14, 0.614929672144787, 0.12553475313536122, 6.57633559814047E-4, 0.6869941885554675, -0.05539829867798837, 1.911459003542394, 452.15853008069666, 2.39177385510121E-5, 146.6037764298754, 5.2207063616037226E-5, 5.019030759094813E-4, 2.7867589141946568E-5, 40.76428489955848, 0.596034282992806, -0.00982567311722425, -49.9868, 150.5271, 10491
90.0, 900.0, 3.945733835199266, -0.04038199141250607, 19.862553758798857, 3.663223814481301, 0.0014722548461312817, 1.9028370147456156E-6, 5.978296779702159E14, 0.6150967918856435, 0.1255731051361163, 6.935618638151675E-4, 0.6871778969655853, -0.08182500159153536, 1.942061881493749, 457.1707200368907, 2.365551599072721E-5, 146.6014631805413, 5.232677809501617E-5, 5.026699449101147E-4, 2.7921187924927907E-5, 40.76388976180996, 0.5955825545434368, -0.00982584583283106, -49.9868, 150.5273, 10491
90.0, 900.0, 4.168433691357858, -0.04268236901876646, 20.08554296221738, 3.664081519205472, 0.0015588706077029394, 1.9043491359102938E-6, 5.982268266533876E14, 0.6152706470877944, 0.125613025032046, 7.309876709736818E-4, 0.6808120197371734, 0.37595358645778204, 1.4886316646172337, 462.4114421131425, 2.338741612522231E-5, 146.5989987902305, 5.245162753397003E-5, 5.034691140985465E-4, 2.797781198154369E-5, 40.76347232588619, 0.5951053383852223, -0.009826028322248912, -49.9868, 150.5274, 10491
90.0, 900.0, 4.403702876316743, -0.04511282270104164, 20.318459673592553, 3.664987415318708, 0.0016507853693876725, 1.9059230430789747E-6, 5.986421538141689E14, 0.6154514177712922, 0.12565455684545376, 7.699557488765052E-4, 0.6883373104779981, -0.22492211484529287, 2.094032198025372, 467.8893255679981, 2.3113603995378523E-5, 146.5964195809356, 5.2581800043896356E-5, 5.043016434524581E-4, 2.8037632074231984E-5, 40.76303133368839, 0.5946011969159875, -0.009826221139734016, -49.9868, 150.5275, 10491
90.0, 900.0, 4.652250811398479, -0.047680718901932935, 20.561656570796078, 3.665944197648694, 0.0017483461443022115, 1.9075604248611574E-6, 5.990763502619802E14, 0.6156392752663601, 0.12569774280857296, 8.105094576898453E-4, 0.6837847151793671, 0.16985728578307738, 1.7039579985528905, 473.61322315924707, 2.2834261343767193E-5, 146.59367422041228, 5.271744175446657E-5, 5.051684499329374E-4, 2.810082860539585E-5, 40.76256545615927, 0.5940686115031921, -0.009826424872273908, -49.9868, 150.5277, 10491
90.0, 900.0, 4.914826958139459, -0.05039384228277724, 20.81549343236295, 3.666954710236695, 0.0018519251499423284, 1.9092630332580034E-6, 5.995301247225699E14, 0.6158343964647578, 0.12574262664670932, 8.526938429306297E-4, 0.685612673771364, 0.014963596934487814, 1.8637411414993406, 479.5922148718062, 2.2549589632608212E-5, 146.5907763725262, 5.285873527972068E-5, 5.06070578050207E-4, 2.816759216123267E-5, 40.762073289283705, 0.5935059779226899, -0.009826640138888383, -49.9868, 150.5278, 10491
90.0, 900.0, 5.192223078186354, -0.05326041957984101, 21.08033708615246, 3.668021954430176, 0.001961921892141615, 1.9110325821632235E-6, 6.000042040770675E14, 0.6160369520923625, 0.1257892508922066, 8.965531268453619E-4, 0.6868047175680669, -0.10229338583212509, 1.986075370559627, 485.83561221381547, 2.225980739435597E-5, 146.5877174307654, 5.300585252803726E-5, 5.070090297113579E-4, 2.8238124086078357E-5, 40.761553349864485, 0.5929116015420752, -0.009826867595089314, -49.9868, 150.528, 10491
90.0, 900.0, 5.485275620742618, -0.05628914480878731, 21.35656136654849, 3.669149097394976, 0.0020787654458053395, 1.912870814559708E-6, 6.004993336331239E14, 0.6162471143368167, 0.1258376586477632, 9.421323778645296E-4, 0.6876989654902839, -0.20500831283576967, 2.094058692254785, 492.3529631669301, 2.1965149948911954E-5, 146.58448830286017, 5.315897010026341E-5, 5.0798482931097E-4, 2.831263709139001E-5, 40.761004071060405, 0.592283692233512, -0.009827107933485534, -49.9868, 150.5281, 10491
90.0, 900.0, 5.794868244764081, -0.05948920590945798, 21.6445470824291, 3.6703394810665766, 0.0022029169527143368, 1.9147794132644903E-6, 6.010162774332889E14, 0.6164650465649935, 0.1258878912273306, 9.894753023768077E-4, 0.6845088835095259, 0.072077976020027, 1.8224348296040347, 499.15405787950294, 2.166586847692243E-5, 146.58107938336826, 5.331826196747604E-5, 5.08998976678112E-4, 2.8391355896356324E-5, 40.76042379767321, 0.5916203590012246, -0.009827361886314119, -49.9867, 150.5283, 10491
90.0, 900.0, 6.121934483508941, -0.06287031293377279, 21.944681998099835, 3.671596631560653, 0.0023348723582769875, 1.9167600878737024E-6, 6.015558186058426E14, 0.6166909131981348, 0.12593999043831317, 0.0010386264044649762, 0.6886921137506486, -0.34877869234360104, 2.2489505780991, 506.2489351935514, 2.1362228961011137E-5, 146.57748052470978, 5.348390681202404E-5, 5.100524935198675E-4, 2.8474517907132987E-5, 40.759810781169556, 0.5909196043078331, -0.009827630227739087, -49.9867, 150.5285, 10491
90.0, 900.0, 6.467460559476737, -0.06644272785414074, 22.2573608293187, 3.672924269063746, 0.002475165413728977, 1.9188145734391806E-6, 6.021187597633054E14, 0.6169248794637338, 0.12599399853601073, 0.0010896309591437447, 0.6850337336970976, 0.005742702435648744, 1.9002872344984931, 513.6478900981467, 2.105451100517552E-5, 146.57368100656709, 5.365608805503126E-5, 5.111464231253491E-4, 2.8562373930549023E-5, 40.759163174423044, 0.5901793180827348, -0.009827913776287495, -49.9867, 150.5287, 10491
90.0, 900.0, 6.832488358224368, -0.07021729607084505, 22.58298525644451, 3.674326318225504, 0.0026243709709548634, 1.9209445478477034E-6, 6.027059234537941E14, 0.617167101907177, 0.12604995604270175, 0.0011425329660216255, 0.6867232418099591, -0.16395589695607082, 2.076044588832653, 521.3614822031675, 2.0743006544488815E-5, 146.5696695035685, 5.3834987053423106E-5, 5.122817867201652E-4, 2.8655188934380333E-5, 40.758479026160806, 0.5893972713949118, -0.009828213397430337, -49.9867, 150.5289, 10491
90.0, 900.0, 7.218118570026269, -0.07420547973992551, 22.921963956616768, 3.675806919074572, 0.0027831086029429706, 1.92315168086001E-6, 6.033181526703218E14, 0.6174177339235258, 0.1261079030304587, 0.0011973763696589423, 0.6828294979725532, 0.15262862096796287, 1.7657207721189432, 529.4005453283067, 2.0428017962864467E-5, 146.56541224554095, 5.402077729362955E-5, 5.134595800812182E-4, 2.8753242844525295E-5, 40.757756275097314, 0.5885711097708088, -0.009828530006318944, -49.9867, 150.5291, 10491
90.0, 900.0, 7.625514008851994, -0.07841939301708122, 23.27471265672612, 3.677370438480762, 0.0029520465836482997, 1.9254376794864144E-6, 6.039563114229698E14, 0.6176769308272654, 0.12616788030297968, 0.001254206191996371, 0.6866155879373254, -0.18168804152591242, 2.1065009129043912, 537.7761983028735, 2.010985861832375E-5, 146.56094020444982, 5.4213668339521364E-5, 5.146809170762135E-4, 2.8856831390059427E-5, 40.75699274373951, 0.5876983461391947, -0.009828864570324607, -49.9867, 150.5294, 10491
90.0, 900.0, 8.055903118669105, -0.0828718393607342, 23.641654208763843, 3.6790214821866916, 0.0031319062674932687, 1.9278041905561997E-6, 6.046212853786978E14, 0.6179448387194227, 0.12622992682947518, 0.0013130661152915557, 0.6878529103828345, -0.3323509937717141, 2.263830210315868, 546.4998570723877, 1.9788847816766452E-5, 146.55619641659334, 5.441382772171895E-5, 5.159467697729151E-4, 2.8966266997144202E-5, 40.75618613184295, 0.5867763533803276, -0.009829218113556793, -49.9867, 150.5296, 10491
90.0, 900.0, 8.510583677644155, -0.08757635091533997, 24.023218688949992, 3.680764907432581, 0.003323466910890512, 1.9302528828815452E-6, 6.053139825733236E14, 0.6182216037415169, 0.12629408189289915, 0.0013740005280881706, 0.6858915754610013, -0.14140521583025248, 2.0797531694775433, 555.5832482083375, 1.9465312736655895E-5, 146.55118858074098, 5.462145807898948E-5, 5.172582210099674E-4, 2.9081879729596714E-5, 40.7553340095009, 0.5858023564588182, -0.009829591717599133, -49.9867, 150.5299, 10491
90.0, 900.0, 8.99092671141123, -0.09254723025073334, 24.419843521836984, 3.682605836198334, 0.0035275709871073046, 1.932785418925955E-6, 6.060353341999554E14, 0.6185073687827817, 0.12636038433717464, 0.001437053825453588, 0.6870882618899341, -0.28245569091165157, 2.2278735932877725, 565.0384239178529, 1.913958481449368E-5, 146.54590179388242, 5.4836754835972375E-5, 5.186163305515059E-4, 2.9204018286708567E-5, 40.75443380984524, 0.5847734241168681, -0.009829986527493938, -49.9867, 150.5301, 10491
90.0, 900.0, 9.498380627208013, -0.09779959445805157, 24.83197363037298, 3.6845496690874233, 0.003745130046008191, 1.935403449639889E-6, 6.067862954778791E14, 0.6188022728261251, 0.12642887242340609, 0.0015022702842655555, 0.6835137905732885, 0.03587283655143401, 1.916814262555334, 574.8777786505851, 1.8811998134429943E-5, 146.54029851002701, 5.5059905701384695E-5, 5.200221322932466E-4, 2.9333051056643263E-5, 40.75348282133787, 0.5836864601035296, -0.009830403753968863, -49.9867, 150.5304, 10491
90.0, 900.0, 10.034475581345221, -0.10334942178789996, 25.260061612691867, 3.686602099877407, 0.00397713118337885, 1.9381086065910827E-6, 6.075678466056035E14, 0.6191064499969497, 0.12649958361602862, 0.001569693870519917, 0.684868597758758, -0.09278104366068587, 2.0529337522977062, 585.1140674008825, 1.848288980432813E-5, 146.5344057010224, 5.529113088437639E-5, 5.214767508341098E-4, 2.9469367224844885E-5, 40.75247817962896, 0.5825381939137726, -0.009830844677331096, -49.9867, 150.5307, 10491
90.0, 900.0, 10.600828093178963, -0.10921360106628399, 25.704567946178425, 3.6887691307621213, 0.0042246441846972415, 1.9409025531895234E-6, 6.083809938014539E14, 0.6194200352493747, 0.1265725559128079, 0.0016393695199468095, 0.681325885218205, 0.17179070885222347, 1.7960203861832, 595.7604258045441, 1.815259487425493E-5, 146.52816219263872, 5.553061624475738E-5, 5.229812185300373E-4, 2.961337795252927E-5, 40.75141685895886, 0.5813251710113971, -0.009831310653043952, -49.9867, 150.5311, 10491
90.0, 900.0, 11.199145919498765, -0.11540998384637868, 26.165961219142567, 3.6910570883107345, 0.004488829420622535, 1.943786951223037E-6, 6.092267704347942E14, 0.619743160509996, 0.12664782695897564, 0.0017113423090757973, 0.6824944120875984, 0.07484004773677794, 1.9008176057948052, 606.8303921311423, 1.782144828526762E-5, 146.52157122365534, 5.577858205207613E-5, 5.245366689965098E-4, 2.976551761528809E-5, 40.750295663077765, 0.5800437425063589, -0.009831803113588385, -49.9867, 150.5314, 10491
90.0, 900.0, 11.831233204029326, -0.1219574396857303, 26.644718390229812, 3.6934726401688387, 0.004770946584411038, 1.94676341220596E-6, 6.101062382506332E14, 0.6200759491670923, 0.12672543276982043, 0.0017856562440959067, 0.6820387513222895, 0.091308565074536, 1.892378037079975, 618.3379312752371, 1.748978136635774E-5, 146.51461318329646, 5.603523809097449E-5, 5.261441905934789E-4, 2.9926245117481042E-5, 40.7491112156563, 0.5786900542571978, -0.009832323575647936, -49.9867, 150.5318, 10491
90.0, 900.0, 12.498995917573593, -0.12887591461117423, 27.141325075499342, 3.696022812526651, 0.005072364359206791, 1.949833647219525E-6, 6.110204886900652E14, 0.6204185327523497, 0.12680541162847814, 0.0018623580054290545, 0.6860169510381812, -0.27216563559400186, 2.2640569413882536, 630.2974608528829, 1.715792090917805E-5, 146.50726735394892, 5.6300806931825503E-5, 5.27804937889361E-4, 3.0096045272880793E-5, 40.747859950158606, 0.5772600353665083, -0.009832873643614643, -49.9867, 150.5321, 10491
90.0, 900.0, 13.204447605201148, -0.1361864929459575, 27.65627586292018, 3.6987150083791183, 0.005394571130345962, 1.9529993137012346E-6, 6.119706443086926E14, 0.6207710337076731, 0.126887800078813, 0.0019414931280155034, 0.6860187985324646, -0.2907154558097655, 2.2909792320956575, 642.7238795137323, 1.6826187325054E-5, 146.49949005289866, 5.657550043232892E-5, 5.295200187474026E-4, 3.0275430273866457E-5, 40.74653809914828, 0.5757493860363225, -0.00983345501520685, -49.9867, 150.5325, 10491
90.0, 900.0, 13.949715457811752, -0.14391146273234542, 28.190074653871985, 3.7015570266022864, 0.00573918685738767, 1.9562620857449716E-6, 6.129578602948864E14, 0.6211335731724272, 0.12697263474900414, 0.002023107759888232, 0.682020474992568, 0.05096830151991258, 1.9578264744147809, 655.632597583872, 1.6494894878530627E-5, 146.4912799561558, 5.685955730119293E-5, 5.312906245703963E-4, 3.0464941233774235E-5, 40.7451416829953, 0.5741535647479701, -0.00983406948669529, -49.9867, 150.533, 10491
90.0, 900.0, 14.737046726381994, -0.15207438504668386, 28.743235031092688, 3.7045570818696794, 0.0061079762485849246, 1.959623688247569E-6, 6.139833260894809E14, 0.621506274668404, 0.12705995322611682, 0.0021072495220381404, 0.6782978883324682, 0.2895240066728286, 1.7279498071709893, 669.0395701603446, 1.616434902656596E-5, 146.4826126366759, 5.715321504156571E-5, 5.331179577426857E-4, 3.066514982369908E-5, 40.743666497951104, 0.572467774730463, -0.009834718959925218, -49.9867, 150.5334, 10491
90.0, 900.0, 15.568815498236312, -0.16070016727077935, 29.31628065239132, 3.707723825431598, 0.0065028633817266375, 1.963085849496646E-6, 6.150482671082188E14, 0.6218892587202945, 0.12714979280973687, 0.00219396632820959, 0.6825237159472216, -0.017225206372311615, 2.0435141324954555, 682.9613327851857, 1.583484586944259E-5, 146.4734622887408, 5.7456716425690304E-5, 5.35003236977444E-4, 3.087665999798783E-5, 40.7421081035568, 0.5706869496777549, -0.00983540544754816, -49.9867, 150.5339, 10491
90.0, 900.0, 16.44752985577528, -0.1698151406948587, 29.909745669342666, 3.7110663667791837, 0.00692594794934757, 1.966650370640815E-6, 6.161539465680466E14, 0.622282650430308, 0.12724219230104256, 0.0022833081304760583, 0.6837562531698697, -0.13760595799420772, 2.1728327127751794, 697.4150398347759, 1.5506670715975893E-5, 146.46377985964696, 5.777030510623555E-5, 5.369477046287738E-4, 3.110010981629655E-5, 40.74046180934659, 0.56880573867342, -0.009836131080100015, -49.9867, 150.5344, 10491
90.0, 900.0, 17.375839439247304, -0.17944714258138794, 30.524175170100634, 3.7145942962137997, 0.007379523315960012, 1.9703190217161637E-6, 6.173016674181196E14, 0.6226865678692025, 0.12733718929135346, 0.002375324320259775, 0.6853818223710708, -0.3125798731961351, 2.3568520570830094, 712.4185057694062, 1.5180098747352926E-5, 146.45355834200643, 5.809424872140493E-5, 5.38952663785705E-4, 3.133617337480194E-5, 40.738722660808804, 0.5668184902811242, -0.009836898112786313, -49.9867, 150.5349, 10491
90.0, 900.0, 18.35654343636822, -0.18962560317725274, 31.160125645409593, 3.7183177083406553, 0.007866096608204422, 1.9740936588846064E-6, 6.1849277437615E14, 0.6231011348970068, 0.12743482318648713, 0.002470066672636745, 0.684828520203637, -0.27555834599154216, 2.3289668776312134, 727.9902493982103, 1.4855392312758916E-5, 146.44274552223274, 5.8428806756680114E-5, 5.410194186380818E-4, 3.1585562839378847E-5, 40.736885424562615, 0.5647192357545303, -0.009837708934171305, -49.9867, 150.5355, 10491
90.0, 900.0, 19.392599022880354, -0.20038163770281095, 31.81816547685663, 3.7222472265037223, 0.008388411079572484, 1.977976196153008E-6, 6.1972865607054E14, 0.6235264778692188, 0.12753513445307493, 0.0025675886468120024, 0.6839810303841869, -0.20713333483638063, 2.269750702872494, 744.1495413260201, 1.4532802821954566E-5, 146.4313528332406, 5.877428220763012E-5, 5.431494161060188E-4, 3.184903059821127E-5, 40.73494457270724, 0.5625016713191879, -0.00983856607283181, -49.9867, 150.5361, 10491
90.0, 900.0, 20.487130279502384, -0.21174814389576108, 32.49887544639202, 3.7263940281767503, 0.008949471020340143, 1.981968584075467E-6, 6.210107472885031E14, 0.6239627231462058, 0.12763816404916353, 0.002667944859291088, 0.6822490050002186, -0.06930988940510428, 2.1411882443421373, 760.9164547612625, 1.421256629063479E-5, 146.4192809605229, 5.913093332866549E-5, 5.453439840368888E-4, 3.21273715347884E-5, 40.732894266298246, 0.5601591394766174, -0.00983947220778715, -49.9867, 150.5367, 10491
90.0, 900.0, 21.643437612157808, -0.22375990504767887, 33.20284926614827, 3.7307698713225994, 0.00955256953171347, 1.986072845886483E-6, 6.223405313301699E14, 0.6244100008858132, 0.12774395433756572, 0.002771192000000283, 0.6833358313504223, -0.1799250687345248, 2.2610942901693223, 778.3119198777183, 1.3894908448986488E-5, 146.40655938699177, 5.949909677837999E-5, 5.476046977926566E-4, 3.2421425429420845E-5, 40.73072833790273, 0.5576846092773433, -0.009840430174798787, -49.9867, 150.5374, 10491
90.0, 900.0, 22.86500770388742, -0.23645369949261535, 33.93069412760891, 3.7353871217301045, 0.010201319505809794, 1.9902910507150726E-6, 6.237195424684242E14, 0.6248684419396747, 0.12785254837307447, 0.0028773881680371483, 0.6790151866324792, 0.14948341313697366, 1.9409821778565655, 796.3577819377756, 1.3580038997248136E-5, 146.39310664801232, 5.987906560088691E-5, 5.499330198456649E-4, 3.273207949797009E-5, 40.72844027318235, 0.555070655507889, -0.009841442980136669, -49.9867, 150.5381, 10491
90.0, 900.0, 24.155524028454376, -0.2498684162051886, 34.68303126921453, 3.7402587813343238, 0.01089968820565277, 1.994625374633846E-6, 6.251493685139559E14, 0.6253381842986839, 0.12796399145105355, 0.002986594418320665, 0.6811099796993201, -0.016400157865920577, 2.1161411631001066, 815.0768634007271, 1.3268154954584407E-5, 146.37888271178994, 6.027117152703164E-5, 5.523305551994146E-4, 3.3060271071269325E-5, 40.72602319145167, 0.5523094367335251, -0.009842513807048186, -49.9867, 150.5388, 10491
90.0, 900.0, 25.51887795734414, -0.2640451774808115, 35.460496561543394, 3.7453985175221414, 0.011652035898785242, 1.9990780557906995E-6, 6.266316534846976E14, 0.6258193679904931, 0.12807832992516735, 0.003098873643896799, 0.6775464230007334, 0.21900119736257928, 1.8899655129967536, 834.4930302566115, 1.2959440085743525E-5, 146.36386706296759, 6.067577084200566E-5, 5.547989970038036E-4, 3.340699043087956E-5, 40.723469825154794, 0.5493926721355713, -0.009843646029424804, -49.9866, 150.5396, 10491
90.0, 900.0, 26.95918049365098, -0.27902746890019303, 36.26374110926587, 3.750820693420914, 0.01246315903647201, 2.0036514307761695E-6, 6.281681003784754E14, 0.6263121387938855, 0.12819561211495373, 0.0032142915039522213, 0.6797561090801865, 0.06101636179467875, 2.0570952630182804, 854.6312628440827, 1.2654063938142339E-5, 146.3480150166915, 6.109322588465471E-5, 5.573400840283058E-4, 3.377328380039707E-5, 40.72077249820163, 0.5463116170792226, -0.00984484322332532, -49.9866, 150.5404, 10491
90.0, 900.0, 28.4807746682328, -0.2948612769674121, 37.093431869143046, 3.756540399163024, 0.013338338556680426, 2.008347962302677E-6, 6.29760474047271E14, 0.626816650944598, 0.12831588898262064, 0.0033329171370492794, 0.6773977653548999, 0.2082334829716122, 1.9189087968555645, 875.517731429728, 1.2352181971125798E-5, 146.33125759498705, 6.152390773867095E-5, 5.599556167651675E-4, 3.416025650916773E-5, 40.71792310310102, 0.5430570373440862, -0.009846109178940675, -49.9866, 150.5413, 10491
90.0, 900.0, 30.088248635513313, -0.3115952349182251, 37.950252283419005, 3.7625734841138945, 0.014283393955353822, 2.013170196205455E-6, 6.31410604171014E14, 0.6273330622195029, 0.12843921299639185, 0.00345482209077419, 0.6755913807075831, 0.30780148980402267, 1.8282211352454554, 897.1798768461252, 1.2053936745817935E-5, 146.31354493382497, 6.196821542366034E-5, 5.626474994603674E-4, 3.4569076334952174E-5, 40.71491307682557, 0.539619181947383, -0.009847447914142845, -49.9866, 150.5422, 10491
90.0, 900.0, 31.78644950841998, -0.3292807773607596, 38.83490292804108, 3.7689365900451572, 0.015304743844455229, 2.0181207740312233E-6, 6.331203883282401E14, 0.6278615350220799, 0.12856563842036242, 0.0035800806531721685, 0.6822368201272718, -0.17576264246897122, 2.320476601082322, 919.6464965066577, 1.1759458176164484E-5, 146.294846120213, 6.242657801027585E-5, 5.654177493463262E-4, 3.500097703582871E-5, 40.71173337533886, 0.5359877544851743, -0.009848863689683632, -49.9866, 150.5431, 10491
90.0, 900.0, 33.580497974175145, -0.34797230427220754, 39.74810217523137, 3.775647185228268, 0.016409473843540356, 2.0232024999627264E-6, 6.34891795030441E14, 0.6284022432062392, 0.12869522298500283, 0.0037087715626762385, 0.6816490514372411, -0.13248504950987755, 2.2856599998476685, 942.9478361366594, 1.1468862367011775E-5, 146.27508373117428, 6.289942694475301E-5, 5.682684378402118E-4, 3.545726207898332E-5, 40.70837444671229, 0.5321518829142207, -0.00985036102466772, -49.9866, 150.5442, 10491
90.0, 900.0, 35.475803735012164, -0.3677273546653774, 40.690586870023864, 3.7827235994168937, 0.017605412726754623, 2.0284183086489673E-6, 6.367268673145855E14, 0.6289553682568233, 0.12882802701970025, 0.003840977214607688, 0.6787408022663104, 0.08434496926436054, 2.0770165201448707, 967.1156875827672, 1.1182253983844135E-5, 146.25422073265395, 6.338723992959451E-5, 5.712018053061291E-4, 3.5939308586737485E-5, 40.70482620275569, 0.5281000876931055, -0.00985194471201451, -49.9866, 150.5452, 10491
90.0, 900.0, 37.47808182037589, -0.3886067909528447, 41.66311302047444, 3.790185059678884, 0.018901217902711653, 2.0337712414835543E-6, 6.386277258184462E14, 0.6295210964161, 0.1289641128054293, 0.003976783078167068, 0.6802358285465374, -0.036674985103023666, 2.2059015620125275, 992.1834930853705, 1.089972468851156E-5, 146.2321732465778, 6.389049300958921E-5, 5.742201182562072E-4, 3.644857150177808E-5, 40.70107798908053, 0.523820248196829, -0.009853619837605741, -49.9866, 150.5464, 10490
90.0, 900.0, 39.593369819794674, -0.41067499429740234, 42.66645650134229, 3.7980517270305683, 0.020306471423940414, 2.0392645147082173E-6, 6.405965722212468E14, 0.6300996255045539, 0.12910354626036705, 0.0041162794433022565, 0.6799832420523014, -0.02353926504906693, 2.2002596382985047, 1018.1864564226909, 1.0621355103849017E-5, 146.2088756540365, 6.44097026392539E-5, 5.773258084476286E-4, 3.698658798793618E-5, 40.69711855351193, 0.5192995673160605, -0.009855391797784932, -49.9866, 150.5476, 10490
90.0, 900.0, 41.82804608838716, -0.43400007203745705, 43.701413771132856, 3.8063447338174843, 0.021831787925928204, 2.044901520166038E-6, 6.426356927592976E14, 0.6306911645214197, 0.12924639690177772, 0.0042595614649540425, 0.6778504776778798, 0.1245913468864911, 2.0591987975800445, 1045.1616613592628, 1.0347214808190901E-5, 146.1842586317387, 6.494541515433408E-5, 5.805214430812984E-4, 3.7554982083527125E-5, 40.69293601276006, 0.5145245341475548, -0.009857266320731138, -49.9866, 150.5489, 10490
90.0, 900.0, 44.18884897990008, -0.4586540776134295, 44.7688026024802, 3.8150862217765624, 0.023488936034073232, 2.0506857556019294E-6, 6.447474617752002E14, 0.6312959258735226, 0.12939273602437254, 0.004406727414621003, 0.6761258349649255, 0.2337081335944862, 1.9566720238006075, 1073.1481978563163, 1.0077363350787199E-5, 146.15827068777284, 6.54982132527432E-5, 5.838097216235985E-4, 3.8155469618153064E-5, 40.68851781725816, 0.5094808846778047, -0.009859249487831541, -49.9866, 150.5502, 10490
90.0, 900.0, 46.68289716527154, -0.48471324424773365, 45.86946282593243, 3.8242993807051353, 0.025290975042982566, 2.056620979628118E-6, 6.469343453189826E14, 0.631914141108994, 0.12954264056379322, 0.0045578826464415245, 0.677032130767067, 0.17177222138252282, 2.024659650997217, 1102.1872965267644, 9.811848820434787E-6, 146.13079095577595, 6.606868338743147E-5, 5.871934314053852E-4, 3.8789863403533664E-5, 40.68385071406884, 0.5041535603585952, -0.009861347757339246, -49.9865, 150.5516, 10490
90.0, 900.0, 49.31771109798763, -0.5122582324531595, 47.004257087285595, 3.8340084876521687, 0.027252408889571606, 2.062711065388495E-6, 6.491989047891524E14, 0.6325460450630731, 0.12969618932738436, 0.004713135902227106, 0.6832137477726733, -0.33156754454042237, 2.53345135457816, 1132.3224718430652, 9.550711878876756E-6, 146.10178118061523, 6.665748780583131E-5, 5.906756040997773E-4, 3.946007872437399E-5, 40.678920707755736, 0.4985266644664925, -0.009863567987905653, -49.9865, 150.5531, 10490
90.0, 900.0, 52.101235690958106, -0.54137439357353, 48.17407161868923, 3.844238946536703, 0.029389359743355326, 2.0689601048320554E-6, 6.515438005997295E14, 0.6331918861872242, 0.12985346556264665, 0.0048726019931392694, 0.683330233858992, -0.3456659371954626, 2.5523376848077444, 1163.5996746321287, 9.293982351269722E-6, 146.07111152747584, 6.7265278245054E-5, 5.942593067488448E-4, 4.016813913812803E-5, 40.67371301911225, 0.49258341613651346, -0.009865917467915163, -49.9865, 150.5547, 10490
90.0, 900.0, 55.04186427329007, -0.5721520488871263, 49.37981702382017, 3.8550173280878544, 0.0317197638507314, 2.0753723767986447E-6, 6.539717958571681E14, 0.633851922614564, 0.13001455607683945, 0.005036401017225939, 0.6803862167143769, -0.07900484983333883, 2.289733660173635, 1196.0674544175704, 9.041683775938692E-6, 146.03873423088174, 6.789279258419673E-5, 5.979479000565978E-4, 4.091618260347654E-5, 40.66821204163489, 0.48630610195305524, -0.009868403941351725, -49.9865, 150.5564, 10490
90.0, 900.0, 58.148463899198035, -0.6046867869080483, 50.62242907749041, 3.8663714099899273, 0.0342635926712638, 2.0819523724948707E-6, 6.564857600287538E14, 0.6345264241548026, 0.13017955180009053, 0.005204659040768833, 0.6796948254287097, -0.022161322569909804, 2.2361469952323847, 1229.777132195967, 8.793829999771761E-6, 146.0045094439372, 6.854075949716028E-5, 6.017447819590624E-4, 4.17064679562545E-5, 40.662401295620654, 0.4796760249774126, -0.009871035641585982, -49.9865, 150.5582, 10490
90.0, 900.0, 61.430402085365756, -0.6390797785443955, 51.902869540118964, 3.878330217105305, 0.03704310272922118, 2.088704836488098E-6, 6.59088672581508E14, 0.6352156757833326, 0.13034854872625662, 0.005377509181602069, 0.6794837501085804, -0.0012743038710298913, 2.2176451162277524, 1264.7829842602239, 8.550429722774411E-6, 145.9683787837238, 6.921000426652397E-5, 6.056536917263498E-4, 4.254138175318842E-5, 40.65626337976583, 0.4726734510862709, -0.009873821321659341, -49.9865, 150.56, 10490
90.0, 900.0, 64.89757505738264, -0.6754381127766691, 53.22212698755805, 3.890924061637067, 0.0400831181721203, 2.095634671702131E-6, 6.617836265679148E14, 0.6359199672062706, 0.13052164544463782, 0.005555089212797626, 0.675661295412371, 0.26302446062600504, 1.9547863293285195, 1301.1424377097223, 8.311483082362718E-6, 145.93019122524075, 6.990133994686263E-5, 6.096783811258165E-4, 4.34234455048798E-5, 40.64977992013371, 0.4652775524902313, -0.009876770292850159, -49.9865, 150.562, 10490
90.0, 900.0, 68.56043759042794, -0.7138751528807674, 54.58121765681894, 3.904184583082775, 0.043411350519414506, 2.1027470745800914E-6, 6.645738321318592E14, 0.6366396058930017, 0.13069894642838906, 0.00573754505880314, 0.6816131061265257, -0.16651308201439188, 2.384743781690214, 1338.9162783135018, 8.07698568852083E-6, 145.88985482575268, 7.061567158010953E-5, 6.138229415252977E-4, 4.435532331597025E-5, 40.64293151635567, 0.4574663482958514, -0.009879892460124074, -49.9865, 150.5641, 10490
90.0, 900.0, 72.43003453418311, -0.7545109158602379, 55.98118630829473, 3.9181447878208524, 0.047058760817038, 2.1100473972205513E-6, 6.674626199050949E14, 0.6373749022802351, 0.13088055849336017, 0.0059250272990258035, 0.6808853085842336, -0.09319488381412028, 2.3107495328517813, 1378.168871419347, 7.846926667765855E-6, 145.84722779692555, 7.135392022268983E-5, 6.180915530227264E-4, 4.533982996244312E-5, 40.635697684921695, 0.44921664197088784, -0.00988319836592842, -49.9864, 150.5663, 10490
90.0, 900.0, 76.51803411703126, -0.7974724759090245, 57.423107105124, 3.9328390881616286, 0.05105997010917263, 2.117541341221679E-6, 6.704534442613344E14, 0.6381261885098611, 0.13106659552169905, 0.006117696181311361, 0.6787074938484995, 0.0861175683932549, 2.1295888055255903, 1418.9683966282353, 7.621291169871278E-6, 145.80220497271927, 7.211709661184023E-5, 6.224887445156654E-4, 4.637993942326238E-5, 40.628056799411006, 0.44050395556595445, -0.00988669923277747, -49.9864, 150.5686, 10490
90.0, 900.0, 80.83676312996798, -0.8428943939055419, 58.90808451038355, 3.9483033406866546, 0.05545372509892066, 2.1252347505871557E-6, 6.735498863917371E14, 0.6388937966838301, 0.13125717319904462, 0.006315716343622962, 0.6804604061109112, -0.032282804541287694, 2.244892802134972, 1461.3870969802415, 7.400058881493607E-6, 145.75463061617347, 7.29062298487136E-5, 6.270191352690886E-4, 4.7478793901105895E-5, 40.61998602750557, 0.4313024605408011, -0.009890407012505448, -49.9864, 150.5711, 10490
90.0, 900.0, 85.3992440963155, -0.8909191745848752, 60.43725420283822, 3.9645748836925936, 0.06028342675398055, 2.133133816325153E-6, 6.767556571621729E14, 0.6396780784632187, 0.1314524139787651, 0.006519262114558305, 0.6764643530441794, 0.2584849838809709, 1.9497058828829739, 1505.501543424628, 7.183206493726508E-6, 145.70438479335294, 7.372244377120332E-5, 6.316877045535976E-4, 4.863971334723374E-5, 40.61146126462358, 0.4215849050389693, -0.009894334436298417, -49.9864, 150.5737, 10490
90.0, 900.0, 90.21923453932051, -0.94169775367036, 62.011784012012704, 3.981692573550104, 0.06559773096220518, 2.1412449026263084E-6, 6.800745997092465E14, 0.6404793867493913, 0.1316524426529529, 0.006728513081999066, 0.6829849762714016, -0.21918310842991695, 2.421559765982023, 1551.3929153736447, 6.970706173821431E-6, 145.65129618793964, 7.456688795970937E-5, 6.36499550659776E-4, 4.986620553536439E-5, 40.602457064001165, 0.4113225374482954, -0.009898495071617542, -49.9864, 150.5764, 10490
90.0, 900.0, 95.31126846604134, -0.9953900166765459, 63.632874873385305, 3.9996968197839373, 0.07145123149998142, 2.149574703115878E-6, 6.835106917287185E14, 0.6412980902136578, 0.13185739008909964, 0.006943658160964816, 0.6842220068156266, -0.31665324334120937, 2.5117517509984175, 1599.1472981665322, 6.762527497917419E-6, 145.59520670843256, 7.544079694903892E-5, 6.414600984633634E-4, 5.116197669804138E-5, 40.59294656304496, 0.40048502608079595, -0.009902903380531257, -49.9863, 150.5793, 10490
90.0, 900.0, 100.69070019261355, -1.0521653521791103, 65.3017618045346, 4.0186296186782675, 0.07790523730474283, 2.1581301361432093E-6, 6.870680474067344E14, 0.6421345618762239, 0.13206739051072428, 0.00716489293757025, 0.678747499857882, 0.16803547362726193, 2.0182570087168967, 1648.8559982975655, 6.558637357673832E-6, 145.53594931316744, 7.634546894745207E-5, 6.465750083164265E-4, 5.2530942773383206E-5, 40.58290140576887, 0.3890403747994897, -0.009907574785261978, -49.9863, 150.5823, 10490
90.0, 900.0, 106.37375064304275, -1.112203241812966, 67.0197149031004, 4.038534585211378, 0.08502865776764945, 2.166918387028369E-6, 6.907509189412842E14, 0.6429891822315383, 0.13228258240390434, 0.007392420800627103, 0.6800974889791468, 0.09795386540964689, 2.077947293094899, 1700.6158772898696, 6.359000345589073E-6, 145.47334749939586, 7.728227330621433E-5, 6.518502083240924E-4, 5.3977241283169044E-5, 40.57229166112212, 0.3769548344158604, -0.009912525737334327, -49.9863, 150.5856, 10490
90.0, 900.0, 112.37755626113236, -1.1756938899481408, 68.78804036744826, 4.059456983126437, 0.09289901188549188, 2.1759469518954184E-6, 6.945636975986228E14, 0.6438623423669805, 0.13250310944296986, 0.007626454121868742, 0.6837862953625888, -0.1760484687516937, 2.3399238534940943, 1754.529705125405, 6.16357911411001E-6, 145.40721476241114, 7.825265856866589E-5, 6.572919285629099E-4, 5.5505243888540885E-5, 40.561085737006856, 0.36419280967637, -0.009917773792556518, -49.9863, 150.589, 10490
90.0, 900.0, 118.72022068303308, -1.2428388954853966, 70.60808154095388, 4.081443752950666, 0.10160357955380812, 2.185223527460383E-6, 6.98510914247145E14, 0.6447544321368402, 0.1327291176466715, 0.007867211443692151, 0.68308350064172, -0.07204690980393458, 2.222223378489899, 1810.7065341713144, 5.972334707929715E-6, 145.33735402283548, 7.925814421114473E-5, 6.629066429213747E-4, 5.711956965286643E-5, 40.54925028977618, 0.3507167616518605, -0.009923337691918338, -49.9863, 150.5926, 10490
90.0, 900.0, 125.42086932622585, -1.3138519697579645, 72.48121998084883, 4.104543537783755, 0.11124071611656439, 2.194756120062135E-6, 7.025972393095256E14, 0.6456658495729618, 0.1329607578916497, 0.008114920345738935, 0.6841846830345695, -0.13110718448920855, 2.2658855048817346, 1869.2620945740102, 5.785226380424485E-6, 145.2635354077305, 8.030032118637231E-5, 6.687011045135891E-4, 5.8825099056724595E-5, 40.53675012899508, 0.3364871053405518, -0.00992923744888788, -49.9862, 150.5964, 10490
90.0, 900.0, 132.49970705954334, -1.3889597031591925, 74.40887655259517, 4.128806706688385, 0.12192135452996712, 2.2045529758045477E-6, 7.068274820729558E14, 0.646596992953902, 0.13319818405010353, 0.008369815674409115, 0.6813028897441198, 0.14723574380684587, 1.9704343157118058, 1930.3192121255188, 5.602213352496892E-6, 145.18556046786136, 8.138089261368651E-5, 6.746824280566217E-4, 6.06269888058678E-5, 40.52354811723947, 0.3214621022907851, -0.00993549444325696, -49.9862, 150.6004, 10489
90.0, 900.0, 139.97807912812604, -1.4684023856223773, 76.39251255078067, 4.154285375531208, 0.13377072336722245, 2.2146225771337236E-6, 7.11206589297193E14, 0.6475482593420424, 0.13344155275334135, 0.008632139489425927, 0.6862146964217497, -0.2250848140118809, 2.323943585119693, 1994.0082496420362, 5.423252588548123E-6, 145.10315343841702, 8.2501603093837E-5, 6.808579030829497E-4, 6.253068747512266E-5, 40.509605064698945, 0.30559774804702045, -0.009942131523916785, -49.9862, 150.6046, 10489
90.0, 900.0, 147.8785355170237, -1.5524348831215935, 78.43363084755184, 4.18103342514174, 0.14693031328519598, 2.2249736789960873E-6, 7.15739643061036E14, 0.6485200468168784, 0.13369102410522768, 0.008902142041329747, 0.6816399980050944, 0.20977624821842833, 1.8685961352639437, 2060.4675729330543, 5.248302484829645E-6, 145.01611173284564, 8.366435248513005E-5, 6.872352991364431E-4, 6.454195203289862E-5, 40.494879618343, 0.28884765421812597, -0.009949173116773504, -49.9862, 150.6091, 10489
90.0, 900.0, 156.22489894752135, -1.6413275779169418, 80.53377706962753, 4.209106516679608, 0.16156012971110695, 2.235615271196981E-6, 7.204318577899139E14, 0.6495127496972328, 0.1339467606055993, 0.00918008082581842, 0.6835701728240282, 0.1240393908366138, 1.9322234610043474, 2129.8440424813525, 5.077319581872985E-6, 144.924153985116, 8.487109068561651E-5, 6.938225789008556E-4, 6.666686530232245E-5, 40.479328145400856, 0.271162924969484, -0.009956645345743977, -49.9862, 150.6139, 10489
90.0, 900.0, 165.04233671122358, -1.7353673733004558, 82.69454080496241, 4.238562104127181, 0.1778412755521288, 2.246556539442731E-6, 7.252885764107106E14, 0.6505267537581668, 0.1342089260537145, 0.009466219594067404, 0.6826226129957036, 0.24492677121584325, 1.7876827231317947, 2202.2935320003103, 4.910260733131251E-6, 144.82700562837127, 8.612387857616827E-5, 7.006280411270023E-4, 6.89118544012662E-5, 40.46290461089776, 0.2524920277292373, -0.009964576157998178, -49.9861, 150.6188, 10489
90.0, 900.0, 174.35743655850237, -1.8348587722504957, 84.91755684015796, 4.26945944385497, 0.1959789146598191, 2.2578069463631813E-6, 7.303152655848911E14, 0.6515624425873822, 0.13447768732697984, 0.009760830496607115, 0.6870726938354091, -0.041364571655418785, 2.0488867063327105, 2277.9814750861074, 4.747082253064623E-6, 144.7243548993168, 8.742487115762788E-5, 7.076603017236447E-4, 7.128371021868183E-5, 40.44556044898468, 0.2327806579108569, -0.00997299546330976, -49.9861, 150.6241, 10489
90.0, 900.0, 184.19828687013987, -1.9401250327441133, 87.2045064297485, 4.301859601241049, 0.21620567490979836, 2.2693760720741732E-6, 7.35517509977615E14, 0.6526201817185648, 0.1347532104032599, 0.01006418993198388, 0.6841520941017877, 0.26210204706596724, 1.7190427019858776, 2357.0834412392787, 4.5877415115714385E-6, 144.6159165505812, 8.877635271092234E-5, 7.149283276624109E-4, 7.37896079865146E-5, 40.42724442778804, 0.2119715974407117, -0.009981935282040331, -49.9861, 150.6297, 10489
90.0, 900.0, 194.59456135391218, -2.0515094094761843, 89.55711859852306, 4.335825454362763, 0.23878555929710604, 2.2812737033819294E-6, 7.409010055289608E14, 0.6537003258598302, 0.1350356623450505, 0.010376580891843512, 0.6894680044367784, -0.11393541013154777, 2.067593857131804, 2439.7857425934703, 4.4321945504634325E-6, 144.5013232200059, 9.018067151624988E-5, 7.224412985435843E-4, 7.643712900082031E-5, 40.40790250750359, 0.1900045668929251, -0.009991429906588472, -49.9861, 150.6356, 10489
90.0, 900.0, 205.57760852150503, -2.169376485115073, 91.97717147807931, 4.3714216948190066, 0.26401844436121064, 2.293509776378676E-6, 7.464715517037485E14, 0.6548032126162296, 0.13532520977834606, 0.010698291464054377, 0.6906046157462776, -0.13858978714004092, 2.063874292777381, 2526.286072760119, 4.280399611938942E-6, 144.38027502272527, 9.164035388246898E-5, 7.302088717110002E-4, 7.923428355508827E-5, 40.3874776914488, 0.1668160710216351, -0.010001516072349285, -49.9861, 150.6418, 10489
90.0, 900.0, 217.1805462155663, -2.2941136043166686, 94.46649367884687, 4.408714825783684, 0.2922452582724573, 2.3060943636811075E-6, 7.52235042708868E14, 0.6559291604224888, 0.1356220184478962, 0.011029614495984913, 0.69169966863445, -0.1575714818974675, 2.0538583583158836, 2616.7941792768447, 4.132313210640948E-6, 144.25236639149492, 9.315797596389603E-5, 7.382408525090285E-4, 8.218953515473602E-5, 40.36590986978432, 0.14233923749766042, -0.010012233146401393, -49.986, 150.6483, 10489
90.0, 900.0, 229.43836147192874, -2.4261324123501318, 97.02696569886275, 4.447773157435177, 0.32385394581083776, 2.319037646087143E-6, 7.58197457681481E14, 0.6570784651625898, 0.1359262524126991, 0.011370846839763665, 0.6933328813347287, -0.24391597060519166, 2.110890071883203, 2711.532571235531, 3.987893633194648E-6, 144.1172353768587, 9.473628378620769E-5, 7.465474814254731E-4, 8.531182607002614E-5, 40.34313565561145, 0.11650364864430696, -0.010023623324865939, -49.986, 150.6553, 10488
90.0, 900.0, 242.38801601812324, -2.565870514315797, 99.66052137063328, 4.488666799952003, 0.35928634510217, 2.332349828796861E-6, 7.643648498680619E14, 0.6582513920599925, 0.13623807195961013, 0.011722287122343689, 0.6924929948921043, -0.020918460767479483, 1.858618955179309, 2810.7372637641965, 3.847098447032545E-6, 143.9744549942842, 9.637810435693053E-5, 7.551391800602759E-4, 8.861060430715618E-5, 40.319088213146244, 0.0892351659865338, -0.010035731850893365, -49.986, 150.6626, 10488
90.0, 900.0, 256.06855772629865, -2.713793260452681, 102.36914934747763, 4.531467654310677, 0.3990461214473422, 2.346041175601378E-6, 7.707433348328468E14, 0.6594481782178434, 0.13655763430905057, 0.01208423661310476, 0.6952567560346019, -0.23964500476613146, 2.0485109406730095, 2914.6585611455766, 3.7098854885794706E-6, 143.82357489668124, 9.8086389431503E-5, 7.640266676676603E-4, 9.209585206018676E-5, 40.293697077671155, 0.06045574742096216, -0.010048607244231657, -49.986, 150.6703, 10488
90.0, 900.0, 270.5212383566192, -2.870395672068507, 105.1548946308178, 4.576249401167168, 0.4437079273610035, 2.360121980341202E-6, 7.773390777548091E14, 0.6606690296394974, 0.13688509285085604, 0.01245699843183018, 0.6947890417314209, -0.042084811900796354, 1.822999233913645, 3023.561880475607, 3.5762142855449494E-6, 143.66418408271605, 9.986427401631285E-5, 7.732210883923563E-4, 9.577811572467041E-5, 40.26688796696214, 0.03008325682829449, -0.010062301550286078, -49.986, 150.6785, 10488
90.0, 900.0, 285.78963794617766, -3.036204520754974, 108.01986013996104, 4.623087488147489, 0.49392798624226386, 2.374602419492482E-6, 7.841582798945846E14, 0.6619141082358566, 0.13722059364950812, 0.01284087359146635, 0.6949087452686893, 0.06708115809134566, 1.6872499818002085, 3137.7286178973422, 3.4460420526466273E-6, 143.49573820910317, 1.0171491857819626E-4, 7.827335708560422E-4, 9.96685375463475E-5, 40.23858258388951, -0.001968734046196463, -0.010076870607339071, -49.986, 150.6871, 10488
90.0, 900.0, 301.9197962185021, -3.2117805692106223, 110.96620832601967, 4.672059115914973, 0.550456329323869, 2.3894926003772723E-6, 7.912071643365755E14, 0.6631835361377879, 0.1375642765390855, 0.013236162199279783, 0.6952690176740988, 0.14821750489323968, 1.5814196119036634, 3257.4570595909368, 3.319328096327181E-6, 143.3177504974612, 1.0364168550732502E-4, 7.925756683847307E-4, 1.037788889829466E-4, 40.208698409894964, -0.03579115161678992, -0.010092374328305068, -49.986, 150.6961, 10488
90.0, 900.0, 318.9603514099032, -3.397720999094889, 113.9961628317265, 4.723243223420605, 0.6141509542024601, 2.4048024741109517E-6, 7.984919611364232E14, 0.664477388486559, 0.1379162730968284, 0.013643161064447212, 0.6981236662823973, -0.10592751445969381, 1.8133093438358483, 3383.063339858466, 3.196031228187883E-6, 143.12968298750258, 1.0564804347724683E-4, 8.027590894585784E-4, 1.0812160586023205E-4, 40.17714848904791, -0.07147963453297024, -0.010108877008166064, -49.986, 150.7057, 10487
90.0, 900.0, 336.96268693127325, -3.5946620342104976, 117.11201019904442, 4.7767204727778045, 0.6859942176922423, 2.4205418053097564E-6, 8.060188920297948E14, 0.6657956914216012, 0.13827670596979771, 0.014062162792419647, 0.6975373870918877, 0.10381448213106219, 1.5843186357342887, 3514.882448814196, 3.076109695009892E-6, 142.93094478491028, 1.0773756783703206E-4, 8.132956826822787E-4, 1.1270982540261377E-4, 40.14384120239468, -0.1091347559655671, -0.010126447646208096, -49.986, 150.7159, 10487
90.0, 900.0, 355.9810863075752, -3.8032817796665626, 120.31610162663502, 4.832573234233095, 0.7671118280866646, 2.4367200494301963E-6, 8.137941548844359E14, 0.6671384126611952, 0.13864568612645095, 0.014493452402562085, 0.6989561141679772, 0.0094041755113634, 1.6630602295713226, 3653.269292376513, 2.9595215887767586E-6, 142.7209114242276, 1.0991394853722242E-4, 8.241974059012305E-4, 1.1755742522017892E-4, 40.10868003232011, -0.1488622542434337, -0.010145160290611344, -49.986, 150.7265, 10487
90.0, 900.0, 376.07289686222015, -4.024303299751615, 123.61085477945369, 4.890885571728684, 0.858794863296785, 2.45334633492555E-6, 8.218239081032322E14, 0.6685054613227805, 0.1390233125652715, 0.014937306712864418, 0.7002666364727034, -0.10584189170078866, 1.7667807062586705, 3798.59980745747, 2.8462252335048273E-6, 142.49894390290666, 1.1218101354007377E-4, 8.354763668297176E-4, 1.2267906433114148E-4, 40.071563316655144, -0.1907732719703339, -0.010165094404188914, -49.9861, 150.7378, 10487
90.0, 900.0, 397.2987026399005, -4.258497957029202, 126.99875565298584, 4.951743229571291, 0.9625253127182656, 2.470429386450567E-6, 8.301142552109296E14, 0.6698966831569376, 0.13940967071762167, 0.015393992138373891, 0.6984002861439943, 0.23664480592691994, 1.417445619351296, 3951.2721354597866, 2.7361790644587742E-6, 142.26438616722854, 1.1454272530653495E-4, 8.471447773724802E-4, 1.2809022630629995E-4, 40.03238399227838, -0.2349846037501777, -0.010186335250898059, -49.9861, 150.7497, 10487
90.0, 900.0, 419.72250708930346, -4.506689036817036, 130.48236049494074, 5.015233620733078, 1.0800057246835328, 2.487977428943063E-6, 8.386712298806269E14, 0.671311854721804, 0.13980483048098005, 0.01586376195553213, 0.69867687331043, 0.24063159872110942, 1.4117711172956815, 4111.707857419438, 2.6293390753958964E-6, 142.01645672714656, 1.1700306563474459E-4, 8.592146435418427E-4, 1.338072646063682E-4, 39.99102932798018, -0.28161895264356795, -0.010208974302401435, -49.9861, 150.7623, 10486
90.0, 900.0, 443.411926056559, -4.769755679297028, 134.06429778759056, 5.081445817314966, 1.2131936395698202, 2.505998125037369E-6, 8.475007816774662E14, 0.6727506807845931, 0.14020884507168746, 0.016346854435432878, 0.7016346778525202, -0.24724868206268394, 1.9035332225062118, 4280.3532943744885, 2.525662687398101E-6, 141.75441537853186, 1.1956619803348946E-4, 8.716981103394999E-4, 1.3984745019324585E-4, 39.9473806463807, -0.33080519548339815, -0.010233109662372869, -49.9862, 150.7756, 10486
90.0, 900.0, 468.4383916713673, -5.048637162502702, 137.74727029439975, 5.150470543699626, 1.364341603519091, 2.5244984123202232E-6, 8.566087628155568E14, 0.6742127842769063, 0.14062174770364214, 0.016843488269818574, 0.6996936895731565, 0.0763276984851632, 1.589716524207982, 4457.680876797882, 2.4251056586679294E-6, 141.47743314197018, 1.2223632019618103E-4, 8.84607050632058E-4, 1.4622902148066818E-4, 39.90131303472117, -0.3826786571594636, -0.010258846513980667, -49.9863, 150.7895, 10486
90.0, 900.0, 494.8773677405951, -5.344337557043509, 141.53405717515565, 5.22240017291108, 1.5360436923020688, 2.543484498318053E-6, 8.660009162394154E14, 0.6756977094490338, 0.1410435518825828, 0.01735386220251095, 0.7003393051423443, -0.09620514331720628, 1.7780678421731388, 4644.190587203451, 2.3276230083304127E-6, 141.18463141973578, 1.25017705277425E-4, 8.97953149151306E-4, 1.5297123669247607E-4, 39.85269504438255, -0.43738139402103426, -0.010286297578296435, -49.9864, 150.8043, 10486
90.0, 900.0, 522.8085772988312, -5.6579307962153464, 145.42751617451236, 5.29732872668023, 1.7312896326246188, 2.5629617199010593E-6, 8.756828653526795E14, 0.677204914745888, 0.14147424873394912, 0.017878151007802823, 0.699959268060602, -0.12926658833464882, 1.8330334400245647, 4840.411574831452, 2.233169865742628E-6, 140.87512037452075, 1.2791472819344594E-4, 9.117478973576291E-4, 1.632318203104733E-4, 39.80138837902422, -0.4950624865418587, -0.010315583589029934, -49.9865, 150.8199, 10485
90.0, 900.0, 552.3162430020471, -5.990566202091483, 149.43058588973204, 5.3753518796910855, 1.953527792797841, 2.582934356379725E-6, 8.856601075443068E14, 0.6787337629848643, 0.14191380342353388, 0.018416500191008878, 0.6996470814981538, -0.19526259689302614, 1.92686697848625, 5046.903765807753, 2.141698458111241E-6, 140.54786909618457, 1.309316951248975E-4, 9.260021297745819E-4, 1.8055425787357358E-4, 39.74724757128207, -0.5558783414274391, -0.010346833776602386, -49.9866, 150.8363, 10485
90.0, 900.0, 583.4893410892369, -6.343474502762614, 153.54628812449297, 5.4565669684514875, 2.2067385305594382, 2.6034055936161968E-6, 8.959380212627102E14, 0.6802835239697473, 0.14236215501901497, 0.018969024731485484, 0.696614887629323, 0.1150262531683083, 1.6499960137974556, 5264.259152621779, 2.053161707133768E-6, 140.20184834898723, 1.3407299554154934E-4, 9.407263399843353E-4, 1.9868147338581376E-4, 39.69011964801859, -0.6199930033984664, -0.010380186353244242, -49.9868, 150.8537, 10485
90.0, 900.0, 616.4218696778213, -6.717974406198715, 157.77773033698892, 5.541073005195423, 2.4955196394336285, 2.624377334767559E-6, 9.065218221125762E14, 0.6818533659893714, 0.1428192130635106, 0.019535803677365293, 0.6954131025528455, 0.1282921330771147, 1.6751583462820951, 5493.104045355327, 1.9675114440312778E-6, 139.83596272115685, 1.3734299832654167E-4, 9.559303630349065E-4, 2.176560354696343E-4, 39.62984378417687, -0.6875784769134952, -0.010415789000350869, -49.9869, 150.872, 10484
90.0, 900.0, 651.2131322018249, -7.115479769825207, 162.1281081922373, 5.628970697182332, 2.825185930956901, 2.6458500452509237E-6, 9.174166003641399E14, 0.6834423509028993, 0.14328485503439337, 0.02011687563666667, 0.6956869602167886, -0.033244478119652476, 1.879337740998626, 5734.100804112827, 1.8846974818044598E-6, 139.44900394527747, 1.4074596520710736E-4, 9.716231151646717E-4, 2.37523387585762E-4, 39.5662509453629, -0.7588150582099349, -0.01045379934059606, -49.9872, 150.8913, 10484
90.0, 900.0, 687.9680368474924, -7.53750742422016, 166.60070823063143, 5.720362471713074, 3.201885337173209, 2.6678226220608193E-6, 9.286273126045508E14, 0.6850494318796049, 0.14375892444972965, 0.020712234909670585, 0.693672368426037, 0.07223557022141654, 1.8196946114033568, 5987.949883136713, 1.8046690808237907E-6, 139.03970784216492, 1.4428609011105185E-4, 9.878126181102934E-4, 2.5888107233799245E-4, 39.499163519358156, -0.8338916781345582, -0.01049438538810797, -49.9874, 150.9116, 10483
90.0, 900.0, 726.7974128892517, -7.985685720945072, 171.1989106674277, 5.815352507133446, 3.632734323679792, 2.6902921779461834E-6, 9.401587893002232E14, 0.6866734457593833, 0.14424122725859723, 0.02132182530032506, 0.6930861280152397, 0.01647591063698217, 1.9232527969799436, 6255.391902488599, 1.7273754262560527E-6, 138.60676834422978, 1.4796747744532193E-4, 0.0010045058521071474, 2.820560306190847E-4, 39.428394936853756, -0.9130062563681323, -0.010537725964665234, -49.9877, 150.9331, 10483
90.0, 900.0, 767.818344879891, -8.461763870875012, 175.92619234118692, 5.914046770045358, 4.125975878713958, 2.7132538732504878E-6, 9.520157512388238E14, 0.6883131099485768, 0.1447315294083177, 0.021945535200836613, 0.6938920451076545, -0.19451315320610463, 2.1825833890522905, 6537.209589837624, 1.6527622653241046E-6, 138.14868590967254, 1.5179390266617843E-4, 0.0010217081662597445, 3.0524270576962574E-4, 39.353749281798784, -0.9963660678410977, -0.010584011062404608, -49.988, 150.9557, 10482
90.0, 900.0, 811.1545257026517, -8.967622121688713, 180.78612983336728, 6.016553058894014, 4.691163898978017, 2.736700622876722E-6, 9.642027987695926E14, 0.6899670114325657, 0.145229551894116, 0.022583189270995785, 0.6930293747712779, -0.19837153578104338, 2.2337617440058475, 6834.230499865268, 1.5807767861202398E-6, 137.66396626403161, 1.5576900679486834E-4, 0.0010394235652350459, 3.284310961272026E-4, 39.27502089187325, -1.0841881223892305, -0.010633442130077332, -49.9884, 150.9796, 10482
90.0, 900.0, 856.9366295498182, -9.503423030081933, 185.78239971746, 6.122981054047872, 5.336153556810196, 2.760622969461263E-6, 9.767243981963618E14, 0.6916336087753048, 0.14573496951987497, 0.02323454462022409, 0.6915361873380734, -0.11468870050113165, 2.1947218313171573, 7147.3293681336345, 1.5113641876144596E-6, 137.1945622369282, 1.5989624088358419E-4, 0.0010576541273930372, 3.516727362168159E-4, 39.194844830869265, -1.1820133966790647, -0.010645607963780598, -49.9889, 151.0048, 10481
90.0, 900.0, 905.3027059524693, -10.062278899427374, 190.91877420995425, 6.233442374437614, 6.060695283692908, 2.785037432937485E-6, 9.895847231945558E14, 0.6933131813039515, 0.14624800652472975, 0.023900063683296308, 0.6913139339878588, -0.15852910639656478, 2.2788936513189, 7477.430831436448, 1.4444711624885778E-6, 136.892046626049, 1.6418431023193825E-4, 0.0010764222552382746, 3.754013508516204E-4, 39.12300229951017, -1.3087480649993877, -0.010478263310538152, -49.9894, 151.0313, 10481
90.0, 900.0, 956.398596049531, -10.644719323784209, 196.19915955245972, 6.348050640771931, 6.891802262945372, 2.8100622994279292E-6, 1.0027883694114622E15, 0.6950128307492964, 0.14677100142015437, 0.024582987583293664, 0.6886981407497634, 0.06020699348164769, 2.0946946076461375, 7825.512005170669, 1.38004200545853E-6, 136.57088654761765, 1.6865893037778344E-4, 0.0010958301877985594, 3.994957246935271E-4, 39.04722574215385, -1.4422804762874661, -0.010303114679725951, -49.99, 151.0593, 10480
90.0, 900.0, 1010.3783723513336, -11.251222161896159, 201.6275647751208, 6.466921545302377, 7.84604913346412, 2.835695553079706E-6, 1.0163397976695372E15, 0.6967312440975886, 0.14730374550050349, 0.02528328090235621, 0.6898028874770954, -0.08037835497982995, 2.2623905257717722, 8192.605548891092, 1.3180187238486435E-6, 136.2297612285338, 1.733263445132904E-4, 0.0011158888399814073, 4.239791866931531E-4, 38.96730961032607, -1.5829579546357682, -0.010119828376978812, -49.9907, 151.0888, 10480
90.0, 900.0, 1067.4048033237184, -11.882201617996381, 207.20811741584512, 6.590172928067617, 8.942686965510138, 2.861933114653176E-6, 1.0302434485501391E15, 0.6984669929784907, 0.14784598901566579, 0.026000848824389716, 0.6877652823083421, 0.1057128523721361, 2.094532195082948, 8579.802752735952, 1.2583441158047496E-6, 135.86730219090887, 1.7819273600391892E-4, 0.0011366079230276831, 4.488784345125652E-4, 38.883039083757645, -1.7311440721791365, -0.009928050189180852, -49.9915, 151.1199, 10479
90.0, 900.0, 1127.6498441935817, -12.537994476577346, 212.94506836755534, 6.717924859509712, 10.204084449465611, 2.8887684876855113E-6, 1.0445038411590095E15, 0.7002185213008139, 0.14839743534226507, 0.026735527109718188, 0.6900237278149441, -0.10294756312650188, 2.3113820374679768, 8988.25683476542, 1.2009593634139997E-6, 135.48197992906924, 1.832639733507208E-4, 0.0011579952631290674, 4.742236187900486E-4, 38.79418988596202, -1.8872193272814881, -0.009727401716780472, -49.9924, 151.1527, 10478
90.0, 900.0, 1191.2951554558115, -13.218844137894772, 218.84279725383732, 6.850299729322038, 11.656241929485564, 2.9161925820847318E-6, 1.0591256224133545E15, 0.7019841460342426, 0.14895773902961015, 0.027487076915739678, 0.6899579230920667, -0.058713334743679804, 2.264517026445528, 9419.186436550224, 1.1458056398592022E-6, 135.07215152324972, 1.8854563007907513E-4, 0.0011800567526155056, 5.000484027227117E-4, 38.7005281397645, -2.0515818588584316, -0.009517475831937558, -49.9935, 151.1872, 10478
90.0, 900.0, 1258.5326506451033, -13.924882078252015, 224.90581844665624, 6.987422341360466, 13.329390008959068, 2.944193289681261E-6, 1.074113623055735E15, 0.7037620431447419, 0.14952649895121078, 0.02825517282932577, 0.6915764624371048, -0.17718033261752253, 2.369239192102424, 9873.879331224989, 1.0928241950884435E-6, 134.63604534999612, 1.9404285679591496E-4, 0.001202795898011144, 5.26389993592909E-4, 38.601810272611786, -2.224648202725972, -0.009297831085964714, -49.9948, 151.2237, 10477
90.0, 900.0, 1329.5650750243828, -14.656106254040305, 231.13878786745406, 7.129420014426649, 15.258686202590832, 2.9727552578070813E-6, 1.0894729207493589E15, 0.7055502478750695, 0.1501032557417076, 0.02903939632750918, 0.6922886630181702, -0.1696983033717462, 2.3371623467141567, 10353.696359715863, 1.0419544940306065E-6, 134.17166387460762, 1.9976013138982686E-4, 0.0012262132219004536, 5.532891420387595E-4, 38.49778298319775, -2.4068540972569794, -0.009067984843242366, -49.9962, 151.2621, 10476
90.0, 900.0, 1404.60661693479, -15.412355826693474, 237.54651074715025, 7.276422688714684, 17.48502506943904, 3.001859452882584E-6, 1.1052099388671965E15, 0.7073466430419697, 0.15068748517863573, 0.029839223494106865, 0.6902579562040647, 0.14514840145236052, 1.987739092712479, 10860.075612621271, 9.931378142635272E-7, 133.67690466989424, 2.0570134838814006E-4, 0.0012503062357904196, 5.807901038520984E-4, 38.38818328293389, -2.5986553472702654, -0.00882740488187677, -49.9978, 151.3025, 10475
90.0, 900.0, 1483.8835536506665, -16.19328152428608, 244.13395056275348, 7.428563037700117, 20.055979435418248, 3.03148258030387E-6, 1.1213467976675908E15, 0.709148940539982, 0.15127858899122548, 0.030654008790561044, 0.6927060673755843, 0.031416545017706084, 2.058393934379002, 11394.53687733271, 9.463138552172985E-7, 133.1493983499858, 2.1186935852015296E-4, 0.0012750682887179609, 6.089405584948968E-4, 38.27273862806645, -2.8005287569568496, -0.008575499158454927, -49.9997, 151.3451, 10475
90.0, 900.0, 1567.634933687028, -16.996124933641628, 250.90653950576066, 7.585976585242945, 23.172716939831105, 3.061596808254629E-6, 1.1378885741462148E15, 0.710954683437737, 0.15187589205334331, 0.031482977198291295, 0.6957933913957653, -0.1694569658685648, 2.2097477281839826, 11958.689015914842, 9.014236544415882E-7, 132.5912344318914, 2.1826636222714075E-4, 0.0013004885575044305, 6.392116343202763E-4, 38.15175656690686, -3.0160561832278905, -0.008285505270386122, -50.0018, 151.39, 10474
90.0, 900.0, 1656.1132976169292, -17.81912731251456, 257.8713398909388, 7.74880182767371, 27.63836307370375, 3.0921735193793094E-6, 1.1548432674427918E15, 0.7127614850713502, 0.1524787188842828, 0.03232532742032937, 0.6959710385128339, 0.0014490225450415446, 1.9854206385521649, 12554.228947709544, 8.584086772970795E-7, 132.00077195500626, 2.2489358942088828E-4, 0.0013265548329545675, 6.705809019968774E-4, 38.024723454796614, -3.24326191582489, -0.007975141259992422, -50.0042, 151.4373, 10473
90.0, 900.0, 1749.5854395722408, -18.660438102321574, 265.03365784790236, 7.91718036063368, 33.202435994076765, 3.123179348761207E-6, 1.1722178085699958E15, 0.7145668020476206, 0.15308631669191097, 0.03318012288598721, 0.6963439195499878, 0.15062832325151115, 1.7818164207533596, 13182.95144428095, 8.172095538116193E-7, 131.3758935265311, 2.317510559262467E-4, 0.001353249860144312, 7.028818642427729E-4, 37.89132688450624, -3.4821199131872396, -0.007647366619563209, -50.0069, 151.487, 10472
90.0, 900.0, 1848.333211724041, -19.517709810012693, 272.3997210335701, 8.091257010445998, 39.957090738164176, 3.154575651444696E-6, 1.1900331561868235E15, 0.7163679223019218, 0.15369784775518863, 0.03404627699220822, 0.7000731596756943, -0.11506758025344742, 1.9951647942872608, 13846.754452522564, 7.777682517555494E-7, 130.71496322238673, 2.3883734303528487E-4, 0.0013805509354052582, 7.36182083927016E-4, 37.75134156673314, -3.733121126046633, -0.007300834167342334, -50.01, 151.5394, 10471
90.0, 900.0, 1952.6543741684168, -20.388008033261404, 279.97647611899094, 8.271179969804205, 48.13553375294039, 3.186318731785401E-6, 1.20830893991581E15, 0.7181619975269707, 0.15431239677457878, 0.03492255942369216, 0.7016011361594723, -0.11961940277778167, 1.9525062657200973, 14547.644972200605, 7.40027187701387E-7, 130.0163517379748, 2.4614935900745395E-4, 0.0014084296923789446, 7.705508943476473E-4, 37.604551528060725, -3.996760222662545, -0.006934015247492711, -50.0135, 151.5946, 10470
90.0, 900.0, 2062.86349278039, -21.267704338800097, 287.7714766589978, 8.45710093757711, 58.010704075515, 3.2183592488155843E-6, 1.2270690452547135E15, 0.7199460276429286, 0.15492896211419668, 0.03580757983200289, 0.7019510959294828, 0.05338311957607104, 1.7402502036427128, 15287.745765067211, 7.039288381484906E-7, 129.2784411146405, 2.5368199424340875E-4, 0.00143685122525109, 8.060584852206211E-4, 37.45075418503171, -4.273532390482392, -0.006545167142259431, -50.0175, 151.6526, 10470
90.0, 900.0, 2179.292887743318, -22.152348367525764, 295.7930134325475, 8.64917526254432, 69.90034982343111, 3.2506418847163025E-6, 1.2463425898996578E15, 0.7217168611482055, 0.1555464523131103, 0.036699778831295576, 0.703801868657308, -0.06874347001994933, 1.8334446521643015, 16069.30259493483, 6.694183119055459E-7, 128.49975070175216, 2.6142809736264146E-4, 0.0014657739151379327, 8.427747245971036E-4, 37.28976519793487, -4.563929499799129, -0.006132294570737558, -50.0219, 151.7137, 10469
90.0, 900.0, 2302.2936356139276, -23.03651472794764, 304.0502710963799, 8.84756209089408, 84.1721615384223, 3.283104852004088E-6, 1.2661934117647608E15, 0.7234711868123659, 0.15616367957283103, 0.03759741460715818, 0.7048196228116599, -0.12808064610250525, 1.8758915157440363, 16894.69206448437, 6.364399119907173E-7, 127.6788383376132, 2.6937784011908216E-4, 0.0014951481044106205, 8.807676537306585E-4, 37.121424228205576, -4.868435541301139, -0.005693104293991317, -50.027, 151.778, 10468
90.0, 900.0, 2432.2366279445723, -23.913619073780502, 312.55351216520864, 9.052424517334252, 101.24868517652085, 3.315679561194378E-6, 1.2866499698322655E15, 0.7252055343696168, 0.15677935637534265, 0.03849855402878949, 0.7046161984446884, -0.003983890875827427, 1.7478795481047, 17766.430125084258, 6.049397454112667E-7, 126.81444094593803, 2.7751865690701515E-4, 0.001524915883747698, 9.201015758179642E-4, 36.9456017409095, -5.18752124164696, -0.005224951705054365, -50.0327, 151.8455, 10467
90.0, 900.0, 2569.513689654834, -24.775696711781283, 321.31539221453363, 9.263929739687686, 121.80293376091483, 3.3482901949220902E-6, 1.3077133753974988E15, 0.7269162698057442, 0.15739209030402654, 0.03940106124809553, 0.7046631818934529, -0.017643989049289505, 1.7706664442450464, 18687.181347143618, 5.748657546686974E-7, 125.90552682580105, 2.858349250246019E-4, 0.0015550103823309524, 9.608346408476174E-4, 36.762207013288524, -5.521637754178077, -0.004724778145814726, -50.0391, 151.9166, 10466
90.0, 900.0, 2714.5387605247665, -25.61313606782033, 330.3460361822059, 9.482249216864448, 145.86318295171685, 3.380858170097351E-6, 1.3294163944422475E15, 0.7285998410991616, 0.15800046988405173, 0.040302721716548084, 0.7048166246708649, -0.1268217128033572, 1.901213381769896, 19659.769049657316, 5.461667587318876E-7, 124.959580564502, 2.943146597004231E-4, 0.0015853594474061724, 0.0010030158058350052, 36.57102411760606, -5.869385331589099, -0.004189037528666979, -50.0463, 151.9913, 10465
90.0, 900.0, 2867.749143372412, -26.38134021914105, 339.63304739359137, 9.707558830125125, 170.2765782426247, 3.4132932619723845E-6, 1.351582913153367E15, 0.7302523269887595, 0.1586029002125729, 0.04120099706577629, 0.7028824181127857, 0.10716315120923925, 1.6992459302308849, 20686.750506765096, 5.188137953651253E-7, 126.61392325664102, 3.0293814439272265E-4, 0.0016158790812559455, 0.0010169309586827693, 36.45134008313607, -6.17474900877673, -0.0033981231598599008, -50.0544, 152.0699, 10465
90.0, 900.0, 3029.6068226792854, -27.050654390046194, 349.1954244690569, 9.940039047571375, 197.0274712248069, 3.449002623611611E-6, 1.3743487388524205E15, 0.732044305333603, 0.15926221529663537, 0.042190247804978626, 0.7021979202482139, 0.05619543947178897, 1.7954560406480968, 21771.47491020137, 4.927564039839865E-7, 128.728014132568, 3.126233674000375E-4, 0.0016498257249001305, 0.0010267915361533543, 36.33655799775646, -6.486252945739702, -0.0024853357168842655, -50.0634, 152.1526, 10464
90.0, 900.0, 3200.5998576399656, -27.589041785693826, 359.04545029448434, 10.17987509182158, 226.74802226489908, 3.4887338825471215E-6, 1.39775745033607E15, 0.7340052562343404, 0.1599910400473386, 0.04329122651198927, 0.7003512431377567, 0.13996658762118547, 1.770451530761921, 22917.2822270028, 4.6795268442458024E-7, 130.9920145529809, 3.236354518555492E-4, 0.0016880223355598357, 0.001036057774696633, 36.21672501134268, -6.8113800964008755, -0.0014605371003226179, -50.0734, 152.2398, 10463
90.0, 900.0, 3381.243853836337, -27.957151891840457, 369.1942636202439, 10.427257110850881, 259.8149036873353, 3.5328125036699823E-6, 1.421836834191754E15, 0.7361413347786301, 0.16079388254269739, 0.0445129843414169, 0.7009358864097129, -0.13505609984322692, 2.1151336682976423, 24127.654120706662, 4.4436277899629705E-7, 133.42120731035342, 3.3614717256694946E-4, 0.0017309233043020123, 0.0010445097940883922, 36.09175113600952, -7.150329168437875, -3.0681887557050086E-4, -50.0844, 152.3316, 10463
90.0, 900.0, 3572.0835179741102, -28.106693397990558, 379.6545593951846, 10.682380351995674, 296.72803471842406, 3.5815715540540166E-6, 1.4466230486728985E15, 0.738457288506095, 0.16167511410358068, 0.045864761979208635, 0.6992235791590105, -0.06012143519263429, 2.1144739386160727, 25406.26811470613, 4.2195309989731934E-7, 136.03310570817754, 3.503538589546935E-4, 0.0017790229453516764, 0.001051875865131921, 35.961569858364555, -7.503228786984398, 9.954350038851644E-4, -50.0967, 152.4282, 10463
90.0, 900.0, 3773.6943003697093, -27.978440336832268, 390.4414138535161, 10.945445339142609, 338.1711373480506, 3.635352365286778E-6, 1.472164168839224E15, 0.740956368362965, 0.16263895762206193, 0.04735599614417271, 0.6987810331438947, -0.126981288367886, 2.2496571055211256, 26757.006693535084, 4.006921427848559E-7, 138.8475804962243, 3.664766215019409E-4, 0.0018328602193779585, 0.0010578226589216886, 35.82614391817915, -7.870121778229096, 0.0024689935043351653, -50.1103, 152.53, 10463
90.0, 900.0, 3986.684130140219, -27.49978409834471, 401.5735558393626, 11.216658053141357, 385.09802799801037, 3.694502007279314E-6, 1.4985268872183102E15, 0.7436401123249087, 0.16368942059971095, 0.048996234942944084, 0.6975345229023832, -0.017352687406434454, 2.1880554368110516, 28183.965821695016, 3.805538817722249E-7, 141.88730918865144, 3.847660424419683E-4, 0.0018930222717092825, 0.0010619441458753437, 35.685472122116586, -8.250946542788714, 0.004140308883843371, -50.1254, 152.6372, 10463
90.0, 900.0, 4211.695248328613, -26.581721987857463, 413.07530997771335, 11.496230115498507, 438.8531014908105, 3.7593704505157276E-6, 1.526572881092218E15, 0.7465081572854321, 0.1648302276725201, 0.050795041696546944, 0.6977106557938179, 0.003984970805815822, 2.1788964472403767, 29691.462432823435, 3.615175041567909E-7, 145.17811408199842, 4.055057573065634E-4, 0.0019601472929958717, 0.001063749122558231, 35.53959734996493, -8.645514803726963, 0.006040156055309391, -50.1421, 152.75, 10464
90.0, 900.0, 4449.406144491795, -25.115141681937676, 424.7908404220882, 11.784378975427103, 484.2582614707027, 3.830306875986626E-6, 1.5548513844726398E15, 0.7495580660067008, 0.16606474478745933, 0.05276187235445792, 0.6990789364625098, -0.009775200075692134, 2.1574775018968855, 31284.040330888805, 3.4356907035190176E-7, 148.74940437389637, 4.2901642119634066E-4, 0.0020349271800412503, 0.001062647420069288, 35.38861592462581, -9.053484751325755, 0.008204414609487672, -50.1606, 152.8687, 10466
90.0, 900.0, 4700.533602590965, -22.966220715715238, 436.7546153809138, 12.081328100342366, 524.6112055031724, 3.907660642738558E-6, 1.5826260090769015E15, 0.752785409100181, 0.16739599154389415, 0.05490607956209734, 0.7016909548675522, -0.06256114573705114, 2.1276777888902703, 32966.4738606555, 3.26700540098884E-7, 152.63463605718613, 4.55661352560322E-4, 0.0021181148068097956, 0.0010579349706357952, 35.23268611815015, -9.474302924713696, 0.01067504139985568, -50.1811, 152.9937, 10468
90.0, 900.0, 4965.834862353401, -19.50999933582203, 448.9779594048365, 12.387307169909112, 560.3630364682227, 3.99177083492715E-6, 1.6100437644187585E15, 0.7561834240385391, 0.1688264641612587, 0.05723659815025994, 0.7037121935956353, 0.09865756756465777, 1.854824319012588, 34743.72722795378, 3.1105563576758584E-7, 154.82367325598722, 4.858461492318436E-4, 0.0022105576363121568, 0.0010481528898016322, 35.144253460854294, -9.676368802578871, 0.0152378133329863, -50.2037, 153.1253, 10471
90.0, 900.0, 5246.109902622958, -14.624605926620902, 461.4622873480813, 12.702552273760283, 590.678077695295, 4.079724647204976E-6, 1.638858592449575E15, 0.7596188092043052, 0.17030404095565263, 0.05967218599219684, 0.7070426444237922, 0.06502756070373905, 1.7886532149001089, 36620.83667097391, 2.96612703233567E-7, 157.04934822660675, 5.187877846170314E-4, 0.002309456918573346, 0.0010299539462798484, 35.05485269463147, -9.871051336160996, 0.019739756377525033, -50.2281, 153.2639, 10476
90.0, 900.0, 5542.203853584376, -13.865711431084842, 472.0986209549753, 13.027306113018758, 349.0717007650351, 4.171352275079426E-6, 1.646339199391873E15, 0.763075961940599, 0.17182427432562197, 0.06220759417697416, 0.7095959216878859, -0.0944261473084432, 1.8998345828327154, 38584.84160105694, 2.817479006399904E-7, 166.1968729896223, 5.504344612991868E-4, 0.002414426381303373, 7.599555528799313E-4, 33.97576952360649, -12.790165132033739, 0.0049773785220752174, -50.2544, 153.406, 10477
90.0, 900.0, 5855.00954513516, -12.389538142400523, 485.3243749932417, 13.361818205766594, 385.1832962675844, 4.276573946713084E-6, 1.675893905917345E15, 0.7669009872541903, 0.17354707555341425, 0.06511631114149924, 0.7093754589375735, -0.060572194577466244, 1.8989858193080345, 40679.71449362069, 2.676905055298226E-7, 166.5653678478585, 5.934431944095727E-4, 0.0025379066454269657, 7.728711233065946E-4, 33.890134176079044, -13.05374994829163, 0.007256907876563469, -50.2904, 153.5559, 10478
90.0, 900.0, 6185.470199089264, -9.87813234526046, 498.87659289275416, 13.706345096616612, 415.9138222843521, 4.383552820182702E-6, 1.705949058162829E15, 0.7706398190245526, 0.17527457888807207, 0.06807002055313516, 0.7076565867695066, -0.04807798463161095, 1.9935476278660405, 42893.10777716993, 2.5464296302958994E-7, 167.1464063637188, 6.394190535678224E-4, 0.0026667112963672836, 7.825033856242404E-4, 33.801808581697415, -13.324135048424951, 0.010266178667484947, -50.3292, 153.7139, 10481
90.0, 900.0, 6534.582273330549, -5.918201003212144, 512.6889447516363, 14.061150570551277, 427.9217074818579, 4.491334764105675E-6, 1.736148429381405E15, 0.7742625296762214, 0.17699162509440047, 0.07104180872620952, 0.7053560667380561, 0.05980194445089121, 2.009422956828036, 45231.49920010887, 2.426824413829212E-7, 167.98228941936324, 6.880811310926639E-4, 0.002799865911522976, 7.867285612137167E-4, 33.71124910927256, -13.60142965288159, 0.014142326254067587, -50.3711, 153.8806, 10485
90.0, 900.0, 6903.39846649217, 0.3348428353098054, 526.6371549057269, 14.426505871203055, 390.63482005825836, 4.600217942433081E-6, 1.7653819321346135E15, 0.7777837170846351, 0.17870341369883974, 0.07403938484269257, 0.7049341611131289, 0.03060973401488981, 2.115749874697482, 47700.69713205046, 2.3201080903000526E-7, 168.76458965377287, 7.396830226866958E-4, 0.0029379370906483823, 7.763053865028534E-4, 33.665317088730795, -13.781163840195704, 0.019891629030954965, -50.4162, 154.0564, 10491
90.0, 900.0, 7293.030892222075, 9.7112794628283, 540.6852266022252, 14.802689923758784, 251.15934755174845, 4.709862717649168E-6, 1.7918868151787282E15, 0.7811967968501556, 0.18040504286142206, 0.07705291506316742, 0.7059277721727631, 0.022673283340436255, 2.1169175670295552, 50305.88684174209, 2.2280675029459455E-7, 168.91321028929488, 7.941746704270237E-4, 0.003080712241675038, 7.394726402486598E-4, 33.718896663839686, -13.735047368981645, 0.02714448201124529, -50.4646, 154.2421, 10501
90.0, 900.0, 7704.654432606167, 22.033734544038747, 555.3951773138946, 15.18998956267843, 84.29014897889445, 4.818902477149427E-6, 1.8182648081157895E15, 0.7844663144195, 0.18207621240071523, 0.08004450425871937, 0.708598515010117, -0.060874165387000856, 2.1190166390946095, 53055.31158774194, 2.1491128066242913E-7, 169.10869352011454, 8.509420366251732E-4, 0.00322646375015717, 6.865045758575076E-4, 33.76867848182953, -13.673004558056597, 0.03316123424913872, -50.5154, 154.4388, 10513
90.0, 900.0, 8139.510280860919, 36.992350531505615, 570.8047906197856, 15.588699764425687, -13.5594215359916, 4.927187985612587E-6, 1.8497895250390502E15, 0.7875968505582915, 0.18371590842204055, 0.0830098743491322, 0.711030673609379, 0.02526688329595283, 1.9233991221815283, 55956.542057630184, 2.0813457801929595E-7, 169.3462412975746, 9.099178319018934E-4, 0.003374945228912451, 6.168964227506535E-4, 33.812305230221654, -13.594938088424461, 0.03777211882820622, -50.569, 154.6471, 10528
90.0, 900.0, 8598.909683977923, 54.08830088261601, 586.7704388446897, 15.999123885414583, -143.14267314465715, 5.034527456830943E-6, 1.8836020657610658E15, 0.7905916940289602, 0.185322498983963, 0.08594365805247836, 0.7134424481535179, 0.02575358308276084, 1.8407835128338796, 59018.016383846705, 2.0224060538641075E-7, 169.61805980081346, 9.710021259034976E-4, 0.0035258031877071086, 5.311927186473951E-4, 33.84691894517019, -13.500710550046673, 0.04073729159984741, -50.6252, 154.8677, 10545
90.0, 900.0, 9084.237896605802, 71.13366253988875, 603.3986146536463, 16.42157390538238, -313.1162000538857, 5.140802486352609E-6, 1.919496330463082E15, 0.7934560931517538, 0.18689547109760687, 0.0888425665210619, 0.714453013197876, 0.05316606593978455, 1.7948122887953248, 62249.58465313525, 1.965384028291041E-7, 169.88941406264757, 0.0010341552427957294, 0.0036785280647849018, 4.3267538468136845E-4, 33.873111013437715, -13.278195534192356, 0.03879753635225482, -50.6841, 155.1012, 10562
90.0, 900.0, 9596.958358091866, 85.60621680383187, 620.8451864338908, 16.85637067640485, -533.6568140908686, 5.24606556220879E-6, 1.9582245137187958E15, 0.7961994025562714, 0.18843678740196904, 0.09170801754644894, 0.7143550629660875, -0.025100868010842062, 1.9211080142989243, 65662.86858530197, 1.9032424858149236E-7, 170.12010314592473, 0.0010994559569764049, 0.003832749855630924, 3.292776245779153E-4, 33.87764055099187, -12.892236177862866, 0.032057701338927796, -50.7454, 155.3484, 10576
90.0, 900.0, 10138.617105278781, 109.00672216630507, 637.1495473207804, 17.303844177775524, -200.2090870427728, 5.350625828495394E-6, 1.988770126291255E15, 0.7988365243455523, 0.18995199605287583, 0.09454841047303147, 0.7133404431426076, -0.025179414842947563, 2.0093373505276397, 69285.59607961163, 1.867060425542363E-7, 170.49343738050698, 0.0011585057711578687, 0.0039904840361582785, 3.426412141411736E-4, 34.00173799561457, -15.145941252231982, 0.047188619470201434, -50.8082, 155.6094, 10600
90.0, 900.0, 10710.847434362446, 131.2975783092825, 655.2532992112504, 17.764333776975644, -403.358734310086, 5.454869245347312E-6, 2.0274855474770825E15, 0.8013826814616322, 0.19144749259881869, 0.09737417732026551, 0.7124204405485268, -2.404027265306355E-4, 2.0718727172183735, 73097.40068689744, 1.8285576437521656E-7, 170.84985327864115, 0.00122806385522577, 0.004150891315521725, 2.5982927582592774E-4, 34.124500536821394, -14.801136825862262, 0.043101830027901814, -50.8862, 155.8866, 10622
90.0, 900.0, 11315.374825868234, 150.90045227409286, 674.4657406273487, 18.238188496966593, -716.0769359373738, 5.55738936283947E-6, 2.0703462586249395E15, 0.8038097465398253, 0.19290406171235697, 0.1001472489336766, 0.7125640871312939, -0.05753210086948146, 2.1784673282496128, 77123.05992489809, 1.7836750853737603E-7, 171.1637707353838, 0.00129926506732391, 0.004311495639054161, 1.5628640191612042E-4, 34.23701436627065, -14.28215284971783, 0.03673515862489663, -50.9668, 156.181, 10642
90.0, 900.0, 11954.022147596195, 166.17438583971744, 695.3515550698287, 18.725767290041457, -1160.7396830991838, 5.6589246121467E-6, 2.119970879339027E15, 0.8061416895659267, 0.19433323043206133, 0.10288773164219547, 0.7131347405108387, -0.014602111625544454, 2.130514501051473, 81379.80642584866, 1.7290095684187732E-7, 171.40868408313582, 0.0013726336442436292, 0.0044729980353576775, 3.629951938234192E-5, 34.31874530961919, -13.580401625451705, 0.028386548833224827, -51.0488, 156.4935, 10657
90.0, 900.0, 12628.715151223962, 176.64082636929848, 718.1404332238551, 19.227439318477092, -1694.2704482525578, 5.759983708574665E-6, 2.1769887167041655E15, 0.8083949152124168, 0.1957428883262257, 0.10560939406236322, 0.7147365116154129, -0.04907727191137649, 2.1118166580791646, 85886.42440692989, 1.6643800728274354E-7, 171.57670540067215, 0.0014485976825132619, 0.004635975713308316, -7.265639329121412E-5, 34.34107668120527, -12.821861950041605, 0.020147078592177996, -51.1313, 156.8248, 10668
90.0, 900.0, 13341.488279141591, 184.5120841937672, 741.1393752038805, 19.743584242232753, -2122.422176734452, 5.861146578006714E-6, 2.23274049390099E15, 0.8105857016868627, 0.19714161069216668, 0.10832780777068635, 0.7165787130309911, -0.03354563354398164, 2.0185988899127367, 90651.89772925389, 1.5963079284383174E-7, 171.70315567374075, 0.001527535250165978, 0.004801644778081785, -1.3045498830229228E-4, 34.24278446016022, -11.9418520483058, 0.015843395607382196, -51.2135, 157.1753, 10675
90.0, 900.0, 14094.490799028066, 203.380401011856, 756.5711908676888, 20.274592513946107, -1608.4694204575667, 5.962688581563701E-6, 2.249919345780041E15, 0.8127223668982849, 0.19853351218113421, 0.11105025754689632, 0.7183258601015625, 0.0040856603693900165, 1.9102106078936467, 95672.93563374974, 1.558362988409002E-7, 172.00621400781816, 0.0015980316722536939, 0.004972920741700693, -6.363024899618765E-5, 35.62060575436517, -12.50789981214042, 0.03002690087608488, -51.2945, 157.5589, 10694
90.0, 900.0, 14889.993284667378, 222.61460664782987, 780.3474682378306, 20.820865681482125, -2065.156806185882, 6.0641267803604416E-6, 2.305599905240013E15, 0.8147971577516361, 0.1999123003423817, 0.11376370678547873, 0.7195482488875883, 0.02485922465322652, 1.85295076930818, 100995.18905642092, 1.5220102639802329E-7, 172.31587619456323, 0.0016820727963577007, 0.005147219703275311, -1.3761791140368427E-4, 35.69923521665862, -11.466119717874285, 0.029322247231653623, -51.384, 157.9661, 10714
90.0, 900.0, 15730.394462546212, 239.37268331415297, 802.8823527594451, 21.382816698295102, -2281.5383619868426, 6.1651899084287944E-6, 2.353604728914201E15, 0.816807444914996, 0.20127472606562702, 0.11646088718656866, 0.720045319797673, -0.02747268414527182, 1.9149640243062342, 106611.6220702567, 1.4809141789853888E-7, 172.58605978837764, 0.0017687009234379292, 0.005323514893173829, -1.5102277635961197E-4, 35.630365821878044, -10.287349194370764, 0.025260781522154854, -51.4707, 158.3978, 10730
90.0, 900.0, 16618.22844487818, 252.63277358137015, 825.1499161046261, 21.960870241869003, -2399.522747763081, 6.265726696663205E-6, 2.398464924948732E15, 0.8187533063934096, 0.20261923388857217, 0.11913779596963908, 0.7196760911432724, 0.033389639832587296, 1.9032287432015176, 112538.0253868732, 1.433337226501972E-7, 172.80008840387214, 0.0018579886464228795, 0.005501255107766508, -1.3565178152002814E-4, 35.50972118898599, -9.069371520463966, 0.02043387979268461, -51.5529, 158.8536, 10744
90.0, 900.0, 17556.172370864788, 262.5889872422047, 843.8966366610317, 22.55546304050624, -1922.273343745624, 6.366078665287981E-6, 2.426316178021761E15, 0.8206441059198472, 0.20395082010858834, 0.12180354957973988, 0.7193332979743411, -0.037158331760684796, 2.0418281847222555, 118782.90770351677, 1.3805244740641933E-7, 172.9609658413011, 0.0019501387999528578, 0.005680979297923847, -3.163685114657735E-5, 35.23032646013069, -7.869628906928137, 0.01629381745414653, -51.6295, 159.334, 10753
90.0, 900.0, 18547.054479234266, 269.29431283950476, 862.5522744939062, 23.16704420874018, -869.610537950687, 6.466652296631672E-6, 2.452669987823657E15, 0.8224895406932027, 0.20527517221564925, 0.12446890454648343, 0.7188295009551685, 0.04444486976351852, 2.0214802888126355, 125418.94999298175, 1.3225154856510712E-7, 173.06938915791704, 0.002045626179975982, 0.005863355820484644, 1.268858877487524E-4, 34.870727290579715, -6.633585187095434, 0.012628924180232412, -51.6997, 159.8383, 10760
90.0, 900.0, 19593.862636399903, 292.7752657066338, 885.6353626823816, 23.796075591651995, -390.4593220565611, 6.568663401839273E-6, 2.4973056805147265E15, 0.824312698971424, 0.20660834019766156, 0.1271658911612079, 0.7190585181297141, 0.021775919540012966, 2.076762943200263, 132416.2637701612, 1.3043335668901062E-7, 173.44883874104397, 0.002129304114076974, 0.006055070176174799, 1.3845484966247903E-4, 37.2033906992785, -6.893258612282964, 0.02848080231399518, -51.7621, 160.4057, 10784
90.0, 900.0, 20699.753345953326, 306.149250152137, 910.5531414727905, 24.443032118377882, 628.172605969838, 6.670255060250576E-6, 2.54821789625389E15, 0.8260815800758562, 0.2079261856601235, 0.1298452889047534, 0.7198955522393427, -0.029246734627351882, 2.120424006585206, 139860.86594157846, 1.2637720322544077E-7, 173.6655531958391, 0.002231059878895557, 0.006246918107713034, 2.2172241116959803E-4, 36.92262057367229, -5.970797222257463, 0.01833722048120444, -51.8307, 161.0026, 10797
90.0, 900.0, 21868.061266659624, 306.93916605867025, 942.8985189626736, 25.108402165098465, 2582.4302062533993, 6.772193984199688E-6, 2.6277696347186175E15, 0.8278114134097806, 0.20923893483493436, 0.1325272997065375, 0.7211154286936469, -0.04585349558628063, 2.0945449535603085, 147859.61705695136, 1.1971021554460843E-7, 173.67841245431458, 0.0023371306062377434, 0.006439505390639125, 3.6369042865923203E-4, 36.57520072769496, -5.3177112083293645, 0.007115435204843143, -51.8935, 161.6291, 10798
90.0, 900.0, 23102.30926765446, 301.5222058983891, 997.7258985924789, 25.792687927808057, 5958.4154631417605, 6.876336753674603E-6, 2.791621819893286E15, 0.8295338053248836, 0.2105704013991461, 0.1352604986856136, 0.7224432142281542, 0.04373379265057188, 1.9433048706315603, 156658.60328704605, 1.1182896559500494E-7, 173.59070219942433, 0.002449313556922928, 0.006637746900898519, 5.737964622732721E-4, 36.20268407293312, -4.783539432244965, 0.002250206622481535, -51.9526, 162.2855, 10792
90.0, 900.0, 24406.219051163243, 300.55461072350585, 1109.099333496319, 26.496405805167655, 11557.954438102364, 6.985076464925515E-6, 3.1530336268480545E15, 0.8312857529047617, 0.21195049945152056, 0.13810699158317113, 0.7240153752730835, -0.03989310552335036, 1.96884446778488, 166853.59996223002, 1.0479038949731363E-7, 173.56918387395461, 0.0025697482796876387, 0.006849095280622345, 8.800700776195596E-4, 35.78245526855452, -4.448308128817218, 0.00610726811312643, -52.0087, 162.9725, 10791
90.0, 900.0, 25783.72237477368, 321.33313623715355, 1276.5242461083876, 27.22008679175184, 18231.080089504765, 7.101279479502869E-6, 3.684059877630211E15, 0.8331075839906598, 0.21341418711625212, 0.14114052852863798, 0.725079784343572, -0.004310523622170226, 1.9037489741632792, 179235.24107215807, 1.0190476497686084E-7, 173.0791864718547, 0.002700468408435692, 0.007084341417144159, 0.0012528480279653499, 35.75025484651801, -4.563724923753832, 0.022163065133067563, -52.0639, 163.69, 10812
90.0, 900.0, 27238.972907100877, 343.01590638579665, 1467.4366046953714, 27.96427688200661, 24979.227752741608, 7.2238505018940605E-6, 4.2644343370981625E15, 0.8349752294529195, 0.21494597811366378, 0.1443309635475999, 0.7254639653167232, 0.03731368229951541, 1.8791398511137118, 193615.87746468268, 9.874621223218336E-8, 170.6153369345044, 0.0028430048139651077, 0.0073369258416314705, 0.0015785193178294893, 35.91184712355927, -4.76569803459092, 0.022230691317161162, -52.1236, 164.4481, 10834
90.0, 900.0, 28776.35875259413, 349.76032290196537, 1638.8374280090254, 28.729537485241842, 30824.566457795347, 7.339942492735322E-6, 4.762273506932484E15, 0.8366951670193626, 0.21638566537817172, 0.14734389268457215, 0.7253899930071203, -0.009470548796209611, 1.9773238367210104, 193615.87746468268, 9.874621223218336E-8, 163.15179440961123, 0.0029840343028864156, 0.007576542245124547, 0.002554391749140225, 36.24155281043757, -4.939641796623457, 0.01196157717432881, -52.1896, 165.2536, 10841
